sgRNA,Normalized efficacy
CTTGCTCGCGCAGGACGAGGCGG,0.16401994504229
ACATCAGGTTACCTCTACCAAGG,0.311195584965206
CTGATGCCAGCTAGTGGGCGAGG,0.179397485734519
CTGTTTCCCATCCTTCCGGGTGG,0.498711690078842
AATGTATGCACAGGGAACAGAGG,0.233023400049628
CCAGACTCACCCGCTTGCCCAGG,0.250399255387305
CATCAGACGCCTCCAGCCGCCGG,0.145469357169595
CCTTGAACTTGAGCAACAACAGG,0.0354253786893117
GGCTTCTTCCAAGCGACCCAGGG,0.378050339405332
GCACGAGGCTGGGTCGAAGACGG,0.0338810604088427
ACTAAGGGCCGAAGATAACGCGG,0.397212212545299
GAGGTTCTGTGGGCACAACGTGG,0.092635002010394
CATAGAACCAGTCCAACACAGGG,0.19930207670392
GGATGCCACACTTCAGAAGCAGG,0.0812191190427452
GCCCTTGAGGGTGCCACGAAGGG,0.218053382869437
CTGATGATGAGGACCGACAGAGG,0.324573759044359
TCCAAGTCACCAATGCAAGCTGG,0.119585573508776
AGTGATTCTCGAGGGAGACCGGG,0.434704375554704
ACGTTCTTGGCCCTGAACACAGG,0.700296943376492
CGACCAGGGCATTGCTGAGCTGG,0.212699471105428
AGTCATCTTCAGTTCAGCGAGGG,0.304490164478214
GCGGCGGCTGCAGCTACGAACGG,0.0953544146408177
TGTATGGTCCACAGGCAACCAGG,0.195947844728998
CCCTTGCAGATGGCCGAGGCTGG,0.12878204797
CGGCAAACTTCACATGAAGGTGG,0.221989733345144
AGTGATGAGCAAACTGGAAGAGG,0.331334469598591
AGCTGTTTAGCCAGCAACACAGG,0.253980585064878
TGAAATTGCCAAAGCCGAACTGG,0.166767708384482
GCCGAGGCATGGACATCGAGCGG,0.358416065633545
CCTACACGTGAAACATGCCAGGG,0.326940530204233
ACTGGAACTGCCTCCTACCATGG,0.542198719761444
TGCTCTAGATAACCGAACCCTGG,0.827454728120065
CCTCGCCCACATAGGCAGCCTGG,0.108996667073137
ATTCAGCTATACCCTGGAGGAGG,0.212742084442322
TTCTACGCCAGCCGCCACAGTGG,0.304192358835581
GGAGGGCGAGGAGATTGCCCGGG,0.608455681719594
GCAGCACCTCAAGGCCAAGAAGG,0.295343965320065
CACCTACATCTCCGTGCCCAAGG,0.0730248802392623
AAGTTCCAGGGAGGCCGCGAAGG,0.394772296139656
TGCCCGACGATGTCCGCAGGCGG,0.397580119969595
CGGGTCCTGTTTCCCACAGGCGG,0.0650200363754885
GGTTAAGGAAATGACCAACCAGG,0.166754623627275
CGCATCATCTGGTAAAGCAAAGG,0.373431739614736
GGTGGCGACGATCTTCCGCATGG,0.379949934592948
GCGGTAGCTACTGCACCAGCCGG,0.395364863962071
GCTGAGAGAGATGTGTACACTGG,0.605075326442478
TCCCTCGGTAGCCTTACGCCAGG,0.583314615888873
TGGCGAACTGGTCCTCCAAGGGG,0.358863205230754
TTTCTCTGTGCACACCGCCACGG,0.0934735368978709
TGTTCAGGCTGGCTAGACGGCGG,0.284518468977746
AGCCACCCAGAGAACCCGCAAGG,0.201059743794046
GCCCAGTTCGTGGCTCGCAATGG,0.164187134175205
CGGCACATCGTAGAGACGCACGG,0.772815229687464
CCACTCGACGGAGGTCACGGGGG,0.467196538564108
ATACAACTGCTTGCAACAGGAGG,0.123612421531506
CCAGCCAATGTATATCCAAGTGG,0.418042933548434
TCAGGGTGCCACCTACCCGCTGG,0.158217528538874
CGTCAGCTGTGCCCGCCAACAGG,0.084775141472278
TGGCCTTACCTGAGTACGGCAGG,0.0478287224719242
ATCCGCCATACCAGGCAACGGGG,0.222313662289344
CGCAGCCCTGACATCGCGACAGG,0.0657545322942646
GGGCCTTGGTTTGGCAGCCATGG,0.135364047907935
CAGACTCGCCCGAGCTCACCTGG,0.223298941907682
CTGCAGGGATGTGCACGGGCAGG,0.104779701997181
GAGACTGTACTGAAACAGCAAGG,0.204351279844203
AAAGGCCTCCGTTCAGACCCAGG,0.244500613798779
TTGCATCATTGGCCGCACACTGG,0.61776820774389
AACACAACAGCTTCTGGGACTGG,0.0849893525486228
TGGCTATACCTTCTGTGGCCTGG,0.110964883853603
TTGCGTGGGTTCAAGAAGAGTGG,0.0596051070069292
ATTGAATGAACAGCGAGAGCAGG,0.320947844728998
CCTTTAGGGTAAGCCTACAGAGG,0.342551815470691
TTTCGTTGGTCCAGGCCAGGAGG,0.0551245295833882
TTCAACAACCAAAGCTCGAGTGG,0.0782175285384979
CCATAGATACACGAAGGGCCTGG,0.0872561910253945
CATCGTGGATGGACACAGCGTGG,0.152849621113324
TCAGCCTACTATTGAGCGAGTGG,0.474803644102039
TAGTCCTTGAGTAATCCCGCAGG,0.662039798751569
CTAGATATCGGTCCAGGAGCAGG,0.0700017731702875
CTCCACCGACGAGGAGAGGCTGG,0.236263505549532
TCGGCTTCTTATGCACGGAAAGG,0.0875779387728853
AGCCCTACGCATGTCTCCACTGG,0.0866396810984979
AGGTGCAGTATGCTGTAGGGTGG,0.457433829479313
GGACATTATCAACCCGGACAAGG,0.175500705131978
GCTGCAGGATGCTGCACAAGGGG,0.327465177441695
AGTACGATTTGCATCAGCCCTGG,0.130953069389625
CGCCCAGGAATAGTTAGGAGAGG,0.332773432404705
CAAGCTCGAATATTCCCAAGAGG,0.360127573046866
TGTTCACTTACGTTCCGGACGGG,0.21805338286881
ACGTTTGGGAAAGTACCAGGAGG,0.354100496145144
GCTGCATGACGAGATCAGCATGG,0.516428513485738
CACGACCAGCCTCGACAGCGGGG,0.0851693703298132
GAGGAAGACAAAGTTTGCCAAGG,0.616553905335268
GGACCTCATGCAGTAGGCGCTGG,0.116023171171727
GCTGGTACGAAGTGCCAAAGTGG,0.206809913694515
TGCTTACCCTTAATGCCACCCGG,0.318672330101868
AGCCACTGTGAGGCGGGAACGGG,0.0655425024151124
CTGCTGACAGAGGCTCAACACGG,0.450707510350942
ACACAACTCGATGCTTACGGCGG,0.0804253786893116
CTACGTCTCCATGATCCAAGAGG,0.140777612132604
TCTAGATGGTTGGCAGGCACAGG,0.473557131464266
TAGCGACTGGGTCTCCGCGGCGG,0.166423288825111
CCGGCCACTACGAACTGCCGTGG,0.214265504080722
TTGATTCTGAGATCTCCACGTGG,0.14411921359044
GCTGGCTACCCTATCTGAGGAGG,0.166783790392509
TCGCAGAGCAAGCGCAGAGGAGG,0.300744082973512
AAGATGGCGTCCCGCAAGGAAGG,0.412389850998591
TATTCGCCGAGCTGTTGAACTGG,0.133136569408513
AGAACTTCTACAGGTGCGGCGGG,0.0979562955185606
CAATCTTAGATGCTCTCCGAAGG,0.467162147138247
GGCCTTAAGTCTTCTCCACATGG,0.139241561975865
GGAGCTTACCAAGGTGAGGATGG,0.35072536552947
GGCGAAACCCGTGGGACCAGAGG,0.286073236578528
AGGCCAACTCTTCCGGCGAGAGG,0.112218802348901
TTCTCGTACTAAAGAGGGAGTGG,0.169084006110694
GCAAGCCGGCAAGATGGCGGCGG,0.460195493631819
GCGGGAGCTCAAACGCACGCTGG,0.421350143579155
CTGCCCGGCGCAGAGAGGAAGGG,0.169929035951569
AACCCACCGTCCAGATCGGCAGG,0.28881380395903
AGAGCTTCAGGTGATGACGATGG,0.145468541115835
AAGTGAAGCTCTGATCCCGGTGG,0.282421198960973
AAGCCTAGGGCCTCAAAGCCTGG,0.0633873531075728
TGAAGCCGAAGGTGGCAGCATGG,0.162217437205299
TACTGAAGTCCGGGAACCCGCGG,0.126418064164923
ACGATGAGCTCAATCGGCACTGG,0.447901867717713
AGCCTGTTATCCACCTCCAGAGG,0.150558176395927
CGGTTGCTGAGGTAAGCCCAGGG,0.605937395407995
TGTCACCATGCCTTGCAACCTGG,0.265960475247338
CCACAGGACCAAACATCAACTGG,0.0457096915479023
GAGCGCAGTTGCTAACAGGATGG,0.603578030106272
ATGCCGAACCAATTCTCCACTGG,0.233525783501883
TCACCGGCAGTGAACTCAGGGGG,0.444257235957056
CTCCAACAAGTCCTTGCAGAAGG,0.0770763713747662
CCCAGGAGACAGTGTCCGCGAGG,0.109649085487213
CATCACCTGGATGAAGCCAAAGG,0.211162055805487
ATAGTGACACCGATGGGCCAAGG,0.171846486317713
TAGCTGTGATGCAGTTGCGGAGG,0.184016901579626
CATCGTCCATGGCCCACCAGAGG,0.118155496749206
CAGATACCGTTTCCCTGGCCCGG,0.143066013386523
ACAGCCAGGGTTCCACAGGGTGG,0.110547727075551
CCGCGGCCGGTTACCTAAGGAGG,0.308790059984797
AGCTATGGTGGAGAACACACAGG,0.385535096557838
GCACCTGGACATCAGTAACGCGG,0.248301123104391
CTTACCAATAACTCCAAGGCTGG,0.0292102140138585
TCAGGTCGATACGGCCGGAAGGG,0.103753487362227
TGCACTGATGTGATGGCCCGGGG,0.315038753819907
AACGCCAGGCGGATCTCAGAAGG,0.160430195322827
ACATGCCGAAGGTATTGCCCAGG,0.320307392696868
AGATTCTTTGGATCGGAGGCAGG,0.183348401157041
CTACATACCTTCTGGCGGCCAGG,0.188593960195912
TGTACAAGAACGCCCGGGAGAGG,0.122919722895865
ATGGATTAGCATGACAGACCTGG,0.474299033241068
TGCCGAACACTTCCTCGCAAAGG,0.12347420103345
GAACATCGTTCTCAATGGCAAGG,0.352104675874297
AGCTTACCCTTCGTGCAGGCTGG,0.0202790881981518
CAAGGTCAGAAAGCCGGGAGTGG,0.157975012963481
GGACAAGAAGCGTATGGACAAGG,0.301498615267401
GGGCGTGCTGCGCTTCAGGAAGG,0.0533690436899713
ATTGTGGAGCGCTCATCGAAAGG,0.00543582801008283
AGTCTGTCGCAAACAGCAGGTGG,0.161856935638089
ACTGCACGCACTCGTTCCCGCGG,0.44606801191834
GCTATGGTCTTCAGGAGGCCAGG,0.404382627806586
AACCGAATAGAGAGAGCCACCGG,0.300913453303764
GAAACAGGAGGCGGTAAAGGAGG,0.0730795061710044
TACCATGTTGGGCTCCCAGAGGG,0.253807915163325
AGTGTTCTCTCCGTTGAGCATGG,0.0990721916464276
CTTAGCATCAAGAAATCGCCAGG,0.344991731876334
TCAGCTCCTGTAACATGGCCTGG,0.0392864027227286
AAGTCAGGCGTTCCTACAGCCGG,0.207306256431819
TCTTGCAGGAAGCCTGCAACCGG,0.258027259566616
GCAGTTCCAGTAACCTCCGGCGG,0.430958294049374
TCAGGTGTCCGGCCGAACGACGG,0.147389850998403
TGGCAGCTACTGGTAGCACCAGG,0.181352324777119
GGAGGTCTGGTCCTTTGAAGCGG,0.287663714536366
TTTCTACTCTCTTGACAGCCTGG,0.117486332191523
CATCATTGATGTGAAGCCGAAGG,0.261153787681194
AGGCAGCTGCATCACCCGCCTGG,0.150015475850566
CAGCAGAATTTCCCTGCCAGAGG,0.373471355700785
TGTAACAACTTCTCCCACAGTGG,0.198042933548434
CGTCATGCCTGCAACGGGCCCGG,0.0650938457565413
CATTTCGGGACCAGATGGGACGG,0.330613466463794
TTGCGCCTCCTTCTCCACAATGG,0.0886877479742346
CTATCATGGCTCGAGAGGCCTGG,0.166851710977713
CGAAGGCGGTCTCGATCACGCGG,0.0687086466157393
GAGATGGCAGCTACTCGACGAGG,0.647026305968341
ACATCTTCGAGATTTCGGCGAGG,0.0733093912284966
CTGAGACTGTTCCATGGAGGAGG,0.0587922411821343
CCAACAGCTGGACTGCCCGCTGG,0.104027350900003
ACACTCCTAGTCGCCACAAGAGG,0.135741703645739
GATATTTGGCCATGTCCCACTGG,0.180150652884956
CCACAGCATAGCTATAGGCCTGG,0.00377656720094308
CTTTACATGTTGGACGCAACAGG,0.0375622647916941
AAGTACAACTGGAGCAAAGCTGG,0.0783978024283878
AAGCATTCTGTGCTTGGCCCGGG,0.308163100737149
ATCACCCTAATTGTCGACGGTGG,0.556324020277588
TACAGATGAAAGCTACGACCAGG,0.226347100116304
CCCAGGAGGAGCAAGTCCGATGG,0.0663888973994384
TCTGTAAACGCCGTAGCCGGGGG,0.18623215758715
GAGAGGACTCCTTCACCAGAAGG,0.0185967475503148
GAGATCATTGCAAAGCAGGGAGG,0.11681731955204
TCGTACGGGACACGATCGCCAGG,0.322557040131067
TGGTTCGTAACACTCGCCACAGG,0.141656019215037
CCTACAGGACTCACTTGCCATGG,0.387102494676772
CAGGCAAGCCTATTCTAGAAGGG,0.0520136754500013
TTTGACAACAGGTACACCAGCGG,0.0947379047140465
TGGTAACGCCTCGGAAGAACGGG,0.471674072523983
CTCCTCCCACGTTGCCACCATGG,0.0772379278202373
AGCTTACGTGGACCTGGAAAAGG,0.0702425155753932
CCTGTTAGTCCATTGAGGAAAGG,0.430117123725863
ACAAGCCGGGCTACGTCCGAGGG,0.289899869185896
GGAAGAGCACCCTGCTGAAGAGG,0.142209169081821
GGCCAGGACTGTAGAAACAGTGG,0.616263505549532
TCCTGGCTCGGATCTTACCATGG,0.513351188511443
ACTACCATGCCGCTCTACGAGGG,0.289387852467401
AGCTGTCCATTCCGCACCGACGG,0.116256099692196
AAAGTACTGCATGAGGCCGAGGG,0.406120258522102
AATGATAGGAACACCACCACAGG,0.138711690078841
CCATATAACATCTGGTGCGATGG,0.27483194860157
TAACATCTTTCGCTTCACCCAGG,0.582776475868183
CTAGAACAGGTAGAAGGCACAGG,0.023557131464266
GCTGGCATCACTTTGAGGGAGGG,0.346867384959092
ATTCTTACAGACAGGTCCGGTGG,0.181203853088873
AGTTCGGTTCATGTGTGGCAAGG,0.219680433449219
GCTTGTCTACGGCACGCGGCTGG,0.0417598482877142
AGCGGCATTCTCGGATCACGGGG,0.327423380157683
CTGCATCGCATCTGGTCACATGG,0.131832177479472
CACCTATAGTAAACATGGGCTGG,0.501247831568341
CAAGTAGGCTCTTCACCAAGGGG,0.107507638859971
GGAGCAACTCTGGCTTGAGCAGG,0.217993532276899
TCTCGGCAGGCCCAGTGCAAGGG,0.109349098647493
GACCGCCTCCAAGTCGCCGAGGG,0.552773432404705
GACGTTACCTGTCAGTCCCAGGG,0.110714916208216
ACCGCCTGTCGGAGGAGGAGCGG,0.203220572001725
AGAGCGCAGACCCTGCAGAATGG,0.12127461900624
CCTTCAGATGAAATCCACGATGG,0.396240425710816
TGCGCTCTCTGCAGAAGGAGGGG,0.0395006137990295
TTTGGCAGGATAAAGGCGAGGGG,0.160581710474532
CGAGCGCCATTGACAAGCAATGG,0.0809297914200523
ATCAGGATATGCCTTAGGGAGGG,0.18765326521599
GAGCGTCCGCCATGAGGAGAAGG,0.205843351520848
CATCACTACTGCCCTGAAACAGG,0.127434085587574
TCGTGGATGCTTTGGAACAGTGG,0.236574803976647
GCACCTTCAGGATTGAGACCCGG,0.248591522890127
CCCACTGCAGTCCTCCACGATGG,0.333319840549061
TCCATGATCCCGACACACGGAGG,0.224999137733858
GGCCAGCCTATCTTACCGAGGGG,0.644560266260504
GCAATTCTTCGAATGCCACATGG,0.135761122098155
GGATTGGGAGGGTATCCGGATGG,0.0522405170442033
CACAGTGAAGCTGTACCGGGAGG,0.229805825298749
TCCAAGAGGGCAATTTCACCTGG,0.00175984828767661
TCGAGAGAGAGATCGTGACCGGG,0.167849621113324
ATGCCTTACCCAGCCTCGGAGGG,0.106148563021257
TGCACTGGATTACATCCGCACGG,0.874184090711915
GACGATGGATCAGTCTAGGAAGG,0.66135536823997
TCGGCGTACTTGTCAAGGGAGGG,0.201083685899343
TGCACCCTCTATTAAGAGGCTGG,0.147433829479313
CTTGCTTCACTACCAGCAGGAGG,0.0510806424360528
GGGCGATGACCAGCATGAGCTGG,0.175216392273199
AAAGAGCTTCGCGTAGCGCCTGG,0.1595319617616
ACCCAGCTGTGTGCGTCAGAAGG,0.0654880746140766
GCAGCACAAGCGGTTGACCCAGG,0.251697152363325
TGTACCAAATGAAGGTGCACTGG,0.143504884859877
TGCCAGCAGTCTTGTTGCAAGGG,0.0886355013702221
GGATTCTCAGATAGTGGAGGAGG,0.141964274178654
TGAACGAAGACAGAAGCGCCTGG,0.114986507216146
AGAGCCGCAGTGAGTTGGGCAGG,0.134161010873011
CTAATCCTGCTGCTCGGAACAGG,0.464727455392792
GCGAAAGCGGCTGCTCAAAGAGG,0.390744082973512
CACCACTGACTTTCGGAGCAAGG,0.259842654030395
CTTGTAAGATGGCGGCGCCCAGG,0.140650039086177
GGGAAGAGGGATCGGTGGAATGG,0.360091000424296
TACAGCTACTGCTGACAAGGAGG,0.571538231354076
CCAAAGTCTTTGCTGCAGGATGG,0.426303121636208
TGGTAACACACAGGTTCAGGTGG,0.1531705065953
CCATGGGCGTGAACCTCACCAGG,0.173466131040158
AAATCCGCCAGTATTTGCGGGGG,0.445707510350942
TTCTGCTCGCCCTGCTCAGGTGG,0.120286494055739
CCACCTATCTTCTTAGCGCCAGG,0.190191634114832
AGTTCCACCATACTCACCCGTGG,0.217807823829939
CTACAGTGAAGACCTAGGAAAGG,0.197337604394202
ACGCGCCATGGACGCAGAGCTGG,0.226068011918152
ACCATGAATCGCGAGTGGACGGG,0.76565744494389
AAATCGCTTCTTGGCCGCCACGG,0.0697222307328553
GGTCGATGCCACGTCAGACCAGG,0.192627141913169
ACCTCCACTCTGCTAGCCACAGG,0.479074372843576
GAGGATCCAAGCAGGGCCCGAGG,0.131957569329001
CAAATCAAAGACCTGACCAGTGG,0.169140112231819
CACTGTAGACCATCTCAAGCAGG,0.116851710977713
TGATACCTGAGCCACGAAGAAGG,0.114820683226644
GGGCACTCCAGGTTTGACAATGG,0.333800509305801
TAGCCACCTTGGAGTGCAGCTGG,0.172248785168058
AAGCAGCTGCACGAGCAAGGTGG,0.296287447655017
TGAGTGCATCGAATCCACACAGG,0.235458907849219
AGCTGCCGCTGCCACAGAGATGG,0.143660808618531
TCACTAACCAGTGGCTGGAATGG,0.106300742308247
CTTGCAGCCGTAGGCGGAGCAGG,0.197292091716073
GGATGTAGAAGAAGGCGAAATGG,0.00507228297941327
GACATTGTGGTTCCTCACGAAGG,0.28728535779044
TAGCGGGATACTGTGTAGAAGGG,0.144876789347807
AGCCGATGGACCTCTCACCCTGG,0.0694692658366471
AGCCATAGGCTGCACACCCAGGG,0.410108855602197
CGGCCAGACCGATGTACAGCCGG,0.201226932927589
AAGGACTTCTTCCCGGAGACGGG,0.0865828739696678
GCCAGGGCCAAACTGTAGCAGGG,0.215848576181663
CGTTAGAGAGAAGAAGAAGGAGG,0.26200018266552
ATTGCTGCTGTTGGTAAGCCTGG,0.0316240071173067
CGGTCTTGCTGGCCAGGACGCGG,0.0988523478828894
ATTCTGCGACATGGACAGCGGGG,0.176146381824108
TCACTCCGGACATTTGCCCAGGG,0.339255054760346
TCATCTTGCTCCTGAGCCGGCGG,0.208008542122573
ATAAGCGGCAAGGAAAGAGCTGG,0.182104675874297
TGCCTGGCTCGGGATACACCTGG,0.17711578933019
GCGAGACTCACTACATCAGACGG,0.165123713529628
TGTGAGGCTTCCTGTCCGGCTGG,0.0747170060724164
ACTCACCGGGCAGAGTCCACAGG,0.345373132085111
ACAAAGGCGAGGAGTCCAACAGG,0.157150881763735
TACCAGGTGAGTCTGCGACAAGG,0.14172353177353
CGACACTGTGGACTTCGAGCGGG,0.521083685898904
TAAAGTACTGCATGAGGCCGAGG,0.124011933027511
TACTTACTGGACAGGTCGCAAGG,0.203295082390694
ACTCGCCATTGAGCAGCGCCAGG,0.0955246472370233
CTCTGACCACCTGAAGAAGCTGG,0.120850757378623
ACTCCACTATTTCTGTGCACAGG,0.446900914118811
GGTGTGGTTGGTACGGGAACTGG,0.197862251631037
CAAGATGCCCACCACGGCAAAGG,0.322658489875551
CACTTCAGCCCTGATGCCAAGGG,0.0312791795310998
TTGTCCTCTGTCTCCCGAAGTGG,0.102039798751757
TCTCTGCGATTCGGTCCCAACGG,0.406305302833545
TCAGGAGATTTGTCAGGAAGAGG,0.142076371374766
ATGCCAACCTCTACTAGGGCTGG,0.0708120035586722
GAAGCCCAGTTGGGCCGACCAGG,0.1646416796295
AAGCTGAGCTAAGGAAACAGAGG,0.250252964896396
CAAGCTCGTCTCAGAGAAGCTGG,0.167823497811757
GACCAATAATACGGGCACCATGG,0.0994949811117734
GGTACAGGTACTCGCGGCGCAGG,0.322546590810503
GCTAGAGTTGCAACTACAGCTGG,0.119612768973111
GAGTGATGACTCCTTGCCCATGG,0.453233202520065
GGCGGTTTCCAATTCTGCCACGG,0.135571669180409
ACCGTTCACTTGACCGAAGCTGG,0.124738160822683
GATAGTGAGAGGACAACAGAAGG,0.105918677963702
AGCAGCAATGATGGGAGCGATGG,0.493724320596554
TGGCTTTCCACCGTCGGGCCAGG,0.202988307616272
CGTGGACCGGAAGGTGGAGGAGG,0.0710283958320403
CCTGTGCTTGAACCGCACCATGG,0.418460906379782
GCGAAGAAGTTCAAAGCGAAGGG,0.120736070958503
CGAGACCCTTCAGGGACAAAGGG,0.0790436890167106
TGGCGGCGGCATTAGCGAGGAGG,0.276935305544045
ATACAGCCAGTCCCTGAGGAAGG,0.26312130345439
TGCTCAGGCTATTGAGGACATGG,0.195793286113796
ACCTGTAGTGGTGGAGACACTGG,0.292867476291852
AGAAGCCAAGCGTAAAGAAGAGG,0.128489210878686
TTGAGTTGATCAAGGAGCGCTGG,0.125937395408434
TCCGGGCAACGCCAGCAACAGGG,0.0955170432486855
TGCCTTGGAGTTCTTGAGAAAGG,0.0057723874726296
CAGCTCCGTGTGGTTGCGCAGGG,0.595299986839343
GCGCTCACCGCTGAAGACCATGG,0.656162055805487
AGGCGTGCGTACAGCTGGCCCGG,0.0912380463835006
CCTAAGAGCTGGTCTAGGGCTGG,0.484808868762854
TCCTACAGACGCTTGAGGACAGG,0.494393077128216
TAGCCGGACCCAGGATGAAGAGG,0.438857980570378
TCATCTCCTCGGTAAGGCCAGGG,0.155911272105989
GAGAGGATGTTCTAGAGGCATGG,0.260923902624141
AAATACCAGTGACGCTGACGTGG,0.182055472733387
AGGCCACCATACCTCAGGGAGGG,0.525958294049374
GGTCTGGAAAGCGGCTCCAGCGG,0.0457702062755185
CAGCCATCCAGTCGCTGACAAGG,0.111287447654829
GCCTTCGACCTTTATACCAGAGG,0.236294853511915
GAGTGCTCGGAGAACCGGCCTGG,0.116088910559719
TACAATCTGGAGTTAACCGCTGG,0.432259234488246
TCTCCAGAAACTGCTTCGAAGGG,0.22787051975533
CAAACAGGACTTGGCAAAGGAGG,0.0569562041856126
ATGACACAACCATCTCAAGCTGG,0.174487121015363
AACGACAATTACCCTCAGGCGGG,0.569260279421161
CAGCAATCAACCAACACAGCTGG,0.0824077061768679
CCACGCAGACTCCACAGAAGAGG,0.373596747550315
GCCATGGATACTGTGGAGCAAGG,0.194498234471068
ATCCTTGACTTCATCGCCCGTGG,0.0175465908105029
CAGATCCCACATCAATAACCCGG,0.312516152203577
GGACTCACCAATGTCGGAGCTGG,0.35081722821928
CACGGCCAGGATGTCGAACACGG,0.288999046401098
GGTGCCTTGGCTTTGTCCACAGG,0.102365908893733
TGGGAGTAGTGAAGAGGACGAGG,0.0670241247707537
TAGCTACTGGAATTGAGCACTGG,0.390861206699376
GCTTCACGAGCAACCGCAGCAGG,0.35635754943668
ATGACCGCCATGGTGACCCAGGG,0.492504793527744
GCTAACTAAACGGCTTACCATGG,0.635646995623513
CTGTCAAAGGTCGCTCAGGAAGG,0.131529147176525
CAGGGCGGCAAGATTCAGAGCGG,0.707350234912542
CGGCACAGCGACGAGAACGACGG,0.167865295094515
CCTCGATCCTTGGTCAGCGGGGG,0.274479715157211
GGTTGGCGGGCCATCCCAACAGG,0.0623842183113552
CATCGCCAGTCTGAAGCAGGTGG,0.29765326521599
GATCGCGGTGGAGCAGCAGCTGG,0.125195493631631
ACTTCCAGCAAGATCTACCAAGG,0.401438962806114
AGTCGCCATTCAGGGTCAACAGG,0.157610651878719
GGAATGAAGACACCGTGAGCAGG,0.56494470993276
CAAGATCCGCAAGCAGCAGCAGG,0.0891919508087013
AAACGATGTCGCAGAAGAGAGGG,0.0111955849647926
ACCTCAGCGCGGCCTTCAGCCGG,0.363669892795456
TCCATGATAGAAGAAGCAGCTGG,0.253013766783388
GAACTTGCACGGAAGGGAACAGG,0.0445110631198007
CATGGAGAGCCGGCCTGGAGGGG,0.364500613799218
TGAGAATGGCGTCCCGCGGCCGG,0.134385671270252
TGCAAGCAACTGGGTTCCCATGG,0.342254009828058
CGCTGGCATCGATACCAACGTGG,0.0600910004239198
TCCCTATGTATCAGCCCAGATGG,0.495291718715677
TAGTCCATGTAATACAGCGCTGG,0.175249921432918
TACGTGATGTCCCTCTGCCGCGG,0.00846831223751988
AACAGCGGCTGCTCGTAAGCGGG,0.0237974658425732
CAACACGACAAATCGAGGAGAGG,0.101883058939845
ACTGTGTAGGTGGAATAGCAAGG,0.162050248072572
TGCAGCTAAATATTGCCCACAGG,0.0138183644840779
TGACGTTTGTGCAGTCGGAAAGG,0.0122823143273757
GCCGCCGCAGTTCCAACAGCGGG,0.151856935638277
TCATTGCAGATGGAGTCGGGTGG,0.502407706176492
TGTTCTGAACCACGTTCACACGG,0.11709863515976
CCGCCGCAGTTCCAACAGCGGGG,0.413497479002979
GGCCGTCGTGGTCTTCGACGAGG,0.123807915163325
TTGAAACGCGGATGGAAGACAGG,0.38971482487508
TGATCGACAAGCAGCAGGAAAGG,0.126220892213014
GCTTCGGGCAAACTGAAGAGCGG,0.38510667440486
GACCTCAGCACTCAAGCAGCAGG,0.115022671811836
TAAGGTCAACTGAGTGCCGCAGG,0.0139542056544854
ATAATGCTCAAGGCTGCAGGGGG,0.319157967410348
AGACATCGAGGACGTAGCCATGG,0.0178182731511487
CTATGATTGTCAGGGCCAACAGG,0.0781025860097205
CCGTGGTACTTACTTCCAGCTGG,0.287395075659406
CCAGCTGGTCTGTTCTGCAAAGG,0.117809188973766
ATAGAGGCCCTGATGGACAGAGG,0.302907092377901
AGGACATAGCCATCGTGGACTGG,0.185678343585896
ACCACTCAGAAAGCATCAACTGG,0.149030394363481
TGGTTCGACGATTCCAACCAAGG,0.200942620068183
CCGGAATCTCGATGAACACAGGG,0.177256191025395
GGAGTAGACCTTGATGCACCTGG,0.165897779322573
TTCATTGGAGTGGACAGCACAGG,0.322201763224296
CGGCGAGTTTGAGATCCAGGCGG,0.295132797707055
ACTAGTTACAACGGGTCAAGAGG,0.132083777232291
CAAGAAGCAGATCGAGACGGCGG,0.11299205208766
TTGCTGCAAGCTCAGTGAAGTGG,0.0915482726477817
CGGCGGAAATGTTGCTGAAGCGG,0.244761846818653
GAAGCCATCGACAGCAGAGATGG,0.436200809624767
GAGAGTCGCTATGGCGGCGGTGG,0.0977342705579614
CAGTTGCTATTGACGCAAAGAGG,0.135217757416776
ATGTTCTTGTCGCCTCCGACCGG,0.221977102826992
AGGCTGTCACCGATCTGGGCTGG,0.489469265836208
GAAGTAGGCATATGCAACACAGG,0.159523693637307
ATAGGAAGAATCGCTGGCAAAGG,0.383116078793575
TTTCCTTCTAGGACCTCGACTGG,0.148296154553091
TGATGTTTGGTTGGACCAGGTGG,0.365134978903764
AGAAACTGCACCTTATCACCCGG,0.493382536473826
GACATGCTCAGAACATAACGGGG,0.55899382174091
TGAAGCGCTACTGCTGCCGCCGG,0.738186180576491
TCATTACCAGGACCCAAGAGAGG,0.358384717671162
GATAGTGAAGCTCCTGGGACTGG,0.206148819129893
CTCATTCGGACTCGTCGGGCAGG,0.0858455327181844
AGTCAATGTAGTCCTCGGAGTGG,0.271394122059877
CAGTCTGGCAGTTGGCCACACGG,0.0938183644840779
GGCCTTTCATGACAACCGGGTGG,0.76341084097273
CGCAGCGAAGGACTATGGCAGGG,0.44264063469765
GACCTCTACCACAGTTGCCATGG,0.353598928747024
CGGATGTTGATCCATGAACCTGG,0.173766117880567
CTCTGTGTAGATTGTGCGACGGG,0.0787458833740774
CAGGGACGACCTTGTCACACAGG,0.246809913694515
TCAAGCACTCACCTGACCCAGGG,0.630822452879468
CAACGAGAATCACTCTGGAGAGG,0.170472400633073
TCCTGCGATGGGTTGCGACGGGG,0.44994470993276
ATGCTGAAAGGGAAATCACGTGG,0.171979284024768
CCCATGGCGTGCTAGAGGAATGG,0.149501978942418
TCCTGTATTATCGGGCCAAATGG,0.11468632224557
AGACTGGGCTTCCACCGAGCAGG,0.0354798064903475
GACATGTCATTTGACTGCCATGG,0.234032831669266
CTTCACCAGGTAACAGAGCATGG,0.103034665424517
ACCTCCAATCGGCCCACGGCTGG,0.147298244417248
GCGGTCCGCGATGTCAAGCGAGG,0.394526737101412
GCTACCGGATCGGTCGGAAATGG,0.331446368664266
TCACCTGGTTCACACGGCGCAGG,0.642839171792948
CTCCAGCAGACATCAAGCACAGG,0.488259325821633
GAAAGCGCCAAGGCGAGGCATGG,0.213455681719594
GCTGCATCCAACCCTTAAACAGG,0.095773051608184
ACAGATAAGACAGAATCGGGTGG,0.405103630941382
AGTCAACTGATTTGGTGACCTGG,0.231548272648012
ACGGCATAGGGACTACAAGGTGG,0.153345963851067
GGGTCACCGTTTGCATAAGGAGG,0.201684521844986
GGGATAACGTACCAGACCCAGGG,0.553685566776647
CCCTGTACACTTCTAGGACCCGG,0.160631321642322
CGGACTCACACCACAGCCGCCGG,0.0212896288519776
TGTTTACCAGCTAAAGCCAGGGG,0.279586389562072
AGACCCAGATTGGAGGCGAGAGG,0.602510018187932
ACAGCCTCGTACATACCCGAAGG,0.559949934592948
TATCCTGACTCCGTCTGGCAGGG,0.140712735011318
CCGTCAGCTCTTGGCCCGACAGG,0.0669538248578391
GGAGTAGTCCGCCACGAGGGAGG,0.0658329022002834
CTGTCACATAGCTACTAACCTGG,0.110809216204063
CATTAATCCCGAGGATGGAATGG,0.149040843684484
CTATTTCACGACCAAGAAGCAGG,0.210913453303764
GGAAGCAGGCGGAGTCCGAGAGG,0.15777865706552
GGTTCTCTGCACGAAGGAGAGGG,0.469098314948434
GAAGGCGCTCTTCGGCAAGGAGG,0.0971830457798772
TCGAGCCCTGCCTCTTCGGGGGG,0.263149607953294
TAAGGTGGTTCCATTGGGAGTGG,0.0932541011611938
CCTGGCGGCCAGGAAAGCGACGG,0.0742184821375875
CCTCTCCACGACCACAGACAAGG,0.0773998922925258
CTTTGTCAATGGTGGAACCCAGG,0.135033529159531
CTTCCAGTCACACAGTGCGCGGG,0.308267593945299
TGGGAGTGCTATTGAGACACTGG,0.0978204543482785
TTGGCTATTGGATCTTCCCGGGG,0.423905002513324
CCGACCGGCGAGAAGAGCACTGG,0.187483894885738
GCGAAGATGGCGGAGAACAGCGG,0.391151606484484
CTACCTCTGACCAGTCCACGAGG,0.457475626762072
AGTTCAACTCAGCCAACAACTGG,0.0329406215373694
GATGAGGAGGACTCAACAGCTGG,0.248063424162745
CCGAGGGCCATCTGGAGGACTGG,0.0976010186116014
TGTCTCCCGGTAGACGCAAAAGG,0.111331426135112
CCCTCCAGTCCTCTTACAGGAGG,0.379030394362854
CATGCCGCTCTACGAGGGCCTGG,0.288363002976274
AGATCACATTCTCGATCCAGAGG,0.298241470643105
TCACCAGGCACATAGACGGAGGG,0.502703330622415
ACCTATCCCAAACATCCAGAGGG,0.17648294128621
TGGGCAGCACCCACCAGACGCGG,0.298666849332604
CAACAGACACTATGATACCCTGG,0.38893853167367
CCTCCGAGGACTACGTGAGGAGG,0.0894797151573994
TATAGGGACCACTTGTACGGTGG,0.285367907424923
AACATACCACAGGTAAGCCATGG,0.46764281589436
AGCCGAATTGACAGCAACCCAGG,0.1952812693953
ATGCCGTGTACCTCTCGGAGGGG,0.251185135643576
GGTGCGCTGCACCTCGAAGCGGG,0.131569171289391
GAGATCCCAGAAGCGCACGGTGG,0.473800509305801
TATACAGACCCTCGAGGAAGGGG,0.343139158632918
TCCTGCATTCTTGGAACAGGAGG,0.039346055184266
GCAGAACTTGGCAGTGGAAATGG,0.102971969499752
AGCTCCCAAAGAGCAACAGAAGG,0.157768871879783
CTCATGGATCTTCTGGGAGAAGG,0.23151733271207
GCGGGACACCAAGTTTAGGGAGG,0.280558176395927
CCCGGTGGTGGAATCAGAGGTGG,0.146179910984015
GGAAACACCTTCCAGACCGGTGG,0.0917807469292189
CGTTTCGAAGTCAGGAACACTGG,0.116987552147807
ATATCTACTTACCCAGCCAGTGG,0.595929127284956
TCCCTAGGAAGAGGACGAACCGG,0.286085867096868
TGGTTACTACCATGGCCAAAAGG,0.131988917291384
TTACCTGACACGCATAGAGAAGG,0.351632275241224
ACTTCATGATGCTGCCAGCAAGG,0.205375313282448
TGAATGTTTCTGCTCTCGGCTGG,0.230202083435584
TGATTGGGAACGGGCTCCAATGG,0.714999137733858
AATCTCACTCATTCGGAGCATGG,0.125503748595017
GCGAGTTCTTCTTACGAACCTGG,0.117359868179622
CACGCGACACTGATCCAGAGCGG,0.373452638256742
GCCATGGACGTGTTCCAGGAGGG,0.222562264791694
ATACAATGATGAAGGCGAGGTGG,0.203586298229939
GGCAGCGGGCAAACACACCATGG,0.297985462283857
CATCCTTACCTCTGACGGCAAGG,0.277301031771631
TTCAAACCCTGCAGGACAGATGG,0.162784137834157
CATGGAATTTGGCCGACGAATGG,0.184288583919438
TGTGACAGGCTCCCTGCACCTGG,0.210832902200472
GATGGTTATTCCTCTCCAGCTGG,0.074487121014987
GCACCCATGTCTTCCTCCCAAGG,0.134587053698027
TGCACCAACTACACACACAGAGG,0.213622870852509
AAGATCGCCAAGACTCACGAAGG,0.518633320172885
TCCTGATAGTTTGGTGAACCAGG,0.0155507705388415
CGAGATCAACGTCATGGAGGCGG,0.130377948718858
GACTTTACTCAAGGCAACACTGG,0.46808473083182
AGAATTGGCAAAGGAAGAGCAGG,0.0722226618658822
TGCTGCAGATTTGGGCGAGACGG,0.164998321680098
TGAGGCCCGTGCATTTGAGGAGG,0.17553205309436
GGATCTTGACCAGCCAGGACAGG,0.159534142958937
ACCCGGAGGCACCATGAGCGTGG,0.337860070434327
AAGATACAGCATCACGAGCGCGG,0.156148563021633
GGGTGGGAATCTGCCTACCATGG,0.109754242830711
ACCTCCGACATGCATGAGAAAGG,0.239710965358719
CTCGATCCCGAGAAAGACACTGG,0.137690093947028
GAAGTCTTCCTCGGTGAACACGG,0.454359547968497
TATCGGGAAGGCTATGAAGAAGG,0.514740948177274
AGGAATGCTGCTTTCGCAAGTGG,0.185740223456525
CACTGTACAAAGGTCCCAGATGG,0.0189385316732942
CACTATTTACCTTGAGGGAGAGG,0.115656628890167
TAGATGGCTCCCGCAAAGAAGGG,0.585117123725863
AGCTGAGACTTGGCAACGGATGG,0.321041888616145
CACTTGGCTGCGGGTCCGCAAGG,0.0519688347035136
CAAGGAACGGCGTTCCAAGCGGG,0.0234818050215812
CTTGTCGTGAAAGCGAACGAAGG,0.508978147759092
TCAACAGTGGCAACGTAGAGCGG,0.483852755909563
TCGTGACCGAGTGAAGGAAGAGG,0.297739903244986
CGCCTCACTGGTGGAGAAGCCGG,0.192303877104673
CGTATCACTCACCGGAGAGCAGG,0.42241074963997
GGATTATAGTCATCCTCCAGAGG,0.424204989353921
ACAGAGGCCCACCTGTAGAGAGG,0.272470402101257
AGAAGAGAGCTTCCGTGGACTGG,0.0905477270755512
CGCACACTTTGGCATCCACGAGG,0.528293717246867
CAACCAATGCCACAATGAACAGG,0.155374497228688
AAGGAAACATACCTCCCAGGAGG,0.415388806066302
ACAGCGTCCTGGGACAGACCGGG,0.138447413595927
AGGTGATCTGCCAGGCGCCCCGG,0.770425378688873
AAGTCATCGCTGACCCACAGTGG,0.280289537518967
GACGCGGTAGTGGCGAAGCCGGG,0.0448349920644214
CCGGGAGTCACATACTGCCGTGG,0.31598137388809
ACTCTATCATCGCCAGAAGATGG,0.146885904272949
TCGCCAGGAAAGGTGAAAGAAGG,0.40712339331834
GGCGTCTTCCGTGGGCAACGTGG,0.432689837837934
GCACACCCTCTTAGATCGAGTGG,0.158317461221538
ACTTGAAGGCGGAGAGCGCCCGG,0.37975139749765
GAAATTCCCAATCCATCACCTGG,0.0603470087833556
TAGGTTGCTCTCCAAAGAGCAGG,0.344622962185269
TGTAATTAGTAGCTCGCCAGAGG,0.191571760513796
TCCAAACAAGGACTGCAAGATGG,0.095773051608184
TCTCGCGTTGCTGACGCAGCCGG,0.0634243337572114
CAGCTTGCCAATAGAACACCAGG,0.329119213589813
GGCACCGCAAGAAGCAAGCAGGG,0.281888283600283
TGAGGACGTGAAGCGCACAGTGG,0.747381582874924
TGTAGGCCTGTACTTCAGCAAGG,0.222499568866929
GATGTTTACCGAGATGGCACTGG,0.52847876155831
TTCGACAGGGTCATCAGACCTGG,0.042648040555175
CGGTTTCTCCCACATCGACCTGG,0.578645950690598
TCTTCAGTTTGCCCGAAGCGCGG,0.247760801886992
AGTGCTCGTCTTCGGGCCGCTGG,0.201247015515083
TCTCAGGCTTAGATATGACCTGG,0.100906047446051
ATCCGGGTAAAGTTCCAGGGAGG,0.505091000423669
CCGGCACACCGTGGTGAAGCTGG,0.0799736785674316
ATTCCAGCCCTTAGCTAAGGCGG,0.123986217752385
CTACTTTCCCAGCCAGAAAGAGG,0.181153787681194
TGTAACCTGTGAGCTAGAGCTGG,0.13124327104367
CGGAGTTCTAGAAGTTCCCATGG,0.544779701997181
CAGGCCGGTGGTTCAGCAGCTGG,0.216984508684329
CGACACGCTCAACATGCAGGTGG,0.0655973844555163
AAACTTCTAGCGTGTGCCAATGG,0.134393333236476
CACTTCCCTCCGAAGGCCCAGGG,0.0847562141315853
TAGCAGCGGGTGACATGGAAGGG,0.0706835682458334
CAGAGGACGACAGTAAAGAAGGG,0.337674163856742
AGCTCTAATAAACCGAGCACTGG,0.200788061454235
CATGCTCGGTTTACCCAAAGTGG,0.462783881725081
TAACTCTTCCAGGGCTGAAAGGG,0.0498872386683712
GGCAAGATGGCGTCGAGCGGCGG,0.181726319128371
AACAGTGAGGTCTTCACCGAAGG,0.318969879636053
GGTGGCCACATTGGGTCCGGGGG,0.28776820774389
TTCTATGTCACACTCACCGGGGG,0.465134978903764
CTCCAGCAGTGCGTTTAGAATGG,0.0700566089981844
CTGACCTACGAGACGCCACAGGG,0.538528826965362
GACCTCATGCTCATGACCAATGG,0.499460997712542
CTATAGGTAGCTACACGGCATGG,0.300561219859406
TGCATGGGAAGCCTATGACAAGG,0.330691836369123
TTCATTGCAACATGGTCCCACGG,0.0801589210089982
ACGGGTCAATCAAATGCCAGTGG,0.0719039575816628
CCACCTTCTGGAATACGGCCTGG,0.227839171792321
TCTCCTCTTGGCAAGGCCGCAGG,0.123048158208434
TGGCCACACACGAGAAGGAGTGG,0.0581652819344854
GGTCCAAGAATGCCTCAGGATGG,0.340801554238089
AGCGCGCAAAGAGTCTGCCAAGG,0.107431648281537
CATCTAGCACCACAGTGACAGGG,0.034531961761412
CGATGAGTCTTCAGATGAAGAGG,0.150891738607998
GGAGTTCAAAGCCCACGAAGGGG,0.344100496145144
AGATCGGCTGGAGCTGGAAGCGG,0.383664668135895
TTGGTTAGGTGGGCACCCACTGG,0.0775256921689355
TTCATTTCAGTCACTTGCCCCGG,0.462588388093261
AAGTACTCGCCGAGTGGAACGGG,0.235490255811601
ACACAGTTTCAGTGTTGGGATGG,0.143810958626365
GCTGCAGGACTCACTAAGAGGGG,0.519845441385424
TGAGCTTGATGAGTCTGAGGAGG,0.0869248562232302
GCGCGAAGAAGTCGGTGACGCGG,0.275918677963325
GCACAGTTGCACCACTGAGAAGG,0.0798088687624778
CCATCGCTGTATCCGTGAGGGGG,0.490380537943263
CTGCTGCAGCGAAGACGCAAGGG,0.16893853167367
TTCTAGACCCACCAAGAAAGAGG,0.246023171172103
GAGTGAAGAGCGGCTCACGGAGG,0.374803644102039
TTGTTTAGGTGTGTCCAGGGAGG,0.110422335226021
ACCAATAGTGTCACTACCAGAGG,0.301099359880722
CCGACGGGCGAAGAAACGACAGG,0.136051929910081
TACCTGGAGCAACTCCCGAGGGG,0.576462042645457
TGCAACAGGTCACTCGGCCCTGG,0.227713779943418
ATTCTCGGCACTAATGAAGCAGG,0.186689338478544
ACGGTCATGGGACTTCAGCATGG,0.0896255976216982
TAAAGGGAAAGGGTCTCCGGGGG,0.423518377644359
GCCGTCTTCTTTGTTGGGCGCGG,0.0452081241497832
CCACCCTGTCTCCTTTGACAAGG,0.251668847863794
TCGCAAACCAGTAAGTGCCGCGG,0.507086820695142
CCGCCCATTCAGTCTACGGCTGG,0.249829767404233
GCTGACTTTCGCCAGCGCCCAGG,0.329631230308935
TTGCTTGGTCAGAAGAAGCCAGG,0.115193114304046
CACATTCTTCTACCCAACCATGG,0.142156106424174
CTGAGAGACAACGCCAAAGCAGG,0.102368952356772
TCCATGTCGAAAGGGAACAACGG,0.625458907849219
AAAGTCTCCTGTGATAAGCCTGG,0.117522904814326
GGTGGGACACACTTACCAGATGG,0.438374268350786
GATCTGCATAGTGACCAAAGAGG,0.380508973255644
GCCTCTTTGGCTTCGCCGCGCGG,0.185882361449642
CAATAGTAGCTCCTAAACGCGGG,0.676974059363952
GCGCAAGTTGGACCCTACGAAGG,0.195132797707055
GGCTCGGCCTACATTGAGCAGGG,0.374343465960049
GCAGATGCGATATTTCAGGAAGG,0.352870519754703
AGGAAGCCCACGTGAAACACAGG,0.693389942331977
CAACCGGCCCTTTCGGCACCTGG,0.0701219403594223
GATCAAGAAGAGATCGGACCAGG,0.64981931808323
TCAGGAATTGTGCCTCGAACAGG,0.0491161701267111
TGCTGCTCAAGCCGCACCAGAGG,0.382938440340283
CACAGTGATCCACTGCGAAGGGG,0.630861206699376
TTCGCTGGAAGCCTGCAAACAGG,0.161778565732133
AACCACCCGAGTCTCGCAGAAGG,0.119021310185892
TAAGTGCATCCTGATCCCACAGG,0.271522557372885
CATACGGGAGGGCACCAAGGTGG,0.390694017567087
CAACGAGGACACACGAGAGAAGG,0.186294853511915
TCCACGACATGTTCCAGGCGGGG,0.358345963851255
AGCAAGACCACACAACACAGAGG,0.00978797012084775
CTGTTTGTGCAACGGAAAGCTGG,0.148604409516539
CGCCATCAGATGGAGACAAAAGG,0.0259813738884666
GCCAGGAATATGTCATACCAGGG,0.818342920388404
ATCTCAGTGCTTGAAGAACCTGG,0.182595793950786
ACGAGATGTGCGGCAGCAGCTGG,0.190630505588186
CACTTCAATGCTGTTTCCGCTGG,0.0485937040870873
GAGGATCAGTACAACCAACCAGG,0.514967789771476
CGAATGTCTGTGACGGAGGGTGG,0.088188816012463
ACATGGAGGGCGCACTCAAGTGG,0.159273166047323
ATGATGAAGTACGGGTCCAATGG,0.0993414946593438
ACAGCCAGCGCAAGCAGGCCCGG,0.175467175972697
CTGCGCAAAGATGGTGGAGGAGG,0.182008450789813
GCACGGTCATCGTGGAGCGCTGG,0.425563401056742
TGCGCGTGACAAGGAAGGCGGGG,0.370906047445613
AATGCCCTCAAACGCGCCAACGG,0.55533655946254
ACAGAACCTAGCCTATCAGCTGG,0.129481896354548
CGTTTCCTGTTAAGGTAGCGGGG,0.416282222994202
TGGGACCGGCTGCTACAGCAGGG,0.199596838883702
TGCCTTCTTCTGCGACACGATGG,0.136352580885317
CGTGGATCCACGAAGCGAGATGG,0.151506883391506
GAATTTGGGCCTGACTCCGGCGG,0.250467175972885
GAGGGCCCGACCAACCAGAAAGG,0.363912408370849
GGACCAGATGTTCGACGCCGAGG,0.421485984749688
GGGCAAAGTCAGCATAACGCTGG,0.31245995278088
AATGATGGTCCTCAAGCCCAGGG,0.391569579316459
TTGTCGTCTTTGGACAAGGCGGG,0.212638255369689
TGATCGTCGGTGAGCACGACAGG,0.159071783619798
ATCGAAGCAGAAGACGGAGGTGG,0.166721094467995
GCTGTTCCTCAGATACGGCCTGG,0.169847878691022
TGACCACGTGTTCTCAGAGGAGG,0.296841261656898
AACGGCTAGTTTGGAAGGCCAGG,0.203105629473199
GCATGCCTTGCGAAGAACCATGG,0.386482941286209
GGCTGGAGTTGCAAGGACCCAGG,0.234725274196083
TCCAGAAGCACGCTGACCAATGG,0.414328200005487
GGGAGTTCACCCTGCACGGCCGG,0.162825935117291
ACCAATTACTCCAACCCGAATGG,0.167065922053763
TCCTCCAAGATGGCGAGCGGCGG,0.402358503036208
TTCATCTTCCTCATCACCCATGG,0.202564445988404
AAAGCCAATGATGGAAACCCAGG,0.353463087577119
GCTCATGATCAAGTTCGAGGAGG,0.292303212968968
TTCCAGGAGGTCCGTAAAGCAGG,0.066647949222227
TCCGGATGAGATTCATCAGGCGG,0.140850757378999
GATGTTTGTGATGTGCCCGGTGG,0.0667315437885593
CGGAGATCCGTGATGTAACAAGG,0.131289884960614
CCTCATTGAGCACCATGAGGAGG,0.365435828009876
TAAGGCTGACCTTGGCCCGCAGG,0.160621128429768
ATGACAAGTAGATCGGGCACAGG,0.484317750685111
GAGAGATGTTGTTGCACAGCAGG,0.235466767945817
TCTTTCAGCTCTGGATGAGGGGG,0.227872700952667
CAGCTTCCCAGCATCAACCCTGG,0.248635501370222
GAGAGCTAGGAACAGTGACCGGG,0.108854937106899
CCTAAGGCTCTTCTCAAGAGTGG,0.442734678584798
TATCCCAAGTCTGTGCGGAAAGG,0.142793514992575
CCTCAAAGTCTCGTGGGACACGG,0.146253056229156
CCGGATGGATCTGTGGAAGATGG,0.260453683188404
CCTTCCCTAGGTCCTCGCAAGGG,0.817945846197808
ACATGTTGTTGAAGCGGAACAGG,0.102267304481726
GGGATGATTGAATACTGGACTGG,0.20033874065925
TGTTAGCGATCTCGGTGCCAAGG,0.0974939361796731
CCCTGATCCTGGGTGGAGACAGG,0.034967789771476
CGCTATGATCATCGACAAGCTGG,0.109874410019845
TTCGTGGTGGGCACAGCCGAGGG,0.636297896975393
CCGTACCATGATGTTGCCCATGG,0.194500613798591
AGCTGCACAGTCCTTAGCGGTGG,0.30860415340784
AGATGTCAACGCCGATCCCGAGG,0.142995503577604
TTGGAACACGTCATCAACCCTGG,0.319171460194202
TACTGGAGCAAATCAGCAGCTGG,0.0840169015792503
CTGAATGAACCTCTGCCAACTGG,0.109273574074203
CCGGGAAGCTGCTTTGCGGGTGG,0.270733633652509
CTCAGTATCGTCAGTGAAGCAGG,0.088510773656209
GACCCTTCAGCTGTTAACCCTGG,0.174257235957056
CTGATGCAGGATCTTCAACATGG,0.218719095936993
TTAGGGTACAACTGCCAGACTGG,0.358011585586051
GCTGGACAATGCCATTGAGAAGG,0.0621700072350775
TGTGGATTTCCTGGGCAGAGTGG,0.399878970545144
CAACACAGTCGGCGGAGACAAGG,0.259892463328998
TCTCCGCACCATGTTGCCCACGG,0.15606801191834
TACCTCGAAGAGTGTGAAGGAGG,0.435939576605332
ATTGCAACATGGTCCCACGGAGG,0.134471703142389
CTCCGTCATATGCTCAACCAGGG,0.637789106385896
TGAGCTCAAAGCCCGCAAGAGGG,0.315921721427431
CATTGAGATTACACGAGAGGAGG,0.360252964896396
AGCGTTACCTGGAATACCGGCGG,0.239793194781036
GGTCATTGTGCGGATTCCGGGGG,0.302233111186678
AAGCAGCACCAGGCCGCCCAAGG,0.391397165523355
CCGACCAGGGTCAGTGCCAGTGG,0.219335605863012
CCAGAATGTGCAGCGCAAGCAGG,0.120908892778466
AATTCGAGGAATGATACCGGGGG,0.332739903244986
GGCGATAAAGGCAAACAAGGCGG,0.118387761134202
CAAGTGGTCTGGTACTCACGCGG,0.169422243893261
TCCTCAGTCCCAGCTCGGCACGG,0.279764692151319
GGTCAACATCAGCGCAGCGCGGG,0.744058698862385
ACACACTGAGGGCGGCGCGATGG,0.0270189001103775
TGGCATCGTGCTGAATCGGCCGG,0.277974604935974
CTTCCCATGAGGTGGTAGCCTGG,0.156335834741791
TCATGTGTGAATCGTGCACCTGG,0.0691871341752051
CCAGCGATGGATCCCACCGCGGG,0.252410749640158
CACAGGAGTGTTTCACCCACAGG,0.221206034285583
GCTCGGATTGAGTCTTCAGCCGG,0.100919342099281
AAAGCGCATGTGGTTGCGGAGGG,0.204340830523827
GGCGTTTGTTGCAACACAGGGGG,0.144633411505645
GACTGGCAAGCGTGTGGGCAAGG,0.198781791861758
ATCAGTACTGCCATACCAGCTGG,0.166409796041068
GCACCCAAGAAGTGGACCAGAGG,0.356135932503293
CGTAACAGAGAATTCACACGAGG,0.150751744939674
CATTCTTGGCTCTATAGGACTGG,0.596085867096868
CATACCAACTCCACGTCAGACGG,0.124957340450724
ATCCAGGCCACCACTGCGGCGGG,0.338664668135268
CCCTGTTGTCAGAGAAGAAATGG,0.0237482627018509
CCCTAGCTTTGACAGTGAGAAGG,0.3131705065953
TACTACTCAGGAGGTGGCAAAGG,0.255130418379093
CGAGGAACCTTACCCAAAGATGG,0.0792707287415374
GCAGCTCTGAATGCTCGAGCTGG,0.153544500946114
ATCAGTCACTCACCGTACAACGG,0.158823589144517
CGTGGGAGCCAAGATGGCGGCGG,0.400054427801098
CAGCCAACCTCAAGCCACAGGGG,0.273978147759092
CTTCCATTCCTACAAGAACCCGG,0.24340865977602
TCACTGTCACTGATGTCGACTGG,0.0100148117150496
AAGCCAAGGCGCAGAGGGCCGGG,0.291151606484484
CAGCATAGCTACTGGAAGGGAGG,0.205464796644924
GCGGGAGATCATGGACGCGGCGG,0.0473689523570233
TGCGGGACCGAGACTTCGAGCGG,0.0552425155753932
GCTTCCGCTTTGATGTGGCATGG,0.092635410037274
TGGCCGCCAGTTCAGCAGCCAGG,0.146849331649939
CTGCGGTCAGCAACGCGCCATGG,0.169155786213011
GGAGTACTCGTTGATGAGGGTGG,0.100359639301257
CACTCTTTGCTCTGATAGGCTGG,0.107893599593796
TTGAAAGAGGCTCCCGAGACTGG,0.101423288825111
TCGGAGATACTTCTGCGGCGAGG,0.135012630517901
CAAGATGAATTTCCTCCGCGGGG,0.364380446609876
CGTGAGAAAGGTGAGGACCAAGG,0.400944801266147
TCCACATGAATGGTGAACGCAGG,0.369631230308935
ACACGCTGTTTAGGAGCGGGAGG,0.162721441909373
CACCGGAAATCCAGTGCCCAAGG,0.495636546301883
CGTGATGGCTGCAGTCAGCGTGG,0.301287447655017
CTTACTTGGTGCATACCACATGG,0.118008542122573
GAACCTGTAGGTGCCAGAGGAGG,0.18271073647994
TCTGAAGGCGCACCCTACAATGG,0.0826559006519803
CTGTCAGGAGCTGATTAGCCAGG,0.184486304961227
GGAGGTCTTCTGGTGTCAGCAGG,0.355887330000943
ACTAAATTCCCAATGAGCGCTGG,0.00539621192404026
TGATCCAGTTGGAGCTCCCAAGG,0.465134978903764
CGTAAAGATGACCGAGAGAGAGG,0.124486304961227
GATGGCGGATCTGGCGGCACAGG,0.398685566776647
TTGTTCTGCGTGGCCTGCACCGG,0.197872700952667
TGCGCCAGTTACCTGTGGGCTGG,0.0401536963486847
ATTTGATGGGTTCCACACACTGG,0.217583163433073
GGAGCTGAAGTCGTATGAGGGGG,0.899732680053607
AAAGTAATCTCTATCCCGGGGGG,0.317005407326335
TCTGATCAGTCCAGATCGAGGGG,0.378147426755957
CTTCGCCTCGGTCAGGCGGACGG,0.0939444204691683
AGAGGGCGGTATGCGACACACGG,0.216146381824296
GGAGCTAATTGGGATTCCAGAGG,0.612719004603606
GATCCTTCGGAAGCGGCAGCTGG,0.2718046890337
GCCTGTCCAGAACGTCCGGGGGG,0.282175639922102
TCCCACTGAGTTACGCCGAGAGG,0.410744082973512
CGCCGTCCCTCCGGAACACAGGG,0.17365944347508
GACTGGACTGTGCTCGAAGGAGG,0.24610676573762
ACCCATGCATATATGCCCGGAGG,0.605427559886836
CGTGGCTCCGTCTCCTGACATGG,0.342238335846866
ATGCAGTGGAAGTCTCAACCTGG,0.322951070858623
CTTTCCAACCATAGACACAGTGG,0.168377311813638
GCAAGAAGATTGATGGCAGGAGG,0.195535096557838
GCTGACGGGCACCGTGAAGGAGG,0.478225796662541
GAACTCCCGCTTCTTCCCAGGGG,0.623236245982917
GGTTGTCAGCTCCTCCAGCAGGG,0.652661533339029
TGCACAGTATCGAAAGCCAAGGG,0.127161331084487
AGTGAAGCAGACATAGACGAGGG,0.388622870852509
TGCTTAATCCAACTGACCGCTGG,0.498436964275551
GACCCATGATGACTGAGGCCAGG,0.0345080196564916
CTGGCTTATGTGGCTTAGACAGG,0.00161355779655435
CTTCAGGATGAGTACAGGGATGG,0.22176811641113
TGTAGTACTCGTTCATGAGCAGG,0.227285357790879
TTCAAGTACTGGCACTCCAGTGG,0.510161102206586
AAGCTTGTTCATGGACGAGAAGG,0.0889385316732942
ACTTTCTTGGCCCGCTCGGCAGG,0.217368544330143
CTGAATGGACAGCTCTCGGGCGG,0.12918931537273
GGAGGTGACGCAGTCTCCGCAGG,0.273716914739029
GCTGTTCGGCCTGAGGCAGAAGG,0.105801554237901
CGTGGAGTTGAAGTCTCCCGCGG,0.178007726068813
CTCAGGCCATCATGCAGAAGGGG,0.0337169147394057
CGAAGTAGCGCGGGTGCAGCAGG,0.334168672839172
TCCTTTGGCCGTGTTCACCCTGG,0.272844396453136
TGAGCTACAAAGCTGCCGCGGGG,0.0870994512134822
CCAGTGTGCAACCATCCAGCTGG,0.105936987381366
TCAGTCCCACAATACCCGGCAGG,0.44213602383668
TCACCATTCTGCATCTCCAATGG,0.22483194860157
CTGTGAATAGGCGCATCAGAGGG,0.58492381129138
GGTTCCGAGTGCATCTGACCTGG,0.632815229687463
CCAGGTAGACCGGCTTAAAGAGG,0.0954334486823533
TTCCCAGGCCGACTCTGCGGGGG,0.399855890705801
TTAGGACTGACTGTCGGAACTGG,0.163379493010347
CAACCATGACACCGTCCAGCAGG,0.155890373464421
CTCAATGCTTACCTTAGAGGTGG,0.228826632607368
GAGCCAATGTTGAAACCGGAGGG,0.32636799875831
TTCTCCAACTAAATGGCGGACGG,0.251927037420379
CCGAGTGGCACAGCTGGAGCAGG,0.009826723940755
TCGCTCGCCCGCAAGCAAAGAGG,0.152065922053763
ACAGGAGATGTCAGCGCAGGAGG,0.0696072882040779
GACTGACATCACCTTAAAGGTGG,0.501477716626648
CCGAAGGTGGAAACCCAAGGTGG,0.242499568866929
GCAGTTTGAGTCTGATGAGGAGG,0.109711781411978
ACGAGCGTTTCCAAACAAGCAGG,0.138275255911505
GGAGTCGGAACCCGAACGGAAGG,0.368058607528998
ACTTAGACTGCTCTATGGCATGG,0.4849573404511
GGTTCACTTCATTGTGCAGGTGG,0.00960728820407786
CGATAGTCCCAGCAGTGAACTGG,0.201237638356602
CGCCCAAAGGCCTGTCCCAACGG,0.0651167156990273
TAATGTTGCTGCGACACCCATGG,0.208643769493888
ATTCGCCACCAGCCCTCACCTGG,0.29007010178229
ACATCATGCTTACGAAGACCTGG,0.32283612832947
CCATGAAGAGAGAACTACCCCGG,0.302045023412384
GCGCATGGAGTTTGTCAGGCAGG,0.144684842056274
GGACCAACATTACTTGGAGGCGG,0.0134630875771186
TGACCTTCTCAGGCGCGGGCTGG,0.387422564104801
CGAGGAGATCCGCTTCCGGGTGG,0.65458116490251
GAGAAGCAACCGCCATAGCCAGG,0.079346055184266
GGGCTGCTCGGTGGTTCCCATGG,0.410545545878841
ACGAATTGTACAGCCAGGAAAGG,0.139706812860301
CCTGATGCAGTACTGTGCCCAGG,0.00690091411839763
GACTCATTTGTCCATGGAGGGGG,0.359223706797964
CTGTGTTCTGTAGACAGACGAGG,0.0550618336586233
CCTTGAGACCCTTGTCAGAAAGG,0.0103679074249229
TACCCAGTCTGCACTCCCGATGG,0.559417019232446
CCTTGGAGTACAGGCTGGACTGG,0.134465406319597
GCCCTTAGTGCGAAACACAAAGG,0.0909865985489055
CTCGTCACTAATGCTCAGAATGG,0.113263734428312
CTGTTCTTCAATGCAAAGGCTGG,0.15071491620784
AGCTGGTCGCTCTCCTCAGCAGG,0.161480352062432
ACAAGCTCACGGAGGACACCCGG,0.205493299274453
CAACAGCATCGCCACACAAGGGG,0.0301715515269619
CTGAAGGTCCTTTACAGACGCGG,0.261465086108308
TACTGCTCGTCTCAGCAAGGAGG,0.197311481092634
CAGTGCCCGATCGCGTCCAAAGG,0.322494344206302
AGTGATCGATACACTGAAGGAGG,0.43004920314091
GCGATTCATTCCAACAAACCAGG,0.351224751730252
TCAGTAGCCATCATGCCCAATGG,0.246935305544045
ACGATAGAGCCTTCCACGAAAGG,0.149275953401914
TGCAGGCTTCACACATAAGCAGG,0.17822823396795
GGCCACCATGAACTTGGCACTGG,0.387917541698904
ACAGGACGAGAACGTGCGCGGGG,0.298931125815519
GCTTATGATGGATGAGGACGAGG,0.0791684167307236
GACGTCCTTCCCAAAGCGCAGGG,0.168288492587117
AGAACCCTTGCCACAAGAGCAGG,0.0415121080518822
GATTTCAGGACAGCTGAAACAGG,0.154142957564485
CGCTCACAACATGCACAGCCTGG,0.128204898020346
TCGGACGACTCGCCTTCAGAAGG,0.0453365594625405
AAGACGCTGGACTGCGGGCAGGG,0.153366454465755
CAGGCCAAGTATCGGGCGGAAGG,0.284516287780409
AGGCGTGAGACTTCAAACCCCGG,0.498499660200316
CAGTGATAGCATTGAAGAGGGGG,0.484275953402352
GGTGTGATCCAGCCAGGCCGAGG,0.351245650371631
TTGCAGAATCCGGCTTAAGCAGG,0.135148471688434
ACCTTAGGCCGGGTCAGGAACGG,0.0954066612448302
CTCGGCTAGAAGAAACAGACCGG,0.0278757444155186
GCAACAGCGACTACGAGGGATGG,0.0319091822420389
TTTGTGCCAGACCGGCGGAGTGG,0.149753578695614
CACCTGTTCGTGATCCAGCATGG,0.237652449161854
ATACTCAGATCAACGAAGGGAGG,0.258520558841068
GCGTGTGGAACGTTCCACCCTGG,0.185639181738482
CGGGTGGAGTTTCCTCGAAGCGG,0.378377311813638
CTCCAATGCAGGCATGGCACTGG,0.406376266881349
TGAGGGTGACCTGAATAAAGTGG,0.132572714112258
GCATGCGCCTCTGGAAGCGGCGG,0.332922766358904
TTCTTCTTGGAATTCACGCCTGG,0.0161620558052552
TCCCTGGCATGACAGGACCCTGG,0.316430694683075
TAGTCTTCCATACCATGAGCTGG,0.135409704708309
TCAGCTTCCGGATGTAGGCGTGG,0.196517332712697
AAAGCATTGCGTACTAACCCAGG,0.3525361414895
CAGGAAGAGATGATGGGCGAGGG,0.151041480589516
AGCCAAAGTCGCATCGGCGGCGG,0.271906138778372
GAGGAAGCAGATAAAGCGGAAGG,0.334110945466774
TCTTCGATGCAGGCTCAAAGAGG,0.377614511395456
CAATTTGTCTGCGCCCACACGGG,0.132554252776664
GATCCGAATCGAGGCCAACGAGG,0.131809913694307
AAGTGTCACAGGTTACCCACAGG,0.0355821185012239
TAATGTACTGGAACCAAGCGTGG,0.439296852043105
ATGAGTGAGCGCTTGAGGGAGGG,0.263262369284484
CTGAAGCGTGTCAGGGAAGAGGG,0.0566897465053618
CTAATTTAGCTGCCTCAGCCTGG,0.223630940845363
AACATGGCAGAGACCGCGGCCGG,0.136023427280363
ATTGGATTCTCATCTCGAGGAGG,0.389620780987932
AACACCGGGTAGCTCAGGCCTGG,0.172082961178531
CCTCCTGCTTTACCAAACACAGG,0.394019945042478
GCTGGTTATTGTCCTGAAGAAGG,0.20212557451505
TTGTGGTTGGTGGCATCGACCGG,0.111801645570849
CGAGATCACAGTCATGGGCGAGG,0.142772616350945
ACATGATCTTCTGCTGGAGCTGG,0.165537941890253
CGGTCAACATCAGCGCAGCGCGG,0.443442188935112
CCTTCAATGCCAACTAGGAAGGG,0.362588388093261
GGTATTACAGTAAACCACGCAGG,0.515312617357683
CCGGGACCGAAACCTAGCCCCGG,0.562546590810503
AGATGGCCGAGTGGCACAGCTGG,0.0781652819344854
AGCTTGACGTTGTTGAAGAGCGG,0.39372736406066
ATGTTCCACCACTTCCAGAGGGG,0.594602063543263
ACTCACACCAACAAGCAAACAGG,0.016378448078686
TAAAGGTGCCCAAGAAAGAGAGG,0.270002181197337
CAGCCACTAAGTGTTTCAGCTGG,0.116224751730064
TGCTTCAGAATTGCCAACCACGG,0.196062787258152
GCACCTCCGCAGCCATACCCAGG,0.126994958005959
ACCTTTAATTCCCACGGACGGGG,0.144618401660347
GCTGGCTTACATTCCTGAGCTGG,0.122948481634219
AACAGTAGGTGCCATCGGGCCGG,0.152052429269909
TGTGGGTCAACTCATGGCGAAGG,0.745960475247338
CAATGTCGCCAAAGCTGAGGCGG,0.2217154617803
TGACCCACTACCTCCTACAATGG,0.368071238047338
TCGCGTGTACCTGAAGGAGCCGG,0.5073920321953
ACTCAAATATGGGCGGAAGAAGG,0.168899777853136
CTGAGCCTAACTGTGTCAGAAGG,0.0988579805701894
CTTTGCGAAGATGGCGGCGCTGG,0.035249921432918
AGAAGGAATCCTCTCAAGGGAGG,0.363983372419907
CAGGACATTCGCCACGGCCCTGG,0.197674163856742
ATTCAGAAAGTGCATCCGGGTGG,0.434549816940128
CATTCGTGAGCGGATCCCAGAGG,0.255017855178089
TTGACGGCTCCGTTCGGGCAAGG,0.283413884436835
ACCTATAGTGCGGGATCCCAAGG,0.395091000423669
CCATCATGTTTACAGCGGGAAGG,0.437792149849374
GGAACGGGCTCCAATGGACATGG,0.760620872320692
TTACCTCTTCCTAGCCACCCAGG,0.569239380779155
ACTGTGCTTCTTCCAGAAGCTGG,0.163515590289705
CAGACCATGTGGTAAGCACGGGG,0.282389850998591
TAGTAGCATTATCCCACCACTGG,0.108387761134453
ATGTTTCTGGTGTTGCGAGATGG,0.130508973255456
GAAGCGGTGGCGGCGTGAAGTGG,0.0232153473413493
CCTACTCGGCCCAAGTAAGGGGG,0.114308666507722
CTCGGAGAAGACGTAGAGCGCGG,0.546838218194046
AGCTTACCGCAGTAGTCAAATGG,0.120829042683233
TACGCAAGATCATCTGCCACGGG,0.473567580784642
CCTGCGGGCAGCACTTACCAGGG,0.60276602654718
TTCAGCTATCTCACGTGAGAGGG,0.0792683494137827
TCGCGTTACGGGCGGTACGGAGG,0.279678252252509
GCTCATCTTTCCAGGCGAGAAGG,0.07991031850715
GCTTGACGCGCCAGGTGAGCCGG,0.0420032261292489
TACCTGGGATCTTCTCAGGAAGG,0.209000411544299
CCTCGGCAGTGGGATACCCAGGG,0.156088910559719
CTCGGCTGCAAGTGGCCAGGAGG,0.381564354655644
GCCAAACCAATGCGATGGCCGGG,0.292762983084329
ACTATCTAGGTCCCAGCCCAGGG,0.285456726651694
TGCCGGTGACAAATTAACAGAGG,0.191070193115677
AAGCAAGCCAAAGCTTCAGAAGG,0.159419200429783
GGCCCAGGTTGAGATAGAGGCGG,0.404939485272572
CCATGGTGCGGTTCAAGCACAGG,0.488878879211757
GGTCGAATTCCTCGCCGAGAAGG,0.33958943302555
TCTTCAAGATGGCCGTGAGCAGG,0.0539124083712252
ATATCGCAGTGCAAGGGCACTGG,0.188342104334268
TCCCAGCAGCGACCCTCAGACGG,0.202196538563481
GGCAGTGGTCGGAGGTAAAGTGG,0.226491209410503
CTCACCAATAGCCAGCCGCGTGG,0.0507149162082158
CTAGCAGTTGCCAATGAAGAAGG,0.189074372843576
TGCTTCACGGTTTAGCACCAGGG,0.668562356125081
ATGGGAAACATAGGTCCCGCAGG,0.198628095512697
TTCTGGACTCGAAACCGACCAGG,0.510869474823042
CCAGGCTGCCTATGTGGGCGAGG,0.131501658731067
AGCCTTTACTCTTGCACAGGAGG,0.0537587120226032
CTACTACACTCCCGACCGCATGG,0.123967698438277
TGAAGAAGACCGGCGAAAGAAGG,0.513389942331978
TATTTCAGGTCCTGTGGGAATGG,0.201535852026115
AAATACGCATTCCCTCACACAGG,0.554249830100158
TGACCTCGAACCTAATAGCCTGG,0.0740042710612866
CTTGCATCTGTGCCACCGGCTGG,0.155730590189031
ACCCAGCATCTGACCCACGGTGG,0.407695062498749
CTTGCACTGACAGATAAGACAGG,0.0582175285384979
CAATAACGGTGTTGTCGGCCAGG,0.18698369263107
GAGTGGTGAGGCAGTCACAAGGG,0.16946404117602
CTCGTTCTAGCTGCGGCCGCAGG,0.110268638877149
AGGATGAGAGCCACTCAGAGTGG,0.215467175972885
TGGGTTGGTATACCACAGGGGGG,0.517601018611601
ACCTAATGCAGGAACAAGCAAGG,0.139931217148278
TGGCAAACAACCCAGAGGACTGG,0.525197674828529
ATTGACCTTGGCTCAGGCAATGG,0.149460997712542
CGTCCTGCTGCTGGATGAAGGGG,0.498917633031664
CATCCCGCTGGTGCCCGAGACGG,0.0710910917568051
TTGACAAAGGAGCCGTGGCCTGG,0.246774706215145
TCAGATGTATAAGCCCGAGCAGG,0.112661533339218
CGTCCGACTTGAGCATGACCTGG,0.312606243272416
TGAGAGCGGTAAGATGGCGGCGG,0.222254009828497
TCATATGCTTTGCCTAGGACAGG,0.0859506900616636
TGCACACATCCCTTCCAGGAAGG,0.488042933547807
TCGATGAAGGCATAGCCACGGGG,0.244622962185269
TGATACGACACAAGATCGGGAGG,0.529868521223514
CCCTCACCCGGTTGTAAGAACGG,0.213160721409187
CTACAACTACGAGTTCGACGAGG,0.0727525337630747
TTCTCCACAGGTAAGCGGAAGGG,0.565388806066302
CGACTGCATTGCATACACCAAGG,0.324090046824767
TATCCTGGTTCTGGCAAAGGTGG,0.142305848405378
AGGGCCAAGATCTCTTCAACAGG,0.153123740759987
AGAAACGGTCAGGGCCGGCGCGG,0.151447032799344
AGTAGTCTCTGCTCCGGCGGCGG,0.14749196487878
GCAAAGAGGAGGTCGACAGGTGG,0.263032076200802
GCAGCTCATCGAATACCGACTGG,0.497238335846866
CCACCTATCATATGACCAGCTGG,0.423554950267556
CGGCTTCTCTCGTGTGCACCAGG,0.0699475552654253
TTTCTGGCAGACCTTCGGCATGG,0.239490164478214
AGTCCTGAGTCCGGATGAACTGG,0.714845441385424
GACTCGCTTTAGAAAGCCACGGG,0.506376266881349
CATGGATACTCAAGCAAGAGTGG,0.129108764269249
ACAGCCCATCATCATAGCACAGG,0.404967789771476
AAGATGAATTCTGGGCCGCCTGG,0.165218829579172
CTTACTAACCCGTTTGGCAAGGG,0.270038753819907
GGCTCTGCTGGAAGGTACAACGG,0.493988597080095
TCCTCGCGTCACAGCCGGGATGG,0.10273163512157
CCACCTATGAGCGGATCCAGGGG,0.430537277755175
CAGCTTGGCAGCGTGGCCACAGG,0.131321640949814
GCTTATGAGCCAGGTGGCCGTGG,0.114056109638419
AACAACATGGCGGCGGAAAGTGG,0.219396120590879
GGACGTGGAGAGCGAGGCCAAGG,0.274709600214892
CGTACTGGAAAGAAGGCCGATGG,0.0915926591549243
AAAGGCCAAGGTCCGGAAAGCGG,0.172499568866929
GCTCTTCGGCTGCATTACGCAGG,0.0988549371068992
GGCGTCAAGTTCTTCTAGCAGGG,0.12275171770944
GGCAAAGCGCCTGGAAGAGGAGG,0.0404462773308791
ACGGATTTCCAGACACAGGAGGG,0.187149516620095
TAAATCGGTACGGCAGAACCTGG,0.304756622158465
AGACCCAGACACTCACCACGTGG,0.312692881302039
ACCCTTCCGGCGAATCAACATGG,0.060712735011111
AGGCTATCAGAGGTCCGAGGGGG,0.470911272106428
CTATGGCTCATTCGTTACCCGGG,0.264845441385424
CGCTCTTAAGAATTACCGACAGG,0.0587587120226032
CTGTGGATAGTACCACAAACAGG,0.134377659255285
ATGACTACCTGTCTATCACCAGG,0.598583254765833
TGGTTCCCACTGCAGTGACAAGG,0.0951976748289054
CTCTGGATCTGGCAATAGACTGG,0.11679642091041
CTGCGTCCTACCGGGAGACACGG,0.362468220904547
CTTTGTGGACATCTCCACCATGG,0.500119304922573
GGCAAACAAGGCTTATCACCTGG,0.32399600293762
GGTGGACTCTCAGCAGAAGCGGG,0.301224751730252
GAGAGGTTTCTTACAGGAAGGGG,0.048753487362227
TTCATGACGCACATCACCACGGG,0.559521512440597
ACAGCTGTATTCTGTACGGGTGG,0.0971233933185279
GGATGTCGGGCTTGTGCCGATGG,0.190829042683233
AGCTTCGAGGCCAAATCCACAGG,0.118244315975958
GGAACAGGTACACAGGACGCTGG,0.420916496766616
GATGACGACGTCGCCTAAAGTGG,0.433351188511443
TTGGAAGCTGTATTGGCCCAGGG,0.13546195131207
AAATCTCTCCGCAACTGGAGTGG,0.350524647236835
CACGAAGAACATTAAGCCGAAGG,0.668604153407839
GCGGCCGGTTACCTAAGGAGGGG,0.508544500945926
TCTTGAAAGACCTCAAAGGCCGG,0.132092045355957
ACAGTGCCGATTGTGAAAGGAGG,0.278823589144517
ACCAGTGACAACCCAAAGCCCGG,0.194393077128216
CTGCCGGTTGTCAGAGGAGAAGG,0.267141248496241
CCTGGACATCCATGAGCGGATGG,0.372499568866929
AATAGCAGACAAAGACACCCAGG,0.545953069389186
TCACCAGGTTATGTTGGACGAGG,0.0375204675084966
CCAGCCGGGTACTTACACACTGG,0.783609378068655
CTTCGGCCTAGACTGCGAGGAGG,0.7095319617616
TCACTAGGGCCCTGTCCGGCAGG,0.107655900651961
CAAAGAACTTCTCAAGGGCCTGG,0.0792370014514002
AGCCGATCTCGAGAGAGGGATGG,0.11439226107408
TGTCCTTCACGGCCACGGCGAGG,0.419166235533387
TCTGGAGGCTGTATGGCCGCAGG,0.157912317038528
CTGAACGAGTTCGTGGAGAGCGG,0.128006360925675
GCGGCGGAGAAAGCAGGAACGGG,0.0738288138049556
CCTGCCAAAGATTCTGAAGGAGG,0.109291627382917
CGCCATCACGCTGAACAGACAGG,0.167872957060928
TGTGTCCGTGGTTGCAGCCGTGG,0.188079506171004
CCAGTACAGTGCAGGCCAAAGGG,0.119445579840426
TAGTTCACTTACCCTGCAACAGG,0.246721094467556
GGCCAGCTTTGATGAGGACCTGG,0.317099451213482
CAGCTTCGGGTCCTTGCAGGTGG,0.307363727696396
TCTGCAAGATGAAATCCAGCGGG,0.469711781411601
AACCATGGCAGAGTCCAGAAAGG,0.0601931143040648
AATAAGAGGGCCATATGACGTGG,0.317715961140755
CGATGGCACGGAGTAGGAAGCGG,0.296543456014265
CCTTAGTAAGCTCCCTGCCAGGG,0.491078461239343
CAGAGCAGTCCTCCTCGCCGTGG,0.419678252252509
GGCCGAGTTGGAACCCACGGGGG,0.282619736055644
CTCACACCACCCGGATGGGATGG,0.30046195131207
CCTGAGGTTTCCGTTTGGCAGGG,0.210571669180409
TCGGCAGATCGCAGAGCAGCGGG,0.121130707842917
ACTGCTGGTATCATACGAAGAGG,0.601527782033073
CTCCTTATAAGGATGAGCCCTGG,0.224247042745316
CCGACCTCATGCATAACAAAAGG,0.0825860087659269
GGATCCTATACTGTGAGAGCTGG,0.394140112231819
CTCTCCCACAGTTGATGAAGAGG,0.0792311126554885
GGTGTGTCTGGAATATAACGAGG,0.297186089243105
TGTCTTCTAACCCTGTAGGATGG,0.177933215680095
AGAGCATGGCCACGCTGCGCCGG,0.241339694258779
TACTGTAGTGGCTGAAGGACTGG,0.187956295518185
GAGACCATGAAGTCCAACCCAGG,0.235249921432918
ACCACCTACCGAAGTTGCCCAGG,0.32354668214389
CCGCCCTGCATTACTTCCGCTGG,0.0490743728435763
CTTCTGTTACTCTGACGCGCCGG,0.272504793527117
TCATGCGACCGTTTGACAGCAGG,0.137318070896399
AGAAAGGTGTTCGCGGGCACTGG,0.626533006693261
CCCGCACCTCATCCATGGCGCGG,0.185138022367431
ACCGAACCACGTCCTTACCACGG,0.543097361348905
GGGCCTCAGTGAGTTGACACGGG,0.622094226552667
AAGCACCCGGCCGCCTACCATGG,0.30623215758715
GGCTCTCTCAAATAGTGAGGAGG,0.214508019656115
GCCATCCAAGATCACCGGGATGG,0.493356413172258
CCACTATGGGTATATCGACCTGG,0.206235201050628
TTGTCACATGTTGCCTGAACTGG,0.150255402201994
TGTGCTCAGCTACGTCAGCAAGG,0.20151733271207
CCCATATCCTTTACTGCCAGTGG,0.227141248496241
CGCCCACATTTGCAGCGAACAGG,0.164789335264299
GGTGCAAGCCCTCTCGGAGATGG,0.168816183286992
AGAGCTCTTCGACCGTGGCACGG,0.208288492586866
CTGAAGACATGATCCCAAACAGG,0.0668597809707545
GACGCTTTCTGTTCTGAGAAGGG,0.106725911101303
GACCGTGTGGGATGAGGCCGAGG,0.416809913694515
TAGACCAATGCACGTCAAGATGG,0.312679388517557
CAGCAAATGCAAGCTGAAAGTGG,0.157089258001367
GACTGCCTATCATATGGCCGTGG,0.240275228681603
GGCCAAACGCAGTGAGCGGCGGG,0.0594117945722584
TGAGGCCTTGTTCCACACACCGG,0.436773341071945
GGTATCTAGCAGAGTGGAAAAGG,0.0518120948916014
GGTGATATCGAAGCAGAAGACGG,0.0960366639557693
TTTGCGAAACACAGGGAGACAGG,0.140997712005237
TGTCGTTGTCTTACCCGAAGAGG,0.297914498235426
ACAGCGGCTCTGACCAGACGGGG,0.241992776808622
GCAGGCTGGGACCCTCAAGAAGG,0.241435919342636
GACAGGAAGGTGCTGTACACAGG,0.110119304922949
CAGGGACGCACAACTCACGGTGG,0.226305302833545
GGGAGTGTACGACGTTCGGCAGG,0.114524357773262
TCTGCCACTGCTGAAAGCCCAGG,0.419417019233073
GAGTTTGGAACTTGCACGGAAGG,0.209445579840426
GAATGGAGGAAGCAACCCACAGG,0.515218573470535
TCCAAGGAGCTGCTGACGGCGGG,0.248750443899376
TTCTGTGGAATTAGTGACCCAGG,0.468722139399845
GCAGTTGTCTGGACCTCAGGAGG,0.410540321218026
TGGGATGATCGGATGGCACCAGG,0.48010667440486
AAACAGGCGCATCCGCCCACCGG,0.460004362394673
TTAGTTCTAGCTGAGGGAGGTGG,0.27000218119671
TTCTCTGGTAGAGCTCGGCAAGG,0.54122997639044
AGAAGATGACCAGAGAGGACTGG,0.238293717247493
GCCAAAGATCTGGTGAGGCACGG,0.224225887994673
GGTGGCTGCTAATGCACCAAAGG,0.236501250704438
ACTCACGTCCAGCTCCGACAGGG,0.255864250162854
CCAGGTAAAGGGTTGAGAAGAGG,0.27935954796787
CTGCTCTACTCTCTACAGCGGGG,0.17965871875433
CGAGGAACAGAAGTGCGAGGAGG,0.196736768448936
CTCCCTGCTACCTCACAGCCTGG,0.0314150207015073
CTTAAGCCTCACCCTAGCAAAGG,0.397139067299531
CTACATGGATTCAACGCAGAAGG,0.439868521223514
TCTCAATGTGGCCTATACAGTGG,0.540620872320692
ATCGCCTGCGTGTCCGCCCACGG,0.405885148804233
GGTGGTTGTGTTCTATGAACTGG,0.27623215758715
CGGAGGCTCTTAGAACGGAGAGG,0.11963645496933
ACCCTTAGACGCTAGAGACCGGG,0.369401345251882
GCTTGCATTAGATTTGAGGCTGG,0.059317750685111
CTTCACTCGCGATAACAACATGG,0.209119213590252
CCTCCAAGCAGCGCATAGCCTGG,0.171478380761977
ATGACACTGCTTTCAGCAAGAGG,0.106880679612322
CGTGCTCCTCAAGCTGCGCATGG,0.528058607529625
CCGCTGTACTCCGGGTGAAGCGG,0.32353738522364
GAAGCGTCCCTGGGATCGAGAGG,0.143347328994707
AAACAGTCCAGTATCCAAGGTGG,0.61142547002226
ATGTGCTGCTGTACAACAACTGG,0.0916214178933408
TTGGTACGACGTTCCAAGACAGG,0.0582205720017255
GCAACAAGTGCAGATCGCCCAGG,0.606273954871163
TATCGACACCTTAACCAACCTGG,0.470767162812228
AAACTTTGTTGGCCCACCAGAGG,0.0802320662545781
CGACGGACGCAAGATGGCGACGG,0.115388806066741
AGCAGGCATAGCCGCAGCGGCGG,0.535294762179782
TCATCATGTCGCGTTACGGGCGG,0.0624629962441706
AAGATGACGACGTCCCAGAGGGG,0.16187479081599
CAGTATTACCTCAACGAGCAGGG,0.385420154028685
AAGATGACGATGAGAAACGCCGG,0.295772387473043
GCCGATACTTGTCCACCCAGAGG,0.598920676495142
CGTAGGGTCCACTTGAGAAGAGG,0.342086820695769
CGGCTCAAGTACCAGCACACCGG,0.653345963851255
AGATGCAATCAAGGCCGCCCTGG,0.526785971589658
CCAAATCACGATCCTTGCCCTGG,0.157747973238466
CAGCGACACTCACCCTCCGGCGG,0.322439054138874
GGTCGCTGGTTGCTACGAGCAGG,0.638089955492007
ACTGATTGAAGCCCACGAGCAGG,0.076851302950833
TGCTGCATGTTTAGTAACCCAGG,0.17993040109502
CCACCAGAGGCGAAGCGGAAAGG,0.0679227663590922
TTGAAGGTTCACTCAAAGGCAGG,0.423539276285738
AAACGTCTGCACGCAAACCACGG,0.0676301853768352
CATCCGGCACTCCCTAGCCCTGG,0.115217757416813
TTATTGAAGATCAGCCCGGGCGG,0.199522877584048
GGGCAATGCCTCTTCCGGGATGG,0.295153696348434
CGATAACTGCCTCACTGAGATGG,0.0264933906074634
AAGCGACTGCAGAGCCAGAAGGG,0.530054427801098
AGTACCCATGTCAGTGGCCAGGG,0.131875454951946
CACATGCAGCATAACTGGGATGG,0.652595793950786
TGTCGCGCTGGTACTTCGGGGGG,0.0946027276791996
CCTGTCCCAGGATGACCGAGTGG,0.356270008818686
ATCCTGGTTGGCAGCAACACAGG,0.18194053020486
TGTTGCTCGTGCCATCACGAGGG,0.06707114671439
CCTCCACAAACTTGATGGCGTGG,0.138812323770004
CGATTCACACTGGAGGGCAAAGG,0.491418064164735
CAGCGACGTGTACGAGCCCGCGG,0.00235545957294308
CTAACGAGCGGCTCCTAGACCGG,0.274758803355175
GGTGCCTGGGCCTGTACAGCAGG,0.18650125070425
GGAAACCGTAGGTCTGGAAGAGG,0.173868429890754
AGCTCACCATCCTCAACGACCGG,0.17450061379903
TAATGCTCTGCGTGTTCCGAGGG,0.280056608997808
CGGCGATCCGAGCATGAGCCTGG,0.355738858313324
GGGTAAGAAAGCTCGGACCAAGG,0.157632366573984
TCCAGATGCAGAGCTCCAGAGGG,0.145312617357683
ATCTTTGTTCCATGCTGAGGGGG,0.120484215097026
TGGCAAGATCCGGGATGAAATGG,0.043640726030661
ATCCTACTCTCATCACACACTGG,0.158959430314423
TGTACCGGGACGACTTGGAACGG,0.320185044310816
TGGCAAAGTGGGCTTCAGCAAGG,0.256347100116304
AGACTCGACCAACCAAAGCCTGG,0.196044069812855
AGACTTCTCTACGTCGGAGGAGG,0.143845151921664
ATGTGAACCACCAAGGCCACGGG,0.183860161767714
GACAGCTGCTGGTATCAACCGGG,0.438476580360973
ATCATCGCCCATATCCAGAAGGG,0.170425378689061
TTCTCTCTCCGAACTGAACAGGG,0.180511410561429
GAACTGGCCAACGTGGCAGGTGG,0.107621101199472
TGGTACGACGTTCCAAGACAGGG,0.390331334801725
CGGTGAGGATGCGCTCACAGCGG,0.432687656641224
GACAGACTACGCCAAGAAGGTGG,0.186618782457369
TTCACTTCACTCCACAGCGCAGG,0.178648994154704
CCGCAGAGTGGATAAAGAACTGG,0.227880969075707
GGCTTTGGCTGTAGGCACCATGG,0.278962473777901
GCAGAATCGCCGTACACCGCTGG,0.148152651416334
GACATGTTAGCCGCTAACAGTGG,0.624675208789658
TCCTCTGGTGCCATGAAGCAGGG,0.123325065209876
TGCTCGAGGAGAACGTGAAGAGG,0.197078552571476
GGCAGACTTACTACTTCCAGAGG,0.567559221328843
TATATCCAGAAGTCGCCCAGGGG,0.618100404812384
ATATAGAGAGGTCGCAGCACTGG,0.0968151383548916
GAGACTTCTGTCCCGTAACCAGG,0.126064152401102
AAATGACTCATCATACCGGGAGG,0.121444187466741
GCGTGAGGAACGCCTCCGCAAGG,0.214872929830569
AAGCAGACACGAGATGAGACTGG,0.137687656641412
TTGGAGTCCTGACCAAGAGCTGG,0.205438009207213
GCATGTTGTCCTGGATGAAGTGG,0.303743038041224
CGCTGAGGATGGGAGCGACGAGG,0.150127573046866
CATACACACGAAGCTGGGACAGG,0.08075737762693
AGGCTCTGCGCGAGATGAACTGG,0.145561219859594
AGTTCAGCTCATCTGGAGAATGG,0.111305966968623
ACAGCCCAAAGTACATGCACTGG,0.122867476291852
GCTGGACTGCAACCGGGAAAGGG,0.278677298652981
CCACCAATCAGATGGACGCCTGG,0.131926221366619
CTTCGAGGGATAGCACGAGGTGG,0.313413884436208
CTGCGATGCTGCGTCGCAGGCGG,0.120111491038607
TCAGTACCTTTATCTCGGAGGGG,0.266305302833545
GATGGTGGCCGTGTTCAGGCCGG,0.55893853167367
CGCTCTTTCAGAGTATACACTGG,0.175626096981507
CTGTTTCGCACAGGCTAGGATGG,0.129923403264313
GCTGCAGCACTTTGAACACCTGG,0.174097906921805
CCCGGCAATTGGGTGTCACCTGG,0.168216712484738
ATACAAGTCCCACCTACCGAGGG,0.812742084442322
CCTCACTCAGATGGCCGACGAGG,0.0116762537213192
CCCGTGTCTGAATGCACCGCAGG,0.605061833658623
TTGTTCTCGAGTAAGTCCAGGGG,0.628142202095769
TGTTTGACTCAGTGAACGCCAGG,0.132334560931351
CACTTTGCCTGATGGTAAACAGG,0.0144901644782145
TCGGATGCGTTTATATACGGGGG,0.47224878516787
TGCTCCTTACCGTCTTAGAGGGG,0.356221708266774
TTAACCTTGCAGAGAGCCACTGG,0.435318758383158
CTCTGAGACGAGCTTGGCGGCGG,0.189949934593575
CTAAGAAACCGGCATGCCCAGGG,0.245176776187777
GAGCTGAGACACCGGGCACGTGG,0.137025489914205
TGGGACGCAGGCTTTAAGGAGGG,0.544652128950315
ACTGCGCTTTCGCTTTGCCAGGG,0.274539367618498
GCTCATGCTCCGGCCCGAGAAGG,0.191041888616145
GGTGTAGAACCTGACTGAAATGG,0.0461986284280766
AATGTGGATGGGCTTACAGCTGG,0.0816897465054245
TGGTAGTCATACATACGACCTGG,0.762919722896241
ACACGTCGCTGAAGGCGCCGCGG,0.0376219172532315
GCGAAGCCTTCCACTAGCAAAGG,0.291485984749688
AACGCTCTTCCACCAGCCGCTGG,0.22051419791602
GAAGGGCCACCTCCCTGAAGGGG,0.0239333070128553
CTCTCTTCAATTGCAGGGAGTGG,0.0564515933242032
CATGTCTACGACCTTTGCAAGGG,0.635511154452354
CAACCCAGTTAGTACTCACAGGG,0.247985462283857
ACAGCCACCATGTTTAAGGCTGG,0.324236337316303
GGTTTGCGAAGGTGATGACCCGG,0.296190360304391
AGAAGCGCATGAGGAGAGACTGG,0.0119270374203788
CTGGCGCAATGAGTACCCAGAGG,0.460432784546398
ATGCATGAGGTCTACTCACAGGG,0.0186280955127181
ATCATCCTGTTGTCATGCACTGG,0.41622997639044
AGGGATCAGGCAGCTCACCAAGG,0.0333272464068365
GGCTATTGGCAAACTGCGGATGG,0.0225309168293117
AATTTGTCAGCTGCTCGAACTGG,0.0218225442124791
ACGATGCTGAGTATTCCACGTGG,0.149490164478214
GACCTATGGCTGCACAAGGCTGG,0.0191453368919888
CCCAAATTCAAGGCGGCCCGTGG,0.143179573059041
CTCATCACACACTGGCGCCAAGG,0.0998241347167452
CGTCACCTGGAGCCCTCACCTGG,0.177641999841102
TGTAGGTATCTTCACCAGCAAGG,0.303257144624296
GCGCAGCTTGAGGAGCACGGTGG,0.78822579666254
CCTGTGTTCCATGTGGAAAGCGG,0.320043978480095
CAGATACTGGGTCGTCAGGATGG,0.201091091756429
GGAAAGCAAACGCAAAGAGCTGG,0.216010540653763
AGCAGACAATGATCCAACAGGGG,0.255101449744672
GACCTATTGGTGCCGCCAACTGG,0.139613176999971
CAAAGTGCTGCAGCATAGCCAGG,0.202663970645003
CGAGCTGGACGTACCAGACCTGG,0.390451501991694
CACTTACCTCGCATCCCAGGGGG,0.10178379039276
TAACTACAGCCAACATGCCAGGG,0.115041191125693
CAGGCACTAACAAGAAGCAATGG,0.198175731254862
TTGACACCACAGGTCCAGCAAGG,0.528792241182134
AAAGCCAACAACCAAAGCCAGGG,0.680472400633073
TTGCACTTCGGTATGCAGGGAGG,0.237379401678214
GATTCCCAGTATCTGGCCACAGG,0.322313662289344
CCTGGACTTCCTGGACGACGAGG,0.110394030726678
AATGCAGAGGCGAGCCAGAAAGG,0.14601297795953
CACTGATGTCGATGAAGGCCGGG,0.304009495722102
GGAAGATGAACCTGACCCGGGGG,0.41910876426881
AAAGCCTCATAAGGATGGACAGG,0.13996520054751
GGGATGACGACAGCCTAGGGTGG,0.212776475867995
CCCGATACTGCTCGAACAGGTGG,0.187496525404078
CTCACGGGAGGACATCAGGATGG,0.386689746505174
TGGATGAAATCTACCACACGGGG,0.391444187466929
TACCACTACCTTCAGCGACGAGG,0.145574514512823
TGATCTCCATTTCTCGGAAGAGG,0.235294762179155
CCAGTGGATGTACAACAGGGTGG,0.35051942257602
ATCGTCGGCGGTCAGGAGCCTGG,0.235970108513578
ACGGGCAATGACACGGCAGGCGG,0.54424678663668
AAGGCTCTAAGCACTGCCAGGGG,0.211736768448747
TCTCAGCAGTGGTGCTGACCTGG,0.136164493111041
CTCCAGCTACTCTTCGAGGAAGG,0.268497479002352
CAGTTCGTGGAGAGCAGCGGCGG,0.129704375554265
ACCAAGCTCAAGTGTGCCGCAGG,0.137060697393387
TCGGTCTGGTGCTGCTGCGAGGG,0.507444278799689
CCTGTAAGTTCCGTTCCACATGG,0.0811955849648302
TTCATTGGGACCGAAAGCAAAGG,0.480568625717557
AGGTGACCCTCTTCGAGAGCTGG,0.16134105940223
CCAGACAGCTGTCATGCGGAGGG,0.318008542122573
CATCCATAATCGAGGGAAAGAGG,0.121162055805048
CTGTCGAACCCGCTCAGCAAAGG,0.0554724006328854
TGTAATGACTACGACAACCCTGG,0.282734678584797
AAACACAGAGGTCGCTAGGCCGG,0.163493619485741
CTCACCACACACGATGACGATGG,0.448680342117086
GATGCTGTGAAGAACGCCGACGG,0.577687656641224
AGGTTTCTGCCGAAGAAGCAGGG,0.122637591234423
CCGACACCACCAAGTGGGAGTGG,0.410122348386678
TTTCTCTTGTTATCAGGCGGAGG,0.0740983149484339
CCGACTTCCCAAGGTGCGAAGGG,0.367551815471318
CCTTTGATAGATCTCTGCCGGGG,0.624390895930252
CGCCTTCCGCGACATAGAGGAGG,0.469808868762227
TCGGAGCGCGAAACATGGCGGGG,0.230143247028058
CAGGCCTGAAGCCACTCACAGGG,0.0890639235228239
CGGAGGCATGGCACAGCCAATGG,0.147370317500412
TGTACAGTAGGCATGCACAAAGG,0.0954928912476166
GGCGACACTTAATGTTCACGCGG,0.334103539609249
AGCTGGCTGGCTAAATGAACTGG,0.0558381268606596
TGTATGGTGAAGTTGGCCAAGGG,0.540035710357056
GCACAACCACAACTGGCACGTGG,0.254016901579626
CGAGGAAGACCGGAAGGCCATGG,0.0326689391968051
GGCCAGGTAATTACCGCAGGGGG,0.590399255387305
TGACATAGTCCGGGATCACCTGG,0.237092045355957
TTCTGAGTGCAAGCATGGCCTGG,0.187190905876664
TAAAGCCAGAGTGGAGACACAGG,0.355017316376888
TCTTGAAGTCGACGCAGGCCCGG,0.241950979525236
CCTACATTCATCGATCCGGGCGG,0.432689837837934
TCGCTTTAGTGCCGGCGCCATGG,0.109774477336742
CCAGAGCCCTTGAGGAACACAGG,0.387674163856742
ATTTGATCACCACGTCCAGAGGG,0.147724229263794
ACCGGAATCTCGATGAACACAGG,0.384424425090598
TGTTCCATCAAAGGTCCAGGGGG,0.234615148300883
AATCAGAATCAGGTCCACCAGGG,0.42337208715345
TGAAGAGTTTGTCCTTGGACAGG,0.0384369642751751
GATTGGAGTTGGCCTTCGCCGGG,0.193982964392839
CACTACAAGACGCCAGGCGCTGG,0.0330847308313806
TCCGGAATGGATACCAGGGCCGG,0.456597883815363
AGAGGATGGTGCCTTTGAGACGG,0.0647357235168978
TTCGTCTGCGAAGAAGAAAGAGG,0.390665713067556
TGCATGATGCTGTTGAGGCGGGG,0.114631230308935
CTTACCTTCTGGGCTTGGGCAGG,0.166354960213153
GGTCTTCGAGGGATAGCACGAGG,0.483126528114578
CGCTACATGGTAGAGAACCACGG,0.409730498856898
CGGACTTCGACGAGTTCGAGCGG,0.157128617978967
TACTGCCTCTCCAAGCCCAATGG,0.487277089667401
ACAGAGGTGAACTGTTGCAATGG,0.100613466463606
AGGTATGTCCAAACCTCGGCTGG,0.283598928747024
GGGTCTGGCTTGAGCTCCACAGG,0.145788317562433
AGCCCAAAGGATAGATGCACTGG,0.525302168037307
CAGATATTCCCTCCCACAACCGG,0.0144975703357393
TGTGCTGCCCACCAAGGAGCTGG,0.116436583478591
CAGTCTTCCCACTGTGAGGAGGG,0.400853800841851
GATGCCCAATGAGGAGGCCCGGG,0.854299033241068
ATGACCTACTGTCAGTCCGATGG,0.157217437205675
CCGGCACAAAGAACACAAGAAGG,0.325362682764108
GACCCTAGTGGAAATTACGGGGG,0.646679297184798
GCGGCGGTAGTCAGCCCAGACGG,0.00752569216891667
AGTGTTGTGAATAGTACGGCTGG,0.145279088197964
GGCGCAGCATACTTCCAGCAAGG,0.37494470993276
CTTCTCTGCACTATGTCGGGTGG,0.497107719337149
TGGATGGCTTTGATTCGCCCTGG,0.301475535428685
CAAGAAGTATGGCCTGGACCAGG,0.143685158750394
GCCCTTCTCCTCTTAGGCCATGG,0.00105974379446408
TGGCCTGGATAGGCAGGACATGG,0.110877544816084
GAGTATTCTTATCCATCCCGTGG,0.397165190601098
AAGAAAGGCGAGCAGAACAGAGG,0.286085867096868
GATGTGGAGGTTTCTGCCAGTGG,0.366590477957838
GCAGAACATGATCCGCCGCCTGG,0.134181909514578
GCTGTGGAATCAGCTCAAGCTGG,0.166116399005114
TCCTATAGATCTGCAGACCAAGG,0.18458116490251
TAACTTCAGACCACCGCCCAAGG,0.155686611708936
GCCGGCATAAGAGCATACGCTGG,0.174132100216602
CCGTCCCACTTATGTGGAGCTGG,0.0757835009289363
ATCGTGGGTATGCCTGGGACAGG,0.165354414640441
GAGGATCTCAGGCTCCACGATGG,0.58942746855345
TTCACATCGGCAGCCACCCGTGG,0.316378448078686
GAAGAGTCTGCTCTGCACCCAGG,0.081801645570849
TTCATCCATGACAAGACCGCAGG,0.247133842639343
CGCTTGGCATGGAACTCCAAAGG,0.214215438674297
GACGGAAGTCGGCAAAGCCACGG,0.514699461970619
CCTACCTGAGTGCAATGCAAAGG,0.462311481092635
CTCAATCTCAGACCTACAGATGG,0.468079506171004
TAACCTACCTTCTGTGGCCAAGG,0.142772616350945
AGCATAGCCTCCGATGACCATGG,0.696679297184797
AGTACCTCAGTGATGCCAAAGGG,0.000474581829992612
CAAAGGCATGACCATGGAGGCGG,0.137551815470691
CTAGCAGGACTTCTCGGCGAGGG,0.482230067723827
GAAAGCCGAGAAGTTTCCACTGG,0.149367617961287
CGGAAGCACAAAGGTCCACCAGG,0.0779353968770559
TTACCTTCATGTTGTCAGGGGGG,0.270456726651882
CCCAGGCCTTTGTGGTGAAGCGG,0.108268959088709
AGGCAAGACTGATGAAGCGGAGG,0.272619736055644
CACCATGAGCACACCTGGGCAGG,0.723539276285738
GGCCATCGAGCAGTTCCAGGTGG,0.283504884859877
GAGACGCTATGACCTAAGGATGG,0.351903957581663
GCGTCTGCACAAGATGCCGGTGG,0.256757667090754
GGAACCTCCTTTGCCAGACGAGG,0.341968834703137
CAACGAAGACACTTCAGCCCTGG,0.251676253721319
CGTGAATGGTAGAAATCAGCTGG,0.162293019756853
CTCCGCGTACATGTCTAGCGGGG,0.192739903245612
TCGCCTGCGGGAACTTGACCGGG,0.280965699906899
ATCATGAAGAGTTCAGGAGCTGG,0.174670648264548
ACTACCTGGAGTGCAACACAGGG,0.644787970120848
CGAGAGGGAAGCGATGCCACGGG,0.729845441385425
GGACATAGCTTATCTGCAAGAGG,0.160263414216961
GGCGGAGATGTTCCGCAGCATGG,0.240924158732589
GCTCACCTATCTGTGTCAAGTGG,0.00597092456771425
AGGGCAGCTTCCTTATCAAGAGG,0.314894644526335
TCAGTCAGAACTTGGAGCCGTGG,0.0631078106701594
AGTGCCAACCAGTGATGAGGAGG,0.0746961074307863
TGAACACTACCTGTGTAGACAGG,0.186924856223481
TGAAGAGCGAACGGGAGCGAGGG,0.218523602304547
CGAGTTGTAGGCGCGAGACACGG,0.414208032816773
CAGGAAGGGCCCACAGAACCAGG,0.115153696348434
CCTGGAGAATCTGCGGCGGAAGG,0.372668939197181
AAATCCTGGCGGCGAAGCCCTGG,0.268633320172885
GGCGTATCAACCCTGCCCACAGG,0.286449412127117
ACGACATCACTGTAGTGAGCAGG,0.212332379734641
TTCAGGTGTCTGCACAAGCGAGG,0.154884195204705
GAGTGGATTCTGAGGACCGGAGG,0.246555270478468
GACCATGCTGTATACTCCACAGG,0.26689350826066
TACGCCGTTCCACGGGCACGTGG,0.0813523247767425
AAAGGCAGCAAGAGATGCACAGG,0.443800509305801
TAGGTACTGCTTCTCCGAGATGG,0.45399600293762
TGCATCCAGCATCTTGACAATGG,0.487175639922102
AGAACCGACGGAAGAAGAGACGG,0.374913361970377
TATGTTGGTAACCTGGGAACTGG,0.467719004603606
TCCAGTGTCGAAGGCTGGACAGG,0.147704695765867
GGAGACCAGAAAGGGCGGAAAGG,0.17106937706154
ATCCAGCAAGAACTGACAAGAGG,0.21822579666254
TCCCAGGAATTTGATGCCCATGG,0.118983372419468
CGACATAGAGGAGGTGAGCCAGG,0.2376981059616
CGTCACAGATTGACGCACAGCGG,0.159815458566243
GGGCGGAGTGGAAAGGACGCAGG,0.0205686257171813
CCAGGGCTCGCCATGAAGCCAGG,0.0962746190063031
AAGTTGAAGCGCTGGAAGAAAGG,0.0671024946767098
GACCTCAAGGAGGAGCGCGGCGG,0.0296908827704729
TTAAATTGGCAGGGAGGAGGAGG,0.124058954971066
TCCTGTGAAAGCCAAGAACGTGG,0.243609378068655
TGGTGTCTGAGTGCTCCGCGCGG,0.124207624789893
CACCTGTCAATTTCTGCAGCTGG,0.079544592279313
GAAGCTGGTTCAGGCACGCCAGG,0.118854121053177
AGCAGTCGGCAAGGACAACCCGG,0.185866431360191
GGAGGGTCAGATGGTCCAAGTGG,0.68212339331834
TCAGTACTCAGCCTGGCAAGGGG,0.0446678029317129
CTTTCGGACAACGGATCGCCCGG,0.126701560969628
CGAAGATGGAGGGAATGCGGGGG,0.220435828009876
TAGTCACAAGCTCTATGCCGAGG,0.788060788726962
CTTGCTGCTTTGAGTGAGAGTGG,0.0833122365610993
GGGTGAGAACCTATCACCGGAGG,0.261352324777119
TCTCAGTACAGGGCCCACAAGGG,0.0463344695983399
ATATGTAGTTGACACGGGCATGG,0.106472491965833
AGCAACAGCAGGGCGTGGAAGGG,0.0989071837109117
GCACCAAGTAGATCATCAGAAGG,0.283513152983544
CCTTTCCGGTATCCGTACGGGGG,0.397036755288717
TTGGTGCAAACCCTGGGAGAAGG,0.689871564686992
TCTTCCAGTTATGCAGCACCTGG,0.208905002513512
TGGAGGACCAGTTCGCCAAGCGG,0.29077020627508
AAAGGTTGCTACTTAGCCACTGG,0.40512757304624
GAGACACTGCTCTGACAAAGAGG,0.263713871276178
GCCTTGATACAGTCTAGACGGGG,0.374098314948434
CGGAAGAAGATACCTCAGAAAGG,0.0830248802392811
GCTTCACTCGCACGTCCGCACGG,0.286287447655017
ACTTTACCGTGGTGCTCGAAGGG,0.308011585586051
CTAGCGAGTTATGGCGACGAAGG,0.0991348875714433
TTCTGAGATTCCCTCCAGGCAGG,0.111644089705214
GCCCTTGCTGCTGTGGGACAGGG,0.118635501370222
ACATCATCTGGACCCTGACACGG,0.0941135809027659
GACGGACTTTAAGGCCCAGCTGG,0.190997712004986
CATCCTCTGCCAGTCGCAAAAGG,0.0153888060665092
TGCCCTCCTTCATAGTGAGAAGG,0.36142547002226
AGGGATATCTTCACTCCACATGG,0.200629140444359
CTAGGATCTTTGAACTGACCTGG,0.00639934672027848
AGAGTTCTTCATACCCGCCCAGG,0.503212303878059
CAGAATCTCGTGTGGCAGCGTGG,0.0435079283236063
TAAGGATGAGTGGACTCAGCTGG,0.239440099071789
GGTGGTGTGGCCAATCCCAGAGG,0.760035710357056
AGAACTACGAGCTGCGAGAAAGG,0.0694953891385907
CGTGCGGCTGCACACCAACAAGG,0.153984737563108
TTACCTGACATGGGAAACAGAGG,0.160062497794328
CCTACCAGCTCGGTTTCCACAGG,0.0706030171427913
ATGCGGTGGTCCTTGAGAAAGGG,0.120164145669437
GATCAGCGGTTTGTATGGAATGG,0.60923415611834
AACCGAGGCCTCAGGCCAGGAGG,0.210153696348434
GGGCTATACCAAAGAAGAAGAGG,0.128113035330097
TCATGCCTTCGACAAAGCCCTGG,0.202345010251727
CAGTCGGAGAGGAAGCCCGGCGG,0.237029349431192
CACTGCAGAGCAGCGGCGCACGG,0.0900984062814447
CAAATATGGGCGGAAGAAGGAGG,0.205221616934014
CCCAAGAGGAAGGCCTCGGGCGG,0.415989642012384
CTTGGAGAAGGAGCATGAGGCGG,0.3231705065953
CGTGGCCATGTCCCAGCGAGTGG,0.502348053715205
TGCCTCCCAGACGGTGAAGAAGG,0.194531961761161
CCCTCGTTCTGCTGGCCAAGTGG,0.0469009141184352
GGTGAAATAGGCACCACAAAAGG,0.156859116834799
GCAGAGTATGACGTCTCCAGAGG,0.42965735361113
CGTGGAAAGCCTAAGAGCACAGG,0.41226141568621
TGCACAGACTTTATGTAGGGGGG,0.055051384337871
CCTGGAACCCTTGGAGGACGGGG,0.399589433026177
AGTATAACTGCCTGACACAGCGG,0.447321930413638
CAGCCGACCTGACTGAAAGAGGG,0.320122348386678
CTGGTTCACACGGCGCAGGGGGG,0.510430603349688
TGTACTCTTGGTGTCCACAAGGG,0.479699150894515
AGCTTGCATCATACAGCGAGTGG,0.35623215758715
AGCAACCCAGCTGAACAACAAGG,0.117892783540124
CTCCCTTTGGCGTAAGCAGAAGG,0.0606709377279323
TGAAACCCGAGAGGAGCGCATGG,0.164602063543263
TCACTCACCAAGGGCCGCGCCGG,0.1236385448337
AACACTCACCATCCTACGAATGG,0.289626005648747
AAAGGCCATCATAGAGACGCAGG,0.301438962806114
GAAGCTCCTGGACTATGAGGTGG,0.22899382174091
CATGCTTAGCATCCAGGAAAGGG,0.0241318441079023
AGGGATGCCCAATACAAACATGG,0.10068097902193
CTGCCAGTATTCCATCGAAGCGG,0.264194540032291
TTGCTGAGGGAGGACAGGAGGGG,0.504401345251882
TTACATGGTCTGGTTCCAGCTGG,0.212870519754703
GGAACCATCCTCTACACAGGTGG,0.167023716744124
GGTCATGGCCACTACTGGCCAGG,0.240808144042105
ACTTTCAGCCACCGTACAAGTGG,0.123324657182808
TCCTCCAGGAAGACGTGAGGAGG,0.190399255387305
GAAACGGCGGCAGCTGCAGGAGG,0.0579771941601907
CTGGTAGAACTCCTCTGCGGTGG,0.675615647661131
TTCTCCTGATCAAGGTCAGCTGG,0.0948587360386542
AGCACATTTGCAAATCGCGAGGG,0.198261961257855
CTGCAGTGCCTCATTTGAGGAGG,0.178332471066774
AGCCACCCACCTGGTAGAACTGG,0.178070421993578
ACGAAATAAACTGGCGACGAAGG,0.255017855177901
GAAGGGAGAACAGGAACGGCGGG,0.199615148301115
TGCCCAGCCAGAAGAGGACGAGG,0.0851641456694371
CTCGGCCAGACCCACCACAGAGG,0.23367207399342
CCTTTCAGTATCAGCAAACCTGG,0.00332724640679886
CTGGTTACCATAGGAGGCAAGGG,0.04273163512157
CGGGCTCGGAAGCTGTCACAGGG,0.301559129995456
TGCTGGGAATAGGAGTACACTGG,0.201509064589031
CGACATGTAGTCCGGTAGCGGGG,0.091423288825111
ATTGTGACTGGCAGCCGAGATGG,0.134790151317558
GAAAGTTGAGCTTGCGCAGCTGG,0.300703650833327
TACCGACTGTATGCCTACACGGG,0.190965699906899
AGAAGTGGAGGAGCTCGCCGAGG,0.441099359880722
CGTACGGATACCGGAAAGGCTGG,0.223003317461758
ATTAGACGTGGAATTGGACGAGG,0.116490801383435
CAAAGTGTCCTCCATTACGCAGG,0.306679297184798
AGTAGACAGTATTCCTGAGGAGG,0.248795284645612
TAATGCATCTGCCATCACGGTGG,0.536420245361445
TTGAACTGCTGACTTGGGAACGG,0.13997605789533
CCATGTCAACTGACCTCGGATGG,0.196467931440974
CATCAAATGGTCATCTACCCGGG,0.561517332712697
GCGCAAGGGTCAGAGAGCAAAGG,0.171663623203606
TACCTGGAGCACAATGCACGTGG,0.210839492004111
CCTGATCACTTTGTCGAGCAAGG,0.144952779925801
CAACGGAAACACGTGTAAGATGG,0.0621837099153313
CGCTCACGCTCAGCTGCAGGAGG,0.0850833964357075
ACGCTGCTGCGGACGTACAGCGG,0.295723184332133
CTGAGTACTTGTGATCACCAAGG,0.327726410461131
GACCTCTGGCGTCCTGCAGGGGG,0.311634456438561
CGATTCTTCACTGTCAGCGATGG,0.12569842617339
AAGCGGGACTGGATGCACACAGG,0.25283612832947
TAGGGTAAGGTAGCCGAACGTGG,0.443703421955802
GGGCTGCTCTTACTCGGAAAGGG,0.273847531249374
CACTCGCTCCACCATGGGCACGG,0.133264806590708
TGAGCTCTTTCGCTCCCGACTGG,0.0767859715896578
AGAACTTGATCCCGGTCCGCCGG,0.141381491541725
AGTGCTTCGTGAAATGCGACAGG,0.119470630980036
CTCCTGTCAGGTGTCAGAAATGG,0.119501978942418
TTCTTCAGCTGCATATCCACGGG,0.0820032261294371
TTGGCATTCTTAGATACCGGGGG,0.244333424666302
ACCAACTACCAGCTGGGCACAGG,0.53683603699671
GCGACAGAAACTAGAGACCCAGG,0.379657353610503
ATCTGCGCATGAGTTCAGCAGGG,0.248551906803451
CCCGAGACGTACCCTCCACCTGG,0.113640726030661
CCAATACCTTGGCAGTGACCGGG,0.10140761484392
GAAGGAGTGCACGGTAACAGTGG,0.210265595414109
CTCCTGACAGTGGATCGAGCGGG,0.26206592205439
GGATCACCATCCATCTCAACAGG,0.103928746487933
TTGCTGGCACGAATAACCACAGG,0.215629140444359
TTGACAAGAACCTGGAGCCCGGG,0.402355459573357
ACCCTGTAGAGTTTCCACGGTGG,0.341550861871789
TGATAATCCTGCCTGGGAAGGGG,0.129471447034172
CACGTACAGGAATGCAGAACTGG,0.117819638294556
AAGTCTTGGCGGTGGAGCCATGG,0.164054138337275
CAGCTCCAGGCGATAGGGCACGG,0.102789770521413
GCCCTAAGACGATCATCAGGAGG,0.556339694258779
ATCTACCGGCACCTACGCCCTGG,0.742919722896241
TCAGCATGTCGGGCTCGGCGAGG,0.236619601294757
GCTTGCGGGCCTTTCAAACATGG,0.086793831686507
GCCTGATATCAACCAAGAAGAGG,0.161257464835835
ACCGATCCGATTGAAGAAGATGG,0.373936350476334
GATGACAAGTACAAGAGACCTGG,0.410284312858779
GCTTGGACTTAAGGATCAGCAGG,0.120464132509156
AGGCGGGCTCAATGGAAGGCCGG,0.509354323308309
TACCGTCAGATTTCCTCCAGAGG,0.554006452257996
TTCCGGACATATTCCTGGAGAGG,0.384453591855644
AAATGCTGCCAGTGCTCAAAAGG,0.110222982077214
CGGCATGTCTCGATTGGAGAAGG,0.0284922543423524
ACCGGGAGAAAGACTCAACCCGG,0.16258534463041
CCGGGTACGAAGATTCCAACAGG,0.17129926211897
TTGTGGACTACCGAACCAGGTGG,0.576856935638089
TAAACTGCTCGGCGCCGCCACGG,0.278528826965362
CAGTCTCAAGATCATAGAGGTGG,0.454678252252509
CCTCGCAGAAAGCAACGAGGAGG,0.210890373465048
GCCGGGTTAAACGGCAGGGCCGG,0.100331334802352
GCGGATGCGAAGTTCCCGCATGG,0.548931125816145
CTTCATCGGGCCGTCTCAGGTGG,0.34610676573762
CTGGTATAACTGTCTGACACTGG,0.313460906380409
TCACAATGCAGTCGAGACACTGG,0.159458816515832
TGGACGCACATTTGATGCCCAGG,0.475741039510661
GAGCTACCCGGAGATCGACAAGG,0.544239380779155
CATCTGTTTACTGGCAGGCAAGG,0.221070193115676
AATCAGAGATCCTTCGGAAGCGG,0.277677207320221
CTTTCTCCTAGGTATAGCGAAGG,0.295887330000943
ACGATGCCGTGGGCCGAGAGTGG,0.10907219164624
AGGCTTGGTTAGACAACAGCTGG,0.26170785779215
AGTTCTGGACACACTGGAACCGG,0.161561311192166
AGGATACAGCCATGTAACACTGG,0.69387061108809
GCCCAGAATGCCTTGAGAAGAGG,0.301935305544045
AGGCTCCTTTAACCGAACAGTGG,0.427245741705018
GACAGCTGACGAGGCCACGCGGG,0.422154741280722
CGGGACCACATGCGCAACCATGG,0.230161102206586
TGATCTCCAAGAACATGCCCTGG,0.389046068344672
CTCGACTGTGGGATCCACCCTGG,0.394967789771476
AAGCTTGTGACCAGTTGGGATGG,0.482567489451882
CACGTTGTGCAACGCCGCCCCGG,0.0450827323002534
TTCCAATCACAGACTCCAGGTGG,0.281644905758937
GAGATAATGCCAAACGAGCATGG,0.277551815471318
AGAGTGGTCTGTGTTTACGGAGG,0.494244605439343
ACAGAGTCTTTAATAGGCCCAGG,0.162719004603418
TCCGCCAAACCTCAGCAACCTGG,0.0967628917509417
AACCACATGAAACTCCACACGGG,0.408340739191067
ACTCAGAGCCTTAATTGGGCTGG,0.50494470993276
CCAAGCTGAGAGAGATGCACTGG,0.935218573470536
GCCAGCGTCCACAAAGCAGGTGG,0.0728838144085601
TGACTTCTCCGTGTCCCAGGCGG,0.211394122059877
AGCTCACGGCCAGGATCACGTGG,0.363993821740283
GGACGGCGCCATTGAGGACCCGG,0.116911363439188
ACCCTTACCTTCTACCGAAGGGG,0.336245650371631
AGTTGGAACAACCACAGGGCAGG,0.501940530204233
TCCGGCGACACAAGTTCCGAGGG,0.224947147238545
TTAGCCCACCAACCTTGCCGGGG,0.452021081307526
GCCTGCTGGTAATAGAAACCAGG,0.29122997639044
TCTTCCATCAACTCATGGCAGGG,0.368499660200316
TGTTGCCTATGCGCCAAAGAAGG,0.13540584519107
GGCTAAGGTACAGCTCCCGCAGG,0.308196629896868
GGCTGCAGTGTCGTCCAGCCAGG,0.110849941324863
CCTCACTGTGTGCCGCACCAAGG,0.143222753198435
TTGAATAGCCAAGTGCAGGGAGG,0.574905093846711
CCTGGGCTGTGAAGTGAGCGAGG,0.239887238668183
GGTCTACTGTCAGTACAAAGAGG,0.458447413595927
CGTGCTGGATGTGACTGAGCAGG,0.0164202453618208
GAACGCGCACACCAAGACGGTGG,0.886650130419752
CTCTCCCTTAGCTTACAAAGAGG,0.389701332091225
GGAGGAGGACAAACCGGCCGTGG,0.273494435539501
CTTTGAAGTAAGGCGACGACAGG,0.219322975345299
ACTTTGTGCCGCTAGTGAAGCGG,0.0091266194475512
CTGGGTACGGTGTACCGGCGTGG,0.129879634680222
AGGGACGCTTAGCTCAGGAGCGG,0.3055873431616
ACAGAACTAGACAGTACGGATGG,0.441977102827431
CAGCCTGGCGCCTCTGAAGGAGG,0.164476671693733
TGGAATGCCGGCCAAGCGACAGG,0.560252964896396
CTCCTGTGTGTTGGAGAGGCTGG,0.204893828472199
TGAGGAAGCGTTGGCTGCGCTGG,0.299826723940755
TCTGCAATACGAGTACAAGGCGG,0.383828813805332
AGTTAACCTCCTGTGGCGCAGGG,0.162637591234799
ACCTGAGGAGATGCGCCAGCAGG,0.382024124771004
ATGAAGAGCTTGACCGACAGAGG,0.331937486740755
GGCCCGGCATGTAGTAGCGGTGG,0.246924856223669
CACAAGAAGACTCAACAGGAAGG,0.392233111186678
CAGAGCGCTGGTAGATGAGGGGG,0.143539276285926
AGATCTGTCGGAACTGGGAGCGG,0.156368662893388
GAGTGCATCCAATGCAGCCAGGG,0.24578065559671
CGCTCAGACTATTAAGGAAGAGG,0.0135048848602534
CGGCCGCTACCTTGTTGAGCCGG,0.295968743371004
TTAACTTGAGTGGTTGCCCACGG,0.401613557796554
TCGCCTGGAGCTGGACCAAAAGG,0.100414929368497
GGTAACATGGCGGATGCGGAAGG,0.340859025502039
CAGTCATCTTCAGTTCAGCGAGG,0.418278043266302
AGGGCAATGGCTTCGTACAAAGG,0.106880015476805
TATGGGAGACGGCCAACAACCGG,0.333985553617244
CCGAGCAAGTAGAGAGCAAGAGG,0.142114309140914
CGGCAGCCCAGTGGCTGAAAGGG,0.136826952819158
TGCTCTGGAGACACGAAGACTGG,0.13157094445966
CTGGATCCTGGCGGATGAGCAGG,0.175564065192071
AGCAGAGGTATGATGCCACCTGG,0.52305338286881
GATACGGCCTTCCCTGGAACTGG,0.0290534742019462
GGGCGATTCTCTCACTGAGCCGG,0.0649342606119449
ACCATGGTAAAGAAGCGGAAAGG,0.0429510708582472
TTATCCAGAGAGCTTCGACCAGG,0.0822927636482158
CTATGGACATTCATTTGCGGTGG,0.404855890706428
CTCCGGCACGCTGTGCACCATGG,0.303003317461758
TCATGCGGTTCTGTTTCAGCTGG,0.196807126339925
GCATGCTTTGTCTTAGCAGAAGG,0.0588549371068992
CTGTTAGCAGACTTGGCCGATGG,0.730725365529469
GATTGATGCCTTCCTACGGGAGG,0.599479715157838
AAGTCCTTACCTTCATGGCATGG,0.346639681098122
TTCTGCCGTTTCACCAGGGAGGG,0.137318070896399
ATGCCTCCACCAGCATGAGGAGG,0.347071146714578
AGAGACCGTAATGCAGGACCAGG,0.280179819650628
GCCAAACATGCTGGTCCCACTGG,0.170213348809721
TTAGCAACCTGTTCCGCAGATGG,0.298290673784015
GCAGTTATCTGTACCTCAGCCGG,0.287444278799689
ATAGTTTGTGCTCAAAGCGCAGG,0.137830903668655
TGGTGGTCTGTCTATCAAGAAGG,0.394884195204705
TGCTACTCCTTCTGGCAGGCGGG,0.092878589748184
GCCATGATATATGAGGACCAAGG,0.650046159677432
TCATCGAGACGGTGTACCGCGGG,0.42040448004812
AGAAGGACACAGCTCAACAGTGG,0.433651175351413
TACACCGAAGAACGGCCGCGTGG,0.163169690541164
CAGACACCAGTTCGCAGAGCAGG,0.0789154518345154
CCCGACGGGACTTACGAGCCGGG,0.0633929857948289
TGATAAAGCGCGGGAACACCGGG,0.400660488407368
ACCAGGTGAGTCTGCGACAAGGG,0.0634243337572114
AGGCAAGACACTCTGTGCGCGGG,0.588366862493262
TTTCTGTCCACTCTGGACAATGG,0.16297222560847
ACTGACCGCAGAGATGAGAGAGG,0.398319840549688
GCACCGCAAGACCGGCCAGAAGG,0.560349562980859
TCATACCGGATATACTGAGCAGG,0.356556086532604
ATGGCCTTTAGGCTGACAGGTGG,0.425728408992321
AGCTGTGGTAGTTTGTCCACTGG,0.103933307012855
TGTAGGTAGACGAAGAGCGGCGG,0.212457771583982
CTCGCTAGCATGTCGGGCCGCGG,0.167473037538294
TACCCTTTCAGTAGCAACAGTGG,0.0696521289505029
TAAAGAGATCCCTCTTGCCAAGG,0.0923058484053596
AAGGTGTGAGGTGAACCGAAGGG,0.198450457059218
AAGAGGAGTCCCGGAACACGAGG,0.0100043623942597
GCTACAGAGTCTTCGAGAGCTGG,0.0487273640602208
AGAGAACGGAGCGGACGCCATGG,0.42917668485439
TTTCACCTGAGCAGACAGACGGG,0.0454275598864603
CAATATTGCTGGCGGCCACCCGG,0.141843442853608
CAGCCGAATTGGTCTTGAGAAGG,0.0754828499536377
CTACATGGCAATAGATGGAGTGG,0.361167280465675
CGATGACAGAACTTGACCACAGG,0.333361637832446
GCTTTGACAGTATACAGGGAAGG,0.176496434070503
CATGATGGAGTTTGAGCGGCAGG,0.177214393742636
TCAAGGAGCAGAAGTACGACCGG,0.344594657685738
AAGGAGGCTCTGTTCTCAGAGGG,0.118599592883168
AATGAGGAGGACTGTAGAAGGGG,0.705908228642949
GAAGGTGCAGCCGCCTGACGCGG,0.407813048490754
ACCAACCCACCTCCCAGGAACGG,0.257760801886992
ATCCCAATTGCTGACAAACGAGG,0.321665804400943
AGCGCCTCCAAGGAGAAACGAGG,0.210287158191193
GGAAAGAATAGCACTTGGAGTGG,0.302313662289344
TGCACTGATAACCAGTCAGAAGG,0.201799464373512
GGTGGTGAGCCAAGTGGGCCAGG,0.140261034888999
CTTCCAAGGAACCAGTGCGAAGG,0.62329589844483
TGGACGATACTCACTCCGGCGGG,0.228565399587932
CAGCCGCTTGCGATATCAAGGGG,0.289866340026804
TCAAAGAAGCAGTATCGGCAAGG,0.315111899065675
ACTGCACCAGCAAGATCGGCAGG,0.350477625293261
CCAAGTGGACCGGGTGGACGAGG,0.0385310081623224
CTACCAAGAATTGGGCCCGCTGG,0.172319143058815
GGCGCGTATGATACCTAAAGTGG,0.435571669180409
CACTCGTTCGTGTTCACGCGAGG,0.217839171792948
TGCGAAGAAGTTCAAAGCGAAGG,0.159466478482056
ACCTGTTACGGTGTATGAGATGG,0.520247740235581
CCTCGACAAATGAAGACACCTGG,0.272452546923355
GGATGCAAATGCTGCACAGCAGG,0.00562609698150735
CGGAATCTCGATGAACACAGGGG,0.313316797085583
TACCGATGTCCTCCTCCCGCAGG,0.827433829479313
GATGCAAATGCCAATAGAGGTGG,0.158183999378528
AATGCCACAGCAGTCCCAAATGG,0.0978994883897514
TTCCCAGTATCCACATGCGGTGG,0.211762891750942
TAGCACTCACCTACGAACACTGG,0.288999046401098
TGACCGCGTGGTGAAGCCAGTGG,0.644025169703293
AAATCTCCTCAGAGCCGCCGCGG,0.204793194781036
CTTCAAATCACTCACAACGGAGG,0.398248876501256
AGTTCCCTCTACTCACCAGCAGG,0.32260406207508
AGTTGTTGTGGACGCTCAGGAGG,0.243640726031037
CTCAAATACTCACCCTGACCCGG,0.0717315437885593
GAAACATCTAGTGGTGCCGGGGG,0.510934351944517
ATGGGCCTGACACAACCAAAGGG,0.068048158208622
CAGCTGCTCCATCCTGGACGCGG,0.0785601749275562
ACCTCTGCGCTCGGAGACGGCGG,0.048896734390034
ATTGTCCAGCATGCGCAGGATGG,0.296326201474297
CATGACAACAAGGTGCAGGATGG,0.545352233443732
GACACTTAATGTTCACGCGGTGG,0.486371042221161
GGCTGAGCAATATTAGCAGGTGG,0.0235884794266484
CGGACCTGTCGTACTCAGACCGG,0.107530508802432
GGACAATTCCGGGAAGGAAGCGG,0.229688701573512
CGGAGAACGACCTCAACCAGGGG,0.168225796661914
TGTTTGCTGCAGAAGAGACAGGG,0.19794325697403
CCTGACCGAGCCTGATCAGAGGG,0.0920733279115387
GGGAGCCAAACCCGTAGAAATGG,0.0340795975040152
CGCCGAGAAATTTCTCAAGGGGG,0.273497479002979
AGTTGCCGCATGCCTAACAATGG,0.124737904714046
CTTGCAGTCCTTGTTTGGAGAGG,0.305158921009249
TCCTCAATTTATCGGAAGGCAGG,0.131264169685469
GGCTGACGAGGTGGTAGCCCCGG,0.0366919277025104
TCACTTCGCTGGCCTTGGAGAGG,0.356068011917713
CTGCGTCCGAATGTACGAACTGG,0.100694681702165
GAGAACTGCATCCAACAGAGGGG,0.60142547002226
TACAAGACACTCACCGGGACCGG,0.148580665542494
CCGGGACGCTAAGGCAGCCATGG,0.385158921009249
GAAATACTTCTGTACTCGGCTGG,0.187203944421006
TGGCACCAGGGAATAAACCCTGG,0.131830404309454
TGGTACGACATGTTCCGAGGTGG,0.546305302833545
ATCGTTGGAGCCAATGGAACAGG,0.16588236144958
GCGCCAAAGACTTTGAAGCCCGG,0.118925901155519
TCGCCGAGAAATTTCTCAAGGGG,0.105344629455582
GCCGTATTTCTACTGCGACGAGG,0.370816006728404
CGCGATCCGCGTGTTTCAGGAGG,0.223661624671789
AAGAACCCGGAGTCCCAGCGCGG,0.156971878166804
ATGTGGTCTCCTCACTGCGCCGG,0.330579075037934
AAGGTGTGTTTCCTCGCCACAGG,0.558332471066774
CTGGGCATACATCAAGAGGAAGG,0.304364772628685
GGACAAGCGGGTGTCTGAGGAGG,0.183045114745771
GATATCTTCGAGAGAGCGCATGG,0.221574803976647
GCTCATCAGCACTGTAGGCCCGG,0.14426686922455
TTCAGTGCAACACGTGGAGGCGG,0.359317750685111
CTGCAACAACATCATAGAGCCGG,0.133849712446084
ACAGTCGTGTCTGTTCAAACCGG,0.152630185376647
AACAGTCTCTCAGGATCAGAAGG,0.112436872941976
CCCTCCTGGTTGGGATAGCCAGG,0.129769916811883
TCAGTGATACCCACTGAACCTGG,0.163816183286992
TTTCTTGCAACGCATGGGCAAGG,0.209731863999848
ACCGGGATCCTCGTCTGAACAGG,0.125506593928102
TGAAGAGGACAACGCGGCCAAGG,0.0787008327313972
CTCCTCGATCCTTGGTCAGCGGG,0.0989078478463657
GCATACTGACTATTTGCCAGGGG,0.662598837414265
GGTGGTGATGAAGCAGCCGAAGG,0.277290582451255
ACTTGAAGTTTGCTGGCCACAGG,0.0226689391968051
GCCCTACCTCGCCTGTGAGCAGG,0.222627141913169
TCCCATCCTTGGCTAAGAACTGG,0.158392985794829
ACTCAAGGTCTCCACAAGGGTGG,0.117557040131506
CACTCCGCAGGCCATCACGCTGG,0.219124438250189
GGATCGAGCCTGTTTCACCATGG,0.624646904290127
ATTCCATCTAGGCCGTAGCATGG,0.297235292383388
TTTACAGCCGCAAGCACCAGCGG,0.422614511396083
CCGCGTCACGGAGCAGGACAAGG,0.205106674405048
GGCGGGACATACTAACCGGCTGG,0.375947844728998
GCCCACATCAGGTTGAAGAAAGG,0.273507928323355
TGTAAACTGGAACCCGGCCAGGG,0.188084730831193
ATGCCTATGTCGGTGGAGGAAGG,0.280143247028058
CAATCGCATAGAGAAGAGGGAGG,0.716211258946397
TGAGGTGATGACATCGGAGGGGG,0.0681025860097205
TGATCTCCTTGATCGGAAGGAGG,0.360963518710189
GCGCTGGACGGAGAGGAAAGCGG,0.331256099692634
TGGGCATCGGACCAATGAGGTGG,0.228290673784015
CGAGGCAGGGTTACTCACCATGG,0.0674003003194057
CGTCTGCGCCTACGTGCGCATGG,0.238782047970019
CATTCACTTCGCTGTGAAGATGG,0.134265096054281
AGGGCCTCTGATCCGGAAGCAGG,0.16496520054751
TGAGGAAGCTGGCTACAAGCTGG,0.209607288204078
TATGGGTTCGAGAAGAAGAGAGG,0.350101449744672
CACCAGGTATCCTAAGAAGCTGG,0.0899625651110371
CTTGCTAGGTCGATTCCGGGGGG,0.461352324777119
CAGTTGGGTAGGGTCTCCGGGGG,0.373163100737149
GACCAACGTTAATTGCAGGGCGG,0.465603017142791
TGTAGTGTATGCTTCCAGGAGGG,0.258199673359719
TAGACAGGTTCAATGACCCAGGG,0.609072191646866
TGTATACCGTATTGCCAGACAGG,0.485383581406114
CAGCCCGTAATGGCTCACACTGG,0.0292446054395938
TCTGTGGTGGAGTACGACCCGGG,0.762658489875551
TTGAAAGGGCACTCCACAGAAGG,0.14388932853276
AGTCAATGGGAGTTCTCAGCAGG,0.123368227636211
CAGCATTCCATCATTCCGAGGGG,0.25212557451505
CCTAACTCTGGCAACTCGAGAGG,0.160906047445613
AGCCAGGCATGAAGATCACAAGG,0.43594262006881
GCGGAAGATGTCGGACAGCGAGG,0.23241074963997
AATTACTGCGCGACCTCCCATGG,0.505333515999689
CAACCTCATCTACTATGCACTGG,0.395134978903764
TCAGGCCAAGAAGTACGCCATGG,0.539792829319565
CGTCCCATGGAATGTCACCCTGG,0.158089955491819
CTTTCCTGTTGAGCTCCACCTGG,0.309019945042478
GGTATTTAGCTTGTAGACCCTGG,0.551182954446866
GGATGGTCCCACGGAGACCCTGG,0.292964563641851
AGAGTGGTATAAGAGCAGCATGG,0.433567580784642
AACTCCCGCACTTACCAGAGAGG,0.425414929368497
GCTATCCTGAAGGCATCAAGTGG,0.07273163512157
CCAGGAAGAGATGATGGGCGAGG,0.14726927578262
CGTCCCAGCGCTGTAGACACTGG,0.231728500325708
AGATCAGCTCCGACTTGGACGGG,0.301047113276334
GCTCCAAGAGTGAGGTAGACGGG,0.115844716664462
CGGCAGCAATGGAAACAGGAGGG,0.316386716202352
CGCAGAGCTACACGCGGAGCAGG,0.27046413250878
AACACGAGAACTTGCCAGCCAGG,0.0314777166262723
CTAAACCCTGGACCTTACCCTGG,0.582867476291852
AGTGACATACCCACCCAGAAGGG,0.114193723978995
CTACATTAGAGAGTCTGGCAAGG,0.0660649684548616
TCACCGTCCGGAGGGAGAGCTGG,0.0856469956231374
GGACACCAGGGAGAAGAACGAGG,0.419784926657996
CCCAGAACTAGTTGCCCGGCTGG,0.177258826461993
GAAGATCAGCTTCTGCCGCAAGG,0.0193251565426359
TTGGGTACGGACAGCAAACCAGG,0.291456817984642
CTGCTGACGGCGGGAAGCGACGG,0.130620872320692
GGAGGCTGCCATGGACGACGAGG,0.231804689034327
CACCCGGAAGGATGGGAAACAGG,0.0889548697899394
CCCGGAGGTGTACCACCACCTGG,0.159518725086006
GCGGAAGGTCTTGTGTGGCGGGG,0.241898732921286
ACAAGGACACGGTCGTGCGGTGG,0.308332471066774
TTGCCGCCTTTGGGACCACCCGG,0.0113553682399888
GCACTTACATCGAAGAGGAGAGG,0.553692972634172
CTTACCTGAAGTAACTCGGATGG,0.651256099692634
ATCGGGAACATCATCTGAGAAGG,0.154988944521743
AACCTCGAAGTAGGGAGCACTGG,0.163587663372888
AGAGAGCAAGGATGACCAGAAGG,0.0485967475503148
CACCGCTTCAGTGCAACACGTGG,0.624476671693733
CCGCTTTCCACATGGAACACAGG,0.0990356190238571
ACTTAGCATTTCAGGCAACCTGG,0.16104847841991
AGACCATGCTGACAAAGGCCCGG,0.0988235891445168
AACTTGTTTCCGACAGGGCATGG,0.106822800321093
CTGTACTTCAGGTGCACAAATGG,0.147805036475787
AAAGGTGTGAGGTGAACCGAAGG,0.214479715157211
AGTTGACCCTACTGGAGAGGAGG,0.532031530627902
GGATGTGCTCATACGTGGGCAGG,0.134089230771008
TGGTCCTGACTTGCTCCCGGAGG,0.380007405857525
ACACGAGATGAGACTGGCAAAGG,0.124291219356287
TGCCGACGTGAGGGATCCAAAGG,0.0832780432661142
CACGTTGGTATCGATGCCAGCGG,0.192703330622227
TGTCCTCAGGTACGACAACATGG,0.269443142534641
ACCAAGATCTTCTGCTGAAGAGG,0.190036374492134
GCACTTATTACTGGCCAGACAGG,0.206603364584188
TGTGCTCGAGCAACCAGAACCGG,0.14642050147052
GGGACACATACAAGCTGAAAAGG,0.108267185918482
TACAGCTCCGGGTTGACAAATGG,0.406862160298904
CCATGTCTCGCACCTTGAGGAGG,0.337133842639343
GCCAAGCCCTGAGCGTAAGGTGG,0.128039890084956
AGTGTCTTGCCTGTACCGGGTGG,0.440467175972885
GGTAATACCCAATGCCACGAAGG,0.514505838459406
GGAGGCTATCAGAGGTCCGAGGG,0.485417110565206
ACACTCTTGCCCTCGGCCACAGG,0.138183999379155
TCACAAGCCACTACCTCAAAAGG,0.0337452192385606
GCGCCGCCATGAACCTAGAGCGG,0.455337817943869
CGGCCACGGACTCTGACGAAAGG,0.296449412127117
GCCTCGATTCACTCGCGCGGCGG,0.108092136688968
TAAACGCCTCCGGAGCGACGCGG,0.373400391652354
ACTCCGGCCACACAGACGACAGG,0.281522557372258
GGACCAGGACCGCTTCGAGAAGG,0.229283359259877
CTTCCTGACCTCTTCAACCCAGG,0.0895106550929646
AGTGCATCTGAGCCGCCCGCAGG,0.09991031850715
GCGTTTCTGGAAGATGCCCACGG,0.73623215758715
GGACTGTCCGTAGGGACCCACGG,0.304594657686365
CTACAAGGTCTAGGGCCCGGCGG,0.312052429269909
TGGACTCGTCCAAGATCAAGCGG,0.116010540653951
TTAGGTGTCCTTGAACCAGATGG,0.132648296663854
CCAATACTGGTGCCCAAGCCTGG,0.192312846236086
GGCGTATTTAGGGTCCGCCATGG,0.289401345251255
ACAGGTGATACACTTGGAGCTGG,0.124978903227996
TTCGCGCACACCGTAGGCCACGG,0.670608241803606
TATTGCCCAGCTGGATCCAGAGG,0.423442188935112
GGCACGTCTGGACTGGGAGCTGG,0.285040935016617
CCTAGGCACCGCTCTAAAGAGGG,0.374288583919438
TTAGCCTAACTCTGGTGAACTGG,0.069262460617871
GCTGCACGTCGGACATAAACAGG,0.0190774163068458
ACGGTCCTTAGCTCTTCCGGGGG,0.483348145047965
AGAAAGGTCCCTAACACCAAGGG,0.11653300669345
GGGCGAAGCCAGCAATGACGAGG,0.101313162929936
TCGGAAGGCCCTGAGCAAAGAGG,0.529555041599689
AGTCCTGGGTCCGCCTCAAGCGG,0.185733633652509
CCCACATCCACAGTGCCGACTGG,0.161151198457855
TCATTTGAATCGCCCTCCCATGG,0.145500705131978
CGACTGAGCATTGTCCAGGATGG,0.459845441384797
TGAGGATGGGAGCGACGAGGAGG,0.141015765314578
TCTGCATGCAGCGACTAAGGAGG,0.0882097146540931
TGATGGGCGCGAGCGGGACACGG,0.186741993108936
ACAGTCTGCATGGATTCGGAAGG,0.716179910984015
CAATTGTCTGGCGGCGAGCCAGG,0.157954114321663
CTTCAAACCTAGGATGAAGCTGG,0.128251919964296
CTGGACTATCTAAAGAGGCCCGG,0.349492345674924
CACTAGGGCCCTGTCCGGCAGGG,0.145595413154642
AGTCGCCGCAGCACAGCAAGAGG,0.324737904714423
AATATCCAATCGGTGACCCAGGG,0.438990778276805
CGGACTGATCATGGGCGGCCTGG,0.0565351878905982
ACCTGACGGTGCTGTACGGGGGG,0.244688701572885
GATCAGCCCGTTCCCGCAGCCGG,0.523278043265675
TGCGGTCTTCCAGAGAACGACGG,0.227389850998591
GATGGCCTTAATCCTTCACCCGG,0.210547727075551
GGATCCACACCTGTTAGCCGGGG,0.374009495721475
CACAGTCCCATCGTCGGAGCTGG,0.0274233801580591
GCCTCTTACCTGAACCCACGAGG,0.441864341495614
CCAATTGCCTTAAAGAGGGCAGG,0.19340865977602
CTACACCATCCATAGCCAGCTGG,0.24289141839671
TGAGATGCGTCGTAAAGCAAAGG,0.263183999379155
GACACAGTGTAAACACCAACTGG,0.0186250520494697
ACTGTGTCTGAGGATGGACCAGG,0.178215347341537
AGGCCCATGAGAAGACGCACAGG,0.403149607953294
GATTCAGCCGCGACAGACGCAGG,0.192377022349626
GCACTGCTGAATGGATAGCAAGG,0.088614602728592
AGTGGAGGTCGGCCGGAAGGAGG,0.248737405354156
GCTGAACTACCTCAAAGAGAAGG,0.132186089243293
GAGACGGGCTACCACCGGAGTGG,0.279996956536522
TGTTGGAAGGCCTTGTAGCCTGG,0.179993097019785
ACCTGAATGGCCCAGTGAGGTGG,0.549252011297495
CCTGCTCCTTCGCATTGAGAAGG,0.0854567266516941
CCCACCATGTTACAAGACAATGG,0.280289537518967
AACAAGGTTCCAGTGGGACATGG,0.198572805445457
TCTAGATGGACGGTTTCCAAAGG,0.136253056229156
TGCGGTTGAGGCGCAGGGACCGG,0.222229251669691
CGTGAAGGGCTACCTGAAGATGG,0.255824634076178
TAGATACCACGAGGAACCCGAGG,0.328175731254862
ATAGTGTATGCTGCTGCAGATGG,0.127056837876588
CGCCATCACGCTCAGCGAGAAGG,0.157569926757874
TCCCACATCATTGAGGAAGCTGG,0.0822927636482158
TCTTTGTTTCAGGCCGGAGATGG,0.503622870852509
TAAGAGGTGAATCACGGCCCGGG,0.216451593323827
ATGTGTGGTTTCTTCACGACCGG,0.218257144624296
TCATTCAAGTGCCAAGAAGGCGG,0.171864341495614
GGGCCATGGCTCCTACGGAGAGG,0.320911272106428
ATACCGTCAGCTTTAAGGACAGG,0.224790151317557
GGGCTGCCACGGACCTGAAATGG,0.0363679987579337
TGTCGACCATAGTCTCCCAGAGG,0.425895598125236
TCACAGTAGCATAGATGCACTGG,0.36504920314091
TCATCCTCCGTGATATCAGCAGG,0.507896643056898
CGCGTAGTCTCTCGTTCGCCAGG,0.105508973255456
TGTGCCTATGCTTCTAGGAGAGG,0.212491300743263
CAATGTTGGTTCCCACAACATGG,0.0578622516314133
CGCCTGTGGCCAGCATCCGATGG,0.140558176395927
ACCGTCCACATGTCTCCAGCAGG,0.135456726651882
AGGAGCTGGTTGCCTTCCAGCGG,0.294829767404233
AAACGCGCTGTGCGAGCAGCTGG,0.180832902200284
GGTTCAAGAGGAGCAAAGCCTGG,0.235605198339501
TTGGCCCTCTTAAGAGAAGAAGG,0.0528914183967098
ATGGAGGCGCGCTTCACGCGCGG,0.0912955176478705
GGACTGATGACACCTGGCACAGG,0.333116078794202
GCAGGATCCAAGTCCTCAGAAGG,0.46412139478715
ATCTGTGATGTCTCCCGCCAAGG,0.279858071903137
AGAAGGTGCGGCCTTGGAAGTGG,0.28471482487508
GACATCCCAAGATTGGGAGAGGG,0.48965735361113
ATGGTGGCCGTGTTCAGGCCGGG,0.273713871276178
CTTGGTCGACAAGGAGAACACGG,0.131088910559719
TTCCTCGGCTGTGACGCCGCTGG,0.144085078273028
GATATCGAAGCAGAAGACGGAGG,0.499850666045613
GCAGATCCATGTGGTTCCCATGG,0.4357493076337
CTCCTCGATGCTGAGTGAGGAGG,0.413011585586051
ACCCGACTGCATGTCCAAGGTGG,0.651038845153294
TGCCCGCAAATTTGATGGGAAGG,0.000276044734902952
GAAATTGATGGAGTACGAGCCGG,0.357099451213482
AGCTGGAGACTCCGCAGCCCCGG,0.0940199450426847
GAGGGCAGGCAATACGGCCGTGG,0.170318098126759
ACTAGTCATCCCGGAGAAGCAGG,0.0883355145304402
GGACAGTTCAGCCACCGCGGCGG,0.674965608574766
GCAAGATCGTCGGCAACAAGTGG,0.283816183286992
GCTTTCACCGACGTGGCCACTGG,0.514299033241068
TCGACCGGATCCGCGTCAGGCGG,0.0862530562291562
GAGGTCTTGTCGTGTGAGCGTGG,0.187995911604233
TGCAAGTTTCTTCTTGGCGATGG,0.0737981299780272
GATTACTGCACGGGCAACAAAGG,0.0885597669006762
TGTTGTCACACAAACCACGAAGG,0.0902738635375875
GGAACTCCTCTCCAGAAGACAGG,0.0487817918613819
TCCCAGCGCGCTACTTACAGTGG,0.506172505125863
CCACAACCACACAACTGAGCTGG,0.123648586127385
TTCATCTACCATGGCTCAGCCGG,0.277191313903293
GGTTGCACTTCCTGCAGAAGAGG,0.0769039575816627
ATTAGACATCATGCCAGGGCTGG,0.12035223344392
AAGCTGGTCAAATTTCGCGAAGG,0.152073327911915
GGTGGAGCAGAGCCGACAGGAGG,0.386115033861914
CAACCCATGACAATCCCAGCCGG,0.411927037420379
TGCAGTAACACAAGTAGCCAAGG,0.172324111610974
CGTACAACGGGAACGGAGCCCGG,0.105751488831037
CACTGCAGTACTATTGGCCATGG,0.090307392697244
ATGCTGAATTAGTGGCCCAATGG,0.202930428325066
TTCTACCATAGTGTCGGCGCTGG,0.147794995181601
GGAAATCTTCTTCGAAGCCATGG,0.23242363626657
ACTTGCAGATAAGGAGCGGGTGG,0.558136977435581
AAACCTTGTGATGGTTGGGCTGG,0.236115033861913
GCACAGTATGTTGCTGGGAATGG,0.326538231354076
ACTGCTTGATACTCAGACCAGGG,0.616660579740128
TGGGAGTTAAACTCTGGAGATGG,0.431600927278841
AAATAGCCACCAGGATCCAAAGG,0.31058952435831
CTACTGTACAGGGAAACACCAGG,0.145091000423669
GGCAGGCTTCTCCGGTGGCATGG,0.228092136689344
GATGTCAGACCCTAAGAAGAAGG,0.120599973679564
AGAGCTACCTGTTGCTGAGCTGG,0.102298652444109
GGGCCCGACGCTCTATGGACAGG,0.139826980049392
CTACACTTACCTCAGTCCGGTGG,0.257141248496241
AACGGCTCTTTACTATGCGAGGG,0.433575848908935
GCGCTCCGTGGTTAGCACAGTGG,0.355490255811601
TCGCCAGTACAGCTCTGCCACGG,0.649826723940755
AGAACCATTGGTTACTGACGTGG,0.294223706797964
TGGCCAAACGCAGTGAGCGGCGG,0.265707510350315
AACCTAATGGATCCCTGGACTGG,0.0887086466157393
CTGGCTGCTCCCGTAGCGACTGG,0.0775096101608643
GAACAGCAAGCGCTACAAAGAGG,0.41546195131207
GGAAATTCCACACTGGACCCAGG,0.392877925612228
TCGAACTCAACGAAGGCGAAGGG,0.0794535918554559
AATCCAGGATCCTCTGGACCAGG,0.276179910984015
TTTCCTACTGTCATTGGAGCAGG,0.154611696810757
TCCTCATAGGTTCCAGGAGAAGG,0.103348145048341
TCTTATCCATCCCGTGGAAAAGG,0.0900729471149551
ATCTCCGAAATGCTAAAGCCTGG,0.11803010489972
TGACTTCGATCAGTTACCGGAGG,0.240914117438654
AGTTTCCAAAGTGGACACAGGGG,0.136663623203167
CATGATATGACTGACCGCCATGG,0.229103539608622
CCACCTTGACCTGAAAGGAGGGG,0.4314807600895
TACCATCGAGGCTCTGAAACTGG,0.072105340009419
GCTGGGAACCTTCACTACCCTGG,0.273076462708153
GGACTTCAATTGGCAAGCCCAGG,0.485385762602824
TGGTCCACCCAGACTTGGACAGG,0.293787016521319
ACGCTTCACTGATACCCGGAAGG,0.64674721776975
GGAGAGTCACAATGCGGGACAGG,0.412648040555175
GGGTCTGGCCAATGATAGCGAGG,0.386221708266774
TTTGGATCGGGAGAACCGAAGGG,0.124131844107902
AGGTCAGGCCAAGCCGAGAGGGG,0.0690221262395638
CGTGGCTGTGCACAACAACCGGG,0.289837173261131
ATGCTGCGGACAACAAACAAAGG,0.446094135219907
CACTCACCTCAATGAAAGACAGG,0.0732541011611939
TCCGATGTCATCACCTCACCCGG,0.26766153333903
CATCCGATTCCACCGCACCAGGG,0.203993821740472
TCTTAACATCAGGGTGCACGAGG,0.149009495721914
CAGGACCAAGCTCTACAGAGAGG,0.470362682764735
ACCAGAGCCACAATAAGCCATGG,0.255122348386051
CGGCTCCTGGACAAAGACACAGG,0.109396120591067
GGAGCAGAAGATGATCGAGAAGG,0.0837848353244214
GGTCCAGTGGATGTACAACAGGG,0.185488074614265
CTGCCTGGAAACGTGTCAGGGGG,0.695764981614891
GACCCGAGGAATTCTCCACCAGG,0.341789015053136
ATACAATGCACCAGCGGAAAAGG,0.173494691648138
TCTCCACCAGACGTAAGGCCCGG,0.663340739191067
TCCTACATCTTACATGAGGCCGG,0.0658538008418508
GCCAGAGGTGAGCATGCAAGCGG,0.190077507639814
AGTTACCGTCTGCATCAGGGTGG,0.284905093846711
CCTCCACGTCGCCAAACAGGCGG,0.190576893840597
GCACCGAAGGAAGCAGAACCTGG,0.179798419441224
TGAAGCTATCACTCTGGAACTGG,0.178865386427275
AAGCTTGAGTTTCACGAACCTGG,0.253946391770269
GAACATCAAACGTCCTCCAGGGG,0.191028395831664
GGCACCCAGTCAGCAGAGGCTGG,0.11548284995345
GGTGCAGTTGTTGGCCGAAGAGG,0.378037708887619
CACCGTTGGCTCCTAGGCCGAGG,0.10636866289345
CTGCCCGGAGGAATCTGCCATGG,0.434772296139657
CCAAAGCAGTGGAGGTCGGCCGG,0.540242515575393
TGGTAGTGCGGCTGGACGGCCGG,0.102501750064015
ACTCTGTGAGCGAGTCACAAAGG,0.24741074963997
TTGGTACAACGATCCAGGCCAGG,0.205932170747807
TTGCTACTGAACAGCAGAGCTGG,0.313126528114578
CTCATTCTCTTGTGGCCAAAAGG,0.0784428530710241
TTTCATACTTGCTCGCCGCCAGG,0.0618225442124791
AGGACTAGTGCTCTACCAAGAGG,0.563330289870064
CATACGGGCAGCACGACGCGCGG,0.334615556327744
ACTGCCAATTGGGAATGCCGAGG,0.204793194781224
CGGTGGCCTTCGTACCGGACTGG,0.403473536897495
TACCCAATGGATTCACCAAGAGG,0.364424425090598
TCTTGTGTAGGAGTATACGGAGG,0.532964563641851
TGCAGCCCTGGCTAGAAAGAAGG,0.221927037420379
AACCGGCTCCTTAATCCAAGTGG,0.0634191090968163
GCTATCGAGCCATGACGAACCGG,0.453431739614736
GGATCTTTGCTTCTCACGCCAGG,0.2149573404511
GGGCCATAGTAGATGCAGCCAGG,0.179395712563999
GATGCCTCAGTACCTTCCGCAGG,0.597384626338403
AACACATTCATCTGACGACCTGG,0.183640726031037
AATACCAGCAGTGCCTCACCAGG,0.371883058940283
AGAATTCGCCCATCATCAACGGG,0.154706812860301
TAAAGCGAAGCCTGGTGACCGGG,0.630171551526962
AGATATCAAAGACACGACGGTGG,0.00949234567533805
ACGGAGTACACCGCCTCCACAGG,0.157810005027902
ACGCCTCCACGTCGCCAAACAGG,0.188886541177981
CTCACCAAAGTATTTGGAGGTGG,0.211940530204233
ATGGTTTAGCATCGCTAGGAAGG,0.042083777232291
GGGAGAATACTGTAGTACCAAGG,0.63837208715345
CCCTGTTCCTCCCACAGACACGG,0.186428513485299
CCCTCACTATGCAACTGGAGTGG,0.180735814849846
GAGAACGAGGCGGCAGAAAGGGG,0.283471355700785
GATCCCAGTCGTGGCCGAAGCGG,0.534447298961215
TCGCGGTCGGAGCTGCACCATGG,0.214587053697776
TTTGCTAGCTGTAACCAAGGTGG,0.217747309103137
AGCTGAAGGAGGCTTTGGAGAGG,0.340524647236835
GACAAAGAACTGTATCCCAGCGG,0.183901959050473
ATCCTTGCACACAATTCGGGGGG,0.168739994577746
GACCGAGATCCCACCAGCCCTGG,0.250526828433545
GGGTGGTATCATAGCCACCCTGG,0.102177821119438
CTGATTCTGCTACTTACGCATGG,0.349902912649374
CGTCCAGTGTACCTGAGAGATGG,0.0974629962441706
GAGGACTCCTGGACCGAGACCGG,0.086987552147807
CGGCTGGTGGTTACTGGCCCCGG,0.0342184821375876
TCACCTACGAACACTGGCAATGG,0.390200718292634
CAGTGGAGTGGTGCCCGGCAAGG,0.212334560931351
AGCAGACTGTTACCTTGAGGAGG,0.350488074614265
GACATGTCCGAGTCCAAGAGCGG,0.193922857692479
TGAGCTGCACCAAAGAGACGTGG,0.491177729786051
GGGTGCGCTGCACCTCGAAGCGG,0.0988242532800335
ACCTCCTCGATGTAGGCCGGCGG,0.432386807535739
CTGTGTTGTTGCTGGTGAAAAGG,0.0180712380473381
GCGGTCCTCCTCCGAGAGGATGG,0.322076371374766
TGGTGACTCACGTATCGGAAAGG,0.378894553192948
GAACACGCTATGGGAACGGCTGG,0.522828722471945
ACTCTCCATGCTCCTGGCCATGG,0.0310283958320402
CTCTTTCCTCTTCTAGGCCAAGG,0.0645842083653618
CACAGGCTCCCTAGATGACCTGG,0.281968834703137
AGCTCCAGGCGATAGGGCACGGG,0.128392985795017
GCAAGAGGCACAGATGCAGCAGG,0.0907417036458015
GGGCGCTATGCTATCACCCGAGG,0.409293808580253
ATTTGCGGAATCCCTGACAGAGG,0.329840216724609
AGACTGCGGCACGCCAGCGATGG,0.401715869807368
TGTGATGCACTCTCAAAGGGTGG,0.277112943997337
TCAGAATCCCATTCTTCCACAGG,0.245239472112542
CATTGACAGGATAGTGGCCAGGG,0.198014022891649
GGTGAATCGCCCAGAGGAGCTGG,0.215441052670503
CATCAGTCAGGTTGAGCCACAGG,0.233640726031037
TGCGGAACTCCTCGGAACCATGG,0.157969788302666
TAACAAAGCACTACAGCAGCTGG,0.383586298229939
AGAAGCCAATACACTGAACCTGG,0.114526737101224
ATGGAAGCCCAATATCAGCCTGG,0.274840216724609
AGCTGGAGCAAGTATTGGCGAGG,0.230984417351569
ATAGTGGATGGTTGAGACGCCGG,0.136720686440927
AGTTGTACTTACTGTTGCCCAGG,0.29021334880972
GCATGTTCATAATCTCCCACTGG,0.263807915163325
CAGCAATGATATCCACCAGGCGG,0.170892554661758
CTCAGCTTCCAGTGAACGGCAGG,0.20512234838624
TCAAACCCGATCCCAGGCACAGG,0.114910982642623
TGCATATATGCCCGGAGGAAAGG,0.0516135577965544
CGTGGAGAAGCCCTTCGGGAGGG,0.220535096557838
ATGCAGGCTGTGAGAAACGCGGG,0.410723184332133
TGTGAAGGATATTGACCCGGAGG,0.289095271485583
CGGGATACCTGGGATCCAACAGG,0.223650359297653
CAATGTGGCAATGGACGAAGAGG,0.011519513909407
GGAGGGATCTCAGTGAGGCCCGG,0.160004362394673
GCCACTCTATGACAATCAGAAGG,0.188760893219752
CACTCACATCGGCAGGACGCGGG,0.243901959050473
AGCCTCCGTTTGGACTCCGGCGG,0.525383581406114
CTGAGCCAGCGGAAGAACGCCGG,0.276109809201098
GCGAACAGAAGCCCTGCGCCAGG,0.188628095512697
GCCCTACATGACCCGGGAGCAGG,0.189226552130378
TTGTAGCCGAGTTAGCAGCGGGG,0.151728500325708
AGGTGATTCGCTCCCAGGGAGGG,0.402039798752196
AGTTCCGCCAGTAGGACCGCAGG,0.0627190046036063
CAGTCACAGATCTGGAGAAGTGG,0.184474490497023
CGAGGGATTCTCTTATCAGCAGG,0.111362774097495
GAATTCATGGTCTGCGCAGCTGG,0.00677552226886786
TGGAGGAGGTATGCCTGGACTGG,0.0708194094162409
TCCCTGTGCTAAGCCGAAGGAGG,0.309093090287619
TGGAGTGTGGCTAGACAAAGTGG,0.0888660505631871
TGGTGGAGATGTCGCGCCCAAGG,0.39540666124483
CGGCTGTCCTTGTCCAACAGTGG,0.331613557796554
CGCCTTCTAAGATGATCGCCCGG,0.137444278799689
GGGACGTCGCTCAGACCAAGGGG,0.162653929351319
AGTCCACCTACAGTTCCAAAAGG,0.0858357475328862
TCAGGCGCTTAAACGGCAGACGG,0.165145684333655
CACCCTGTGTTCGCAGCAAATGG,0.173285705232276
TCACCGAATTCCAAGAAGCCGGG,0.11255181547113
AAAGGTGCCGAAGAGCGCCCCGG,0.359171460194202
CATCCTGCGGGAGGTCAGCGAGG,0.154466886508874
TAAGGATGATCCCAAAGCCAAGG,0.0875696706492189
ACAGCGCATTAAAGCAGAGAAGG,0.122104675873921
TCGTGAGCGGCTTCGAGAACTGG,0.100015475850566
TCGTGGCTGTGCACAACAACCGG,0.152333744877591
AGACCGCCCAGCAGTTGAAGCGG,0.205238656058406
ATATGACGATCAGTGACGAGTGG,0.114998321680136
CGTACCATTAAGAGGAGGACAGG,0.165040935016617
CATCTTTGTAGTAGGACGCGTGG,0.00801899144336313
CCAGACTTCAGCTCGACGCATGG,0.045576893840785
GCCGTGATTAAGATGGAAGGAGG,0.355555995199218
TTTACAGAGGTCCAATCACGCGG,0.232133842638716
CAAACCATTGAGTCTCCACAAGG,0.463787016521319
AAGCTGATGCGCCTCCCAGGAGG,0.219722230733231
ACTACATTCTCGGCCTGAGCAGG,0.136010540653763
GGGACGTCAATGTCATCAGCTGG,0.107841352989909
ACAAACTTTGCAGCTCGAACAGG,0.166367182704174
CAGGCTAGACGAGATGGAGAGGG,0.476326201474297
ACCACTTCCAAGCTAGGCACTGG,0.182860070434327
TAAACTGCGCACAGGAGACCTGG,0.120148471688246
ACGGGCGCAGAACTTCCCGCAGG,0.0675696706492189
AAAGATCCAGCTCACTGACCTGG,0.172363727696584
GGACTCTGTATACATCGGCATGG,0.330579075037934
CTGGACCACTTCCACAGGGACGG,0.0902425155753932
ACTTCAGGCTCACTCACCGGGGG,0.237896643057337
GGTGTACTATGGACTGACGGAGG,0.25466217024467
CTTCAGAATGCACAGCCGCCTGG,0.167318070896399
TGAACACTTCGATGACACAGTGG,0.56110458454091
GAAGCCTGAAGGAGTTACGGAGG,0.311310527493106
AATGGTGTCACTTACCACACTGG,0.111034284628015
GAATGTGAACGTGGTGAAGAAGG,0.0362352010508163
CGGTCTGTTGGCCGTGCCAATGG,0.131863525441854
TCTTGATGAAGCTCAAGGAGTGG,0.114957340450724
CACATGCCCAAGGAAACCCGAGG,0.231903957581663
CTTCGTGGAGACCCTGAAGCGGG,0.0258329022002835
AGGCAGCTTTGTATTGGACCAGG,0.1140056362047
TGCAGGCCGAGTACACCGAGGGG,0.732940621536993
TCACCTCAAACTTCTTGGCATGG,0.231561567301053
GGCGTCCTTGGCGAGTAGAGAGG,0.184119213589813
GATGTTCGTCCTGGTGGAAATGG,0.0235131529839825
AGTTCGCTCCGTGTTTGAAAGGG,0.182773688513404
AACTCTTCTTCAGAGACGCGAGG,0.219597503018798
GAAGGTCAGCATCCACCAAATGG,0.0711328890400653
CCTGGAGCGCTCGCGAGAAGCGG,0.372969788302666
TTGAATCTGTCCTGTAGGGAAGG,0.0508925546617581
AATGCTTTGCTGAGGAACAGCGG,0.168460906380221
AGGTCCTTGTCCCTCAGAGATGG,0.0462426069084039
TGCTGCGAGAAACGCTGACCTGG,0.0951532883217421
GGAGATTGCCCGGGATGGACTGG,0.17270992042618
AGGCTCTTTGGTAAACGCAAGGG,0.299976057895142
CTGTGTCAACATGCAAGGCCAGG,0.0617285003253318
CTCCATTTGATCCCGCCACCGGG,0.148936350476146
CCAGTCATTGACCTGAAGCGAGG,0.424434874410974
GGGTCAACATTTGCTCACCAAGG,0.337896643056898
TCAGGAGCCCAAGTATCAACTGG,0.0361590123420089
AGCTCGGAAACAGATGAGCAAGG,0.336597883815363
GCTTACTTGTAATCTGCAGGTGG,0.381762891750942
TGGGCCAGCGCAGTGTGAACCGG,0.183518377644547
TCGCTGCCGTCAAGATGGAGGGG,0.442598837414892
AAGGGTAAACAACTCGCCGCAGG,0.288039890084956
GAGCCACCCTCACCGTCAGCCGG,0.277998092802197
AACTCACTGAGCACGAGCACTGG,0.0640617423256753
GATGGCGAAGTCTCAGACAGAGG,0.341653173882603
GCAGTCTTCCCACTGTGAGGAGG,0.521506883391694
CTTTGATGCTGGTGCCAAGGTGG,0.123993413713654
GGAGAACCTAACGTTCCAGAAGG,0.131310527493106
CTTGGCCACACTGCAACAGCTGG,0.114145336892196
TCTCCCGGAAGTCCTCACAGTGG,0.0486459506909744
TCGGTGGGTGCAGATGGCGGCGG,0.432468220904547
ATCGGCGGCTGGAAAGCACCCGG,0.447499568866929
TAGCCTTTACCTCTACAGCATGG,0.309448367194829
GCATCCTATGGTGTGTCAAAAGG,0.153531264270959
AGCGGTGCAGAATACACACCTGG,0.190023079838716
TTACACCATAACGCTCCAGGAGG,0.517327155073826
ATGGTCACTTTGGTAACCACTGG,0.111843442853984
TGAAGCCCAAGTACAAAGGACGG,0.185524647236647
GCGGCACAGACACTAGGCACTGG,0.314484939818026
GCACTTTGGGCACTGACAGCTGG,0.116224751730252
GAATGTACCTGAAGCTCAGGAGG,0.442886193736522
TTGCCTGGAAAGCTACCAAAAGG,0.187520467508936
GAGCAGAGAATATGCCCAAGAGG,0.535592567821788
ATCCACTGCCTTCTTTGGAAAGG,0.139064179631461
GACGCGGTGTATGGTCGCGACGG,0.756203853088246
GGAGCTGTTCATCGAACAGAAGG,0.0777137799431674
TGGAACGGATGCAGTCCACCAGG,0.294069148182761
TTCACCTGGAACAAGCGGAGTGG,0.285399370594173
AAGAAGTAGAATCTCGACGCTGG,0.31504920314091
CAGTGCCGATTGTGAAAGGAGGG,0.261132889040441
ACTCACCTTTGTAGCCCGGGCGG,0.128272818605487
GAAACGGTCACGAGACCCAGAGG,0.0333459638512552
CGGGTACTTCTTCTTCAAGAGGG,0.155668150373342
AGCGTTTCGCTTTCAAGACCCGG,0.110365528097149
AGATTGATCGACCAGCAACAGGG,0.179526737100973
GAGGCAGCGTTGTTATGGCCCGG,0.546250875031819
CCGTGCTGGAATGACAGAAGAGG,0.293912408370849
TCGTATCTGTTATAGGCAGCTGG,0.128780975807622
AGAGGGATCAGAGCTGGAACTGG,0.222752533762698
CAAAGAGGTGACCCTGCACAAGG,0.144508019656115
TTGCCAAGACTCAGGTGGCCGGG,0.0211328890400653
CATGAAATAGACACTCACGGGGG,0.517757758423514
CTCCCTTAGTGGACTCCAGAAGG,0.0213105274934822
TCTCGATCAGCAAGAGAGACAGG,0.444016901579627
TGTCGGAGAAACCACTGCCAAGG,0.236723275664893
TGAGGTGATGCACCTACAGAAGG,0.280728408992321
TCGATGTGGTCATGAAGGAATGG,0.27128744765439
TTAACCAAGTAAGGCACAGGAGG,0.156378704187323
TCCACCAATGATGGAGGAGCCGG,0.489453591855644
AGTACGAGCTGATTGGGAACGGG,0.481362774097495
AAGAGAATTTGCCCTCCGACTGG,0.451038845153294
CAGCGGAGGGTGTACACGAGGGG,0.551906138778372
ATACTCACTCCGGCGGGAAGAGG,0.263053382869437
TCGCGATGCAATGATGGCAAAGG,0.218905002513951
GGATCGAGATGGAGCCCAAGAGG,0.105615647660755
GAGCCATCTGTCCTGTCCGCGGG,0.236311191629062
GACGCTCTATGGACAGGGCAGGG,0.192679644626257
GCATGGCCAACGACAGCGCGTGG,0.27105233793671
ATTTGTAGTGTAGACCCACCAGG,0.183066013386523
ATCTTAACTCCTGCATGGAGAGG,0.331219527069437
ATCCCACTGGGCGTCCGCGACGG,0.488593704087463
TGCAGTCCACGTTGCTGGAAGGG,0.0140586988623851
AGATCACCCAAGGGTCCACATGG,0.150138022367431
TGAGGAGGGTTGCTCCGGCCAGG,0.120287158191256
AGACTTCTTAGACTTGGAGGAGG,0.14860415340784
GGCTCGTGGTTGTCCCGCCATGG,0.0652843128585906
CATTCCGATGCTTCAGCGCCAGG,0.131849331649939
TTCCCGCACGTCTCAAAGCAGGG,0.399437917873826
AGAGGCCGTCAGGGTTGAGCAGG,0.109615556327556
AGAGCTCCCTGTTCTGCGGCAGG,0.010056608998222
AGACGCAGCTGTGCACCACAAGG,0.500221616934014
CACGCACATCATGGTTGGACTGG,0.126408979987309
TGACGTAGCGCAGGCGGCCACGG,0.116804281007259
AAGCCTTTCAACCTGTCCCAAGG,0.28817877471834
GGATGAGTCAGGCACCAAAGTGG,0.111235201050816
CTGCATCATCGTCGGTGGCATGG,0.039262460617871
TCCATAATCGAGGGAAAGAGGGG,0.498220572001725
CACCGTCTGGTCCAGTGAGGAGG,0.225605198339501
ACAATGTTCAGCTGTTCCAGGGG,0.0978785897481212
CAATGAAGTGAACCGCAAGCTGG,0.213242835786682
AGGTCAATGGCCAGCAAGGAGGG,0.111790380196337
TCAACACCAGTGCCTGACGGTGG,0.65718086458229
TTTCTCGATGGCGTCAAGAAGGG,0.00776820774430359
TGCGGAAGGCCTCTCTGGCCAGG,0.119679617395923
CGAGCACCTCTAAGCAGCACTGG,0.0836831874492937
GGTTAAATGTTCCTGAGGAGTGG,0.0984504570592176
TTCGATTGCTCCCAGCAGCCTGG,0.199815458566243
AGGCTTCTCGAAGGCCGACATGG,0.321914406902666
CAAGCCACCGAGGAGACAGCAGG,0.100829858736993
GCCACCCATCTGCTGAACAATGG,0.166587434494987
TTGCCTTTGGGATGATCGGATGG,0.291606151939029
AACAGTGTCCGATAGACACCAGG,0.742857026971476
GCCGACAAGAAGCACCCGAGAGG,0.57905347420157
TAGAGTCCTCTATACCAGCACGG,0.459137068768341
GCACAACTCTGGTTCGAGGATGG,0.34004920314091
TGCTGAACCTTGTCCTGAAGCGG,0.0388653864276515
AGAGCGCATTCTCCTTGGGCGGG,0.159090710960284
ACTACTGTCAACACTGGCCGAGG,0.22786773240074
ACTCCTCGAACAGATCGAGGTGG,0.303382536474453
ATTCGCTCTGAAGATACCACTGG,0.13226141568621
TAGTGTCGGAGCTGAGCGGCGGG,0.319490164478214
CATGGCCCAGAAGCCGAAGGTGG,0.0376846131779964
CATCGACGATGATAGCGAGGCGG,0.29162400711693
CACCTTTGTGTCCTTCACACAGG,0.307358503036208
GCTCGGCGGCCCGTTTGAAGAGG,0.315707510350942
ACGCTATGGATGCCATGGACGGG,0.248105629472572
TCCAAGACGTACTGGTGGCGAGG,0.277214393742636
CGACAAACTGGGATCCACAGAGG,0.204025169703293
AAATATTGCGGCTGAACGCAAGG,0.203650359297653
CGAGTACGATCGAAGGCGCAGGG,0.199171460193575
CCCGCATTCCGATCCTGAGGAGG,0.252415974300158
CGAAGCGGCAGAAGCCGAGGCGG,0.0667023770232628
TGTCCCAGGAGGAGACAAGCAGG,0.511475535429312
TAGAATCCCAGGATTCAGGCGGG,0.42635754943668
CTGACCACTCACCGCTGAAGTGG,0.031721094467763
GCGCACATTTGGTCATCAGCTGG,0.130733225625817
AGCAACGTGGCCATCTACGGTGG,0.459960383913951
TCTGCTTCTTGCGGCCGAACAGG,0.0486646681354747
AACATGTTCCACAGGCAAGCAGG,0.0372875389877769
CTTACTGATCTAGAGCAACCTGG,0.0673585030362082
TATCTCCTATCTGGGTGCCATGG,0.349474490497023
AGAGTCCGTGCGAGAGCCCGTGG,0.0915121080518822
CATGGGCACCATGAACAGACAGG,0.295603017142791
GCTGGATGCAGCAATGGGCAGGG,0.276360592900158
AAAGGCAGTCCGGATGGAGGTGG,0.0992289314583399
CATGTTCCGTGGCCTCGCCCAGG,0.474281178062541
TGGATGTTGACAGCAGACCACGG,0.723128709311288
ATCCTCACTAATGCCTGGCATGG,0.564769252676805
TGGACTAGGTCTCCACACCCTGG,0.125479806489971
GGACGTGCTGAAGACAAGGATGG,0.184777520799844
GAGCGGAAACCCAGCACGAGGGG,0.21281827315138
GCCAATTAAGCCTTACCAGCAGG,0.264155378185943
CCCGGAACTTTCAGCCGACGCGG,0.120545545878653
TATGGCCTTGCGACAGCGAGAGG,0.104842397921946
GCGTTTCGCTTTCAAGACCCGGG,0.120592567821788
AGAAGTCGATGTTGGACAACAGG,0.0934526382563663
TCGGCAACTCTAGGCAAGGCAGG,0.134976057895142
TGTCCTGTGAAAGAGTACGAGGG,0.0999207678279023
TCTGAGAACCTCACCACGAAGGG,0.158758712022854
ACCTAACGATGCCGCCGGAGCGG,0.194030394363481
CCATAGCCATTTCGACCACCTGG,0.103594368222541
TAACACCAGTACAAGCCCAAGGG,0.302982418821006
TAGGAGTGACCCTATGGAAAGGG,0.155364863962072
TTCCGGGATCAGAGAAAGACAGG,0.26258534463041
GATGCGGTGGTCCTTGAGAAAGG,0.110926946087619
CCTTTCCTCCATAGAAAGACTGG,0.00737417701739944
AACAGTTCTGAGCACAGGAATGG,0.130185044311004
AGGCTGTTTGGTGCGCAAAGTGG,0.0848193180832302
CAGTCCCGTGTAGCCTCCGGGGG,0.454328200006114
ACTGCTGGTAGCGCTTGAAGAGG,0.228910227174327
TCAGCTATGGTGTCTTCCGCCGG,0.35034918998088
CCCAACTCACCGTGAGCCACTGG,0.111237382247965
AGTGGACATCCGCCATAACAAGG,0.106658398543042
AGAGATTGTGGCGCAGGCGCGGG,0.0372143937422597
GGTGTTCAGAGCCGTCAGAGAGG,0.155343965320065
CTGTGGCAATGTTGGGCACGTGG,0.0890356190238571
ACCATGGGCAACTTCGCACGGGG,0.054487121014987
ATGCACAGTTCTCACCAGGGAGG,0.366820363014892
CCTGCACAACGGCTGGCAGGTGG,0.748784835324609
ATGGACATTCGTGCTTGCCCAGG,0.50624260690878
CAACTCCGGTGAGCGAAGAGCGG,0.491979284024767
TACTACAGCTGTCTTACCACAGG,0.243625716184924
TTGGAACTCCATCAGGGACAAGG,0.152449503460504
GATCATCATGCAGGAGGCGCAGG,0.186847851460663
GCCTACAAACGCTTGCCCGGCGG,0.268070421993202
CCATGGCGCTCCGAGTCACCAGG,0.133261961258043
AACGACAGTGAAAGCCACAATGG,0.323828813805332
TGTGCGCTACGGAGCTGCAATGG,0.611632275240597
ATCCTGGAACTTCACGACAGCGG,0.160514197915832
CCGAATTCCAAGAAGCCGGGAGG,0.359730498856271
ACTCACCGTAAATGGGCCGGAGG,0.191790380196337
ACTGCATTTGAAGTGACCAGTGG,0.538092136689344
AGCCCTGTACTTCATCGACAAGG,0.14862423599571
GCACACGTAGTAAAGGCGCATGG,0.239636454969124
GCCACCAGCCTACCTTGCAAGGG,0.769040843683857
GCTGCCCATTGATGACACAGTGG,0.576548680674453
CAAATCCAACACGCTCAAGCAGG,0.0683407391908602
ACATACCACTCAGTGCCAACAGG,0.056778565732133
CGGTCAGCAGTATATACAGCAGG,0.437799555706272
AAGGTTCGAGGTGTTGGAACAGG,0.214204989353921
GGTACACATCCATACCCACCAGG,0.286762483724313
TGAACTCCACAGTGAGCCGGCGG,0.309432693213638
TGACTGGGATGGAGCGGAGCTGG,0.514902912649374
CGCTTCGGCATGACGCAGACGGG,0.0639444204691871
CCCATAGCTTACCGAAAGAGTGG,0.193189224039343
TGGCTTCAACCGCCTTCGGCAGG,0.153514518127371
CAAGTATGCACCATAACCAGTGG,0.246005315992948
ATCTGGGCTGACGAATGGACTGG,0.209443142534641
CGGCGGCATTAGCGAGGAGGAGG,0.248446309758844
GCCTGACTTGCTGACAGAAATGG,0.0133690436899713
GGGCTCTGGAGCTCTTCGACTGG,0.14980500924549
ATCGGTGGACTTGATGAAGAAGG,0.412052429269908
AAGAGTTGTGCAGGCAAGCCTGG,0.153221937145177
GGCGCATCACACACCAAAGGTGG,0.32546195131207
GAGATCCTTTGCAGCCAACGAGG,0.232076371374766
AAACCAACCGCTCAGGAGGGCGG,0.0820189001103775
CAGAGCGGGACAAGGAGAACCGG,0.240234247451727
TTATCCCGGAAGCTAAACAGTGG,0.172959338982102
GACGTCGAACTCGGAGACCCGGG,0.468677298652981
AGGCTGAGTAAGAGCCGCCAAGG,0.196454636787932
TACCATGTTGATTCGCCGGAAGG,0.170028304499531
GGGCCAGTTATGCTGTCGGCAGG,0.365343965320065
AAGACCTACTGGGTGAGCAAAGG,0.545670937727744
TCACGTACCTATCGGCAAAGCGG,0.114994577208999
TCCTTTAACCAGGACAACCCCGG,0.117621917253231
TACAACCTTTAAGGCAAGGGCGG,0.0441422934287801
GCGGTAGCGGTGGCGAACGACGG,0.421916588100003
CAATGATCCCAATGCTCAGGGGG,0.213941575136522
ATCAGCCCGTTCCCGCAGCCGGG,0.387571541349897
GATCTCCTGAAGAATGCCAGAGG,0.35817877471834
CATGCATTGCTTCAGAAGAGGGG,0.264685658110034
ATTATATCCAGAAGTCGCCCAGG,0.484678252252509
AAGGACTACGCGCTAGAGAAGGG,0.383640726031037
CAACTCGTGGCTTTGGCACAGGG,0.159962565110661
AGCAATATCAGGAGGTAGAGAGG,0.23789141839671
GCGCACTCCCTCAGCTACGCAGG,0.28699800146881
CTTCAGATCCAACACCAACAAGG,0.00706810325109983
TGGTGCCTCCAATGCAGGCATGG,0.504124438250628
CTTGTGATAGAGTCGGGCCGGGG,0.18972771150168
CTGGGTAATGGATTGTAGCAGGG,0.0471181686579637
AATTATGCCACCCTCGGCCCTGG,0.224424681199047
TCTCGCTTGACAGGCTGCACTGG,0.0900387538199073
TACTGGACGTCTAACTGACCTGG,0.179035210996789
GGAGTACATCAAACTCAACCAGG,0.309474490497023
ATTCGAGCAGCCACATCACGGGG,0.352616692592793
CTTAAAGGCAGATCTTCACGGGG,0.376744174306899
TCAAAGAGGCTGCCCGAAAGAGG,0.137335225066867
CCAGGAGACAGTGTCCGCGAGGG,0.0660858670964917
CTATGCAGATCAGAGAAACCTGG,0.0346312303089355
GGTACAGTCCTCTGCTCAGGGGG,0.0849364418090936
GAGCAGCCGCCAGCAGCGAAAGG,0.415385762602824
CGAAGGCGTCAGTCACGCCAGGG,0.20513802236787
GGAAACCAGACTTGTTCAGCTGG,0.108669892795895
CCCACCTCCTCGATGTAGGCCGG,0.0907776121329807
CGCCCAGGCAAGTCTAACAGTGG,0.398392985794829
CTCGGTAGCTGTGGATGCGGCGG,0.283481805021161
GCGCTTCCAGGATGAGCACGAGG,0.0119479360619713
GCTTCTCGATCAGGTCCACGTGG,0.249929035951569
TACAGGTTTCTATCCACCAGCGG,0.17845289436494
ACTCCAAGATGAGCTTGACGCGG,0.275190268971631
CATCATCGAGAACACCGACCTGG,0.491791137344914
CCGCCTTAGGGATTCTCACACGG,0.316120258522102
TGGAAGTCAATGCCTCGCACTGG,0.582645859357838
TCCAGAATTATTGCCACGCCCGG,0.102073327911539
TCACGTTGCCGCCCGTGACCAGG,0.105315252794093
AGCGGAAGTTCGTTTAGGAATGG,0.0887713425405042
AACTTTAGGGCTAGGTACACGGG,0.0720868206955813
AGATGCCGGCTATGGCGAACAGG,0.134482152463185
TCTCCTCTTAGACCGCAGGATGG,0.0826824319808477
AGACCGCCTCCAAGTCGCCGAGG,0.149753578695614
AAGGTGGACCTCTTTCGGGCAGG,0.220777612132604
CTTACTGCTGAAGTCCAGAGAGG,0.722115125194673
AGGTCTCTTACCAGGTGAGGTGG,0.304521512440597
CCTTTGAGGAGTTCGAACGGCGG,0.140749307634139
CGGGCTTGGAGGTTGCAGCAGGG,0.204495389139029
GGACTCAGCAGGATTCAAGCGGG,0.284779701997181
CTACCTAAGAGGAATTCCGGAGG,0.523212303878059
CGTTGTTGTTAAGGAGGAGCTGG,0.154787970120848
TTACTTGATGCGAACGCCGATGG,0.313525783501884
ACGCCTTGCACTACCTGAGCCGG,0.0653417841229166
GGGATGTGTCCTTCTTCACGGGG,0.236744174306899
AGAAGTCCGGCATGATAACAAGG,0.188952024457525
GATATTTCGTGTGCCTACAGTGG,0.123734769917808
GAAGGCGATTGACCGAGGCCTGG,0.112156106424136
TCCCGCCGTGGCAGAAGGAAAGG,0.28365944347508
CAGGAACGCTTTGTGGCCCATGG,0.35212339331834
CACTCACGTCCAGCTCCGACAGG,0.266629487886382
CTGCTGAGGATGTTCGGCAAAGG,0.243821407947368
GGGCCTGTCTACTGGCGAGAAGG,0.176880015476805
GCAACACATCAATGTTGGGAGGG,0.424035619023669
AATTTGTGAAGCCGATCGAGTGG,0.261193403767243
ATCGAGGCTTAGGCGGCAGCGGG,0.244325412651273
ATGCGCCCGCCTGCATGGAACGG,0.043601972210691
AAGCGCACGAGCGGCGAGACTGG,0.169941922578169
TGTGTGCCGGTGCCTGCAGAGGG,0.294925992488717
ATCAGCAGTTCTCGCCGGGCTGG,0.15377723133646
ATGGCACCGTGGCCAGAAGGGGG,0.0188444877861468
GGGCACCCGTATGGGAGACAAGG,0.381674072523982
TCCTTCTATTTCTGCAGCCAAGG,0.0647304988564778
GCATCGCAAGTCTAGCACCCTGG,0.681968834703137
TCTAGCCATGGCACTGAAGAGGG,0.280237290915205
GCTCATGTCCCTGCACGACCTGG,0.174026534846243
GATGAAAGACTGTGAGGCCGAGG,0.20262632585991
GAGAACCGAATTACTCACACAGG,0.7370681032511
AGCCAAGCTATAGTAACGGCAGG,0.299631230308935
TGGGCGAGTTTAGCCTCAGGGGG,0.374740948177274
GAGCACCATATGTTCTGCGGGGG,0.301477716626648
ATCACCGTCTTCTCGCCCGACGG,0.25817117073061
GCTCAATATCTAGAGCCCGCTGG,0.298029440764579
TGCGGCTCCCTGATTGGGAAAGG,0.145511410561448
GGAGACCACCGCATCCGCGACGG,0.527611467931977
CGGGCCAGCCCACATCGACATGG,0.00300331746217191
CCTACCTCTTGCCATCAGGATGG,0.600641770962699
CTAGACTACCTTCACAGACATGG,0.404539367618498
TTACCACTCTGGTAAACAGCTGG,0.120996231816023
TCCTTACCGCTTCACCACGCCGG,0.543450457059406
AGATGTGGAGCAGGGCCAACTGG,0.183911592317591
GATGGACTCGGAAGATGCCACGG,0.576256099692635
GATGGCTATGTCCTTCAACAAGG,0.309544592279313
CTGTCGAGCGCCTGTGCAGATGG,0.11813459810762
TAACCTCCCTGATGTCAAGGTGG,0.199962565110661
TGTCTGGAGGATGATCGCCCCGG,0.192092045355957
CCCTGGGACACTCACTCACCTGG,0.0770054073263349
GCTGGCAGTAGAAGATAAACAGG,0.056010540653763
ATATTCCCTCCCACAACCGGGGG,0.387506974724454
CATGGCGGTGGACTCGGCGATGG,0.0825988374145154
CCTTGGTGGGCGCATTCCCGGGG,0.0445737590445468
CTTCCTTCCCTAGTCTGGAGAGG,0.360108855602197
CGCGGAACACCTTAGCGACGCGG,0.259758591194025
GACCTGATCTGGATGAGCGCTGG,0.56828326792649
ACCGAACTTGGTGTCTGCAAGGG,0.0794714470337957
TGGTCCCTGATAGTGTGGAAAGG,0.171501658730879
CCTTAAGCTCCTGTATCACGTGG,0.296733724985269
GGACCTAACGGTAGTGAAGCAGG,0.0910283958320402
CTGATTTCGCATGAAGCCCAGGG,0.617828722471945
AGATGGCTTTGAAGGCGAAAAGG,0.146039101261555
CCGTGCTTTGCCCAAGGAGATGG,0.110148063661366
ATGAACAGCGAGAGCAGGACCGG,0.365848576181663
AGCGCATGCAGGACTGCCAGCGG,0.180738858312697
CAGGAATATCGCATACAACGTGG,0.454641679629938
AACCCATCGGAGGACAGAGGTGG,0.399949934593575
CGTGCACAACATCACCCGCAAGG,0.313920676495142
TCGGGAACTACAAGTCCCAGGGG,0.0639729230989041
CTGGAGCTCTTGTCGGACCAGGG,0.220895598125048
TCGCGATGCATTCTTGGCGCTGG,0.155031149831946
GCAAGCCTTGAGGAGAACCATGG,0.484453591855644
TTCCAAGTAATCAGGAGCACTGG,0.249523693637307
ACTGTGTAAAGCGCACGCCCCGG,0.339166235533387
GATTGTGGCTTCTTAGCAGATGG,0.16905347420157
GGAGAGGCTTGATTGGAACCAGG,0.534202808156585
GGCTGCATCAAATTATGGGATGG,0.428032484227431
GCAACCACAAGTCGCGCCACCGG,0.240733225625629
CCTTAATCCTTACAGTGGGCCGG,0.0460471132765217
TGCTGAAGGTATCCAGCCGGGGG,0.269649085486836
CATAACCTCCAACATACAGGAGG,0.352668939197181
GCGTCTGGAAGGCAACACAGTGG,0.707726410461131
CTCACAGCAGCCGCGGCACAGGG,0.144800856747448
ACGAGAGTCTGTTGAACAACAGG,0.118484650354265
CTGCAAGAACCGCTACGACAAGG,0.576334084053377
TCGGCCTCCAGCTTGACCAGGGG,0.624225887994674
ATTCAGTGTACCCAATGCCAAGG,0.439772296139657
ACCTACCTCCACGAGAGGCAAGG,0.404100496145144
AAATTTGCACGGAGAGCAGAAGG,0.21635536823997
CATCACCATCTGGTCCAGAATGG,0.0753864267387589
CCCGAGGAGCCTTCAACACCTGG,0.136703041158591
TCAGGGTGCGGGTGAGCCAATGG,0.277003226129625
GCAGCGATGACTTCAGAGCGCGG,0.207381582874924
ATTACTAATTGGAGCCCAGCTGG,0.216159012342009
CTCATGAGCAGTCGATAACGCGG,0.262907092377901
GCCTGCGGTGCATTCAGACACGG,0.369157967410347
TCATCAACAGAGCCCGCCAATGG,0.300331334802352
TGGCGGAAGCGGTAGGAGGCCGG,0.165038753819907
ACCCACACGGAGAGGAGGCGGGG,0.314372178486209
GAGGATGTTCGGCAAAGGGCTGG,0.457750352565989
CAGATTTGGACACAACGGAAAGG,0.235592567821788
GCTAGTGACACCAAGTCAGCAGG,0.224009495721475
GGACGAGCTTGACCAGACCCTGG,0.654758803355175
TCGGCTTCATCGAGGAGGCATGG,0.119046068344421
TGTCAGCCTGACCATGGCGCGGG,0.299584208365362
AACGACCTGGGAGAATCCGCTGG,0.294548545913357
ATTGCTCGGAAGTTACACAGAGG,0.343525783501883
GAGCTGCAACACTTGAAGGCTGG,0.170608241803606
AGCAGCCGGGTTCGAAGCCCAGG,0.0648349920644214
CACCTTTGTTCGGGAGCGAGCGG,0.230485287259674
ATGTACGGAACTTCCTCACCTGG,0.134435130519655
GGGAGCAAAGATGGAGCGGCGGG,0.246496434070691
CAAATACTACGTTGGACGCAAGG,0.0253857626032001
TAACTGTCCGGCACTTAAAGAGG,0.20963863616646
AGCAAATATGGACCTCGCGGCGG,0.278695742012416
AGAGTTGGTGGACATCGAGAAGG,0.637452546923355
TCTCTGAGAGTCCTAAGACATGG,0.533309391228685
CTGAGATGCGTGGAGGCACCTGG,0.458551090750569
TGCCCACTCGGTACTGCCGCAGG,0.639095271485583
ACGACTCTTCCGTCAAAGCCTGG,0.0356469956231374
CATCAAGCGCTCTCTGACACTGG,0.0311359325032929
TGGTGGGACTCTCAGCGACCTGG,0.137791741822306
CTCACCCAACACCTCGAAAGAGG,0.508743038041224
GCGGCTACAGCCGTTGACCCAGG,0.384505838459406
GAGGTCCTCGATGGCTGGCCGGG,0.0966292317777456
TATTTGATCACCACGTCCAGAGG,0.265545545878214
TGCTTACAATGCAGTAGCCCAGG,0.193075646654017
TACCGTGGAAGAGGCTCGCGAGG,0.230310436160346
AACCGGACGATTCAGTGGAAAGG,0.295540321218026
GGAGAGCCTGGTGAAGCGGCTGG,0.334497570335739
CCACAGCCACGTGAAAGGGCTGG,0.548450457059406
CGCTTCTGCCATATAGCCAAGGG,0.123709310751319
GAGCGAGATCTGCTATGACGGGG,0.238199673360346
TTCAGGGCTCTTATTGCAGGAGG,0.09083052287251
TGACATCCACCATGGTGACGGGG,0.241038845153294
TTTCAGTTCCAAGAACCCAGAGG,0.411122439718811
GCTCTTCGTCGCATGTGCCGTGG,0.640430603349688
GCCGAAGAGCGCCTTCCACACGG,0.270861206699376
TAGACCAGCAGTTACTCACCTGG,0.169564674867183
CCTCCATCCTTGGAAACACATGG,0.0698767893475562
ATCCATGATGCTCTCTGCGCAGG,0.247165190601287
TGTCAACTACTTCCTAGACCAGG,0.25417668485439
GGAGGAGCTTCGCATACAAGGGG,0.493922857692479
GGAGTCTGGTGGACACCGAGTGG,0.158235837956037
GATGGATAGTGGCTACAGGAAGG,0.412627141913169
TGCAGCCTACGTACGCCGACTGG,0.273638136806632
CAGTATCGTGGGACAGAAGCTGG,0.256054519134485
TGGAGTCCGTCGTACAGGAGAGG,0.189646904290127
TATCCGCCGGCAACTGGAACTGG,0.00262714191358257
TCTTGCTTCAAGCTCAGGGATGG,0.186559129995644
ACGTGTTGCACTTCCTGGGCAGG,0.0250200363754885
GCCTATACATATTCAGGCGCCGG,0.311454636787305
AGTGGCCCTTCCGCAGCAGCCGG,0.137126238650943
CTTCGATCACTCCCGCGACGTGG,0.345806778898277
GCCAGCTTCGTGTGCAGGCAGGG,0.315155877545771
ACAGCGCTGCACCTCTGCCGAGG,0.171762891750942
GCTCTCATCGTGGTGCAGCAGGG,0.618018991442949
AAGATGGCGTCTCCCACAGACGG,0.485514197916459
TCACAGTCGTCGCCGTGCACAGG,0.536921812759564
AGCGATGGAGTTCACCCAGAGGG,0.119523693637683
GCTATTGCAAGGTGCGCCAAAGG,0.232776475868183
AAACGTTGCCGGTGCCCGGCAGG,0.13130007817273
GGAGCTGGAGGAAACTGCACAGG,0.186472491965833
GGGAATATTCAACTCACACGAGG,0.0496072882040779
AGAGTCGGCGTTCACTGCGATGG,0.345091000424296
ACCGTCAGTCACGGCTCCCATGG,0.18271073647994
TAATCCTCCGTCTCGTCCACAGG,0.435059652461287
TGGATCATACTCCTTGGCGATGG,0.18777865706552
CGAAGAGAGAGTGTATGACCAGG,0.603131752775393
TGATGTGGATGCTCGAAAGCAGG,0.0771390672995311
ATCCCTGCACGATTCCCAGCGGG,0.124453591855205
GGAATTAACGGCCTAGAGGCTGG,0.500733633653136
GCTGACGCTTGTCACCCACCAGG,0.170961139382667
CCAAACATGTGATAGAGAGCTGG,0.28540666124483
CACAGATGTGCTCTTTGGAGTGG,0.250117123725863
TTGTCGTACTCACCGTCCGGTGG,0.100508565228764
AGGACGCCTATGCCATGAAGCGG,0.360537277755175
CAAAGGGTTTGGACGTCCACAGG,0.184267685278686
AAATGGAGGTGGAGCCCGCCCGG,0.00157176051338196
GCATCCAGTAAGCGCTGCAAAGG,0.0438497124464603
CAGTGAGACTGTCGACCGCCTGG,0.0937615573552686
CAGCACGCTGGACTGCGAGACGG,0.252031530627902
GCTTTCTGCCGAGATGCCGAAGG,0.0651014497446722
TCCTCTTGAGACATGCCCAAAGG,0.113688004082871
CCTGCAGAGCTGCCAAACGGAGG,0.227489119546114
TCCTGACAATGTTCGGGCCATGG,0.0510597437944227
CATCGACATGCTCAACGCCAAGG,0.462679388517558
GGGCCAGTACACGTCTGGGAAGG,0.580401436584015
GAGATGTAGCTACTCCACCACGG,0.0818747908163662
CGCCTGTGTCCTCTCTAGGAAGG,0.0415904779578383
TAGCAATGAGTCCCGTAAAGAGG,0.418460906380409
CATGCTGACACAGTTTGCCGAGG,0.339960383913951
CGGTGTATTGCGCCTCAGCATGG,0.129749018170316
TATACTGATTCAGCTCCGGGTGG,0.394913361970377
TCACTGCCGACGAGAGGCCATGG,0.34212339331834
AGCTTCTATGTGAAGCGGGCGGG,0.218659443475268
GCCTACATTCGCTCTCAGACTGG,0.127424044293638
CACCCTGACCTATGGTGCCCTGG,0.214424425090598
CACGGGCCATGTGCAACAGCAGG,0.126336650795927
AGAGATCAGCGCCATTCACGGGG,0.306203853088246
GCTCTAACTTCCGACGGACCTGG,0.0835577955997827
CCAACAGCTGGCTGCGGAGCTGG,0.116493390607463
TGCCCGCTTGGCCAACGAAGGGG,0.328800509305801
AGGGCTCGGCGTCATCCAGGTGG,0.306671029060504
CAGCTACCTCATCAATCCGGAGG,0.369035619023669
GATTCCATCTATGGCTCCACTGG,0.445939576605332
GAAGATCTCGGTCAAGGGACAGG,0.0675883880937004
GACCTTTACCTTTGAAGAGGAGG,0.314508019656115
CTCCGCGTCACACTTCAGGATGG,0.65553205309436
CTGACATGTTCATTAAGGGCAGG,0.0398506660456126
GGACCTGTCGTACTCAGACCGGG,0.266789015053136
GGAATCTTTCAGCTGACCAGTGG,0.18470655675204
TGGACCGCTACATGGACGCCTGG,0.155905639418983
TGGTCCGGTTCTCCAGCACCTGG,0.246315752153921
ATCCGAGGTGCATTCCGAGGTGG,0.146396757496288
TAGTCGAATGGCTAAACCAGAGG,0.578625052049846
TGTTGTCATCCGCGGCGCGGCGG,0.259025169702666
GGGCTACAGTGTATATAGGACGG,0.61424678663668
ATTCAAATGGATGCCCGAGCTGG,0.114827388076272
GGGAAAGACGTTCCAACAGAGGG,0.16755663210425
AACCATGAAGCTTGCTACGATGG,0.145451093964438
AACTCGAAGCCGACTTGAGGTGG,0.186867384958653
TCCCACGGGTTTCGCCGAACGGG,0.0137034219554259
CGCCCATCTCAAGGTTGGCGTGG,0.276910547385051
TGAACGTGGCCGAGGTGAGCTGG,0.0654253786893116
ACTGGTGTGAGCGTTGAAACTGG,0.193702605901666
CCTCCTCTTCCACAATCGGCTGG,0.143512744957103
CTGGTCAGATATAGGAGGACTGG,0.11986852122389
TGAAGGACATCATGGAGAGCCGG,0.332708555282603
GATCGGGTCATCGGCACAAAAGG,0.0944013452516941
CCAACATACAGTGGAACGCAAGG,0.14542299936135
CACCAATCTGGCAATAGAGGTGG,0.126002272530097
ATGACTTCCGTGAGGACGGGAGG,0.266454636787305
GCATCGACTCTTTAACCACACGG,0.0273167057530107
ACGTGGCTCAGAGGATGAGCAGG,0.317026305968341
TAGCAAACCTCCTTGGAGCAAGG,0.581007497190912
GCATAGCATTGGTAACACACAGG,0.435229022790912
GCTCCAAATAGGTCCTCCAAAGG,0.266512108051882
ACATCCTGCGTAGGATACGATGG,0.329709192188012
AAGGTGGATGGATGAGGCCCAGG,0.18807387348356
GGTTCAGGTATCACTTCAGAGGG,0.17715474128091
CTGCTCGGAAGCAGAAGGCCCGG,0.0794094152444849
ATCTCGGGAAGTTGCTAGGGAGG,0.224202808156584
TGAATCCAGGTCCTAGCCAATGG,0.463497479002979
TGTACACCGGCTGCTGCGGAAGG,0.325743674946444
CTTACCAATGCGGGCACAGATGG,0.0104118859052315
CCCACTTACCTCATCCAGGATGG,0.0845707155812565
ACTGGAGCAGATTAGGGACATGG,0.58642328882555
ACTCTATGGGTGCTGACCCGGGG,0.101937486741131
GGCTACATCAGCATCGCCAATGG,0.398656400012228
GCTCATCACCATCAGCGGCATGG,0.219701332091225
CGAACATCTGGTCCAGCGAGGGG,0.462975012963481
CAGCTCACTGTCTCTGCCCGGGG,0.339150561552823
AGAGCTGAACTTCGGGCAAACGG,0.135370344730688
ATTGGTCATTGCTGGAGGCGGGG,0.39951324431693
ACTCACCAACGAGCTCAAAGAGG,0.19201063198715
CCAGTATTACCTCAACGAGCAGG,0.117238335847055
GGCTGTGTTGTCCTTGGACGCGG,0.301947936062385
TGAGCGGCGACAGCAAGAAGTGG,0.179218482137776
GCCGCGCGAGTGAATCGAGGCGG,0.174340830523827
TGCTGGAGCGCCTGCAGGCACGG,0.280119304922573
CTTCACTGAGAATCTCCACCCGG,0.816566535852981
TTCAGATCTGATGAGACGACAGG,0.440723184332133
CCGATATAGCCGGCAGCCGCGGG,0.287964563641851
CCTTCGGCCAGATTTCAGGGAGG,0.196945754864421
GGACCAGCTGCAGCGCAAGGCGG,0.4791788660511
TTAGCTGGCCCATCATGGACAGG,0.10999391307342
AATCCCTGTTGACTTTGGGAAGG,0.593706465418653
TCAGTCAGCAAACTCCACAAAGG,0.575929127284956
GGCGCAAGATATTCTGCACCTGG,0.164916207303231
TCCTGTATGAACTTTGACGGTGG,0.316344918918967
AGTGGTAGCCAAGACAAAGCAGG,0.348089955492008
CCATGTGTTACTGCTGCAGCTGG,0.0299207678279023
GCTGTGGCATGGCGGACGAGGGG,0.386522557372258
AGAACCTGTTCCCGGTCAAAAGG,0.17288340638168
TGAACACTCTGAAAGACGGAAGG,0.478186180576492
TCTTCCGGGATGGTGAGGAAGGG,0.193931125816146
TTTGCAGGCCACTACGAAGGAGG,0.0333690436899713
GCCTGGACTAAATATCCCAGGGG,0.427311481092635
TGATGGCCGATATGTACAACAGG,0.205960475247338
CCTATCCGGGCTGCGTGAGCCGG,0.216329244937776
GGATGCTACTCTTCAGGAGGAGG,0.201561311192166
TCAAATTGGCTGTAGCCACACGG,0.0741035396090421
TGCGTAAGAAGATCGAGAAGCGG,0.342165190601099
TCATCTCCTTCTGATGGCCGAGG,0.186363030206132
ATTGCGCCTCAGCATGGAGGAGG,0.185905639419171
GCAGTTATGGGTAAAGCAGAAGG,0.195542502414736
GGCCCTTGATGTTCTTGACATGG,0.333107810670536
GGACTCAATCATGCGAACAATGG,0.359730498856271
TAAGGAAGGAGTATGCCCAGGGG,0.0694818963545481
TAAGGTACATGAGCAGCAGCTGG,0.18030521149997
TAGTCTGTGCGGCACAGGCCCGG,0.0682802244632628
TAGTGCGGCTCCGACGGAAAAGG,0.118795284645613
GGAAGAGTTGAGTCAGGCCCTGG,0.116423288824923
TTGGAATGTCTGCAATGCGGCGG,0.34623215758715
GGATGTGCACAGTGATCAAGAGG,0.509046068344672
GGTCTTCACATTCTTGGGCCAGG,0.342209169081821
CTGATCGTCATGGCCAACCAGGG,0.289586389562072
CAACTCCTTCATCTCGAAGGCGG,0.24823102132254
GCCTGGGCCTGGCCTTGACAGGG,0.179623218293969
TACCTCCACCAGGACCAGAAAGG,0.225906047445613
TGTCTTGAGTGCGGAGCAGACGG,0.00721221254509221
ACACTCCATTCCGGTCAAACAGG,0.0256604884071612
ACAGGAGCTTGTACTCCACCAGG,0.170609606946556
GCCCAAAGTGGATTACCAGCAGG,0.167760393859736
TGTATGTGCCAGCAAGCCAGAGG,0.440148471688246
CGACATGACATGGCAGCCGCTGG,0.432844396453136
CTCTGTGTTTGTGAACAGCCCGG,0.160986598548905
CAATAAGGGCCCTTGGAAACAGG,0.164560522369204
GAGCTTACCTGACTATAGGCAGG,0.287914498235426
CTGTGAGTTGGTGGAAGGGCTGG,0.170153696348873
CTCTCTTCATCTAAAGGCACAGG,0.0713941220598772
TCATGTCTGTCATTCGAGAGTGG,0.0992683494138266
GCCGCAGGATGCATGGGCAATGG,0.256347100116304
GATCCAGCACACGGAAGACATGG,0.628311572426021
CCTTCTGCTCGCTCAGGCCGAGG,0.348497479002979
CTCTTTGGTCTAGCACCAGCTGG,0.0130555640661468
CTGCAGTGACCACACGCGGATGG,0.480704466887463
CTTGGGCTTCCAGCTCAGCAGGG,0.282833947132133
TTGCTGGGCGGTCGAAGAGATGG,0.242243560507055
GGGTTTCTCCTCCCAGGAGATGG,0.144601247490004
TCTGGTCACATAGCTCCAGCAGG,0.23356676473176
CATCACAACAGCAGGCCGCACGG,0.497475626762072
GGCACTTACCTATGCGGCCGTGG,0.235023079838716
CACTGCAGTAATGGTCACAGCGG,0.515153696348434
CCCGGACAAGCCTATCACCCAGG,0.325582118500785
GCCCAACTGGACCCGAGAGCTGG,0.128571989391697
AGCAAATCTTCGGGCAAGGAGGG,0.173913072506554
GGACATGGCGGACAATGAGCAGG,0.277849621113324
TCAACAGGGCATTCTTAGCAGGG,0.257078552571476
TATCATTCCGGACGTAGACGTGG,0.465030485696241
ACACATACCTGGACTGCCAGCGG,0.47340865977602
CATTGTCTACAGAGACCAACTGG,0.0208276775398634
TAGGTCCCAGCCCAGGGACGCGG,0.108218192673952
TCGAGAAGCTTCTCATAAGCAGG,0.0454380092072127
TTTCGACCCGCTGTTGAGCCCGG,0.0816455698944535
GCATACCTGGAAGCGGCGGGTGG,0.383048158208622
AAGTACTGAGGAGCAAGAGCTGG,0.296315752153921
CAACAATGCTGTGATCGAGAAGG,0.119432285186946
TCGTGGACAAAGAAAGCCAGTGG,0.499417019233073
TGGGCCTACACTTCGTCGCACGG,0.369584208365362
GGTTTACAACTTGGACAGACCGG,0.199808868762227
CCGTGTGGATGTAGTACACATGG,0.432898824254235
CTCATTTGCCTCGACTACGATGG,0.200438265315912
CCGTTCTGTTTCTCAGGAGGAGG,0.452630185376647
TCAACTCGTGGCTTTGGCACAGG,0.0553126173576829
TTCCTTGCTAGCGTAAACAGAGG,0.173612421531506
TACAACTCCTTTCCAACCCAGGG,0.576503839928216
GGAAAGCGACGGAAGGCGGACGG,0.124508019656492
TCCAGTGCACTTCGAACAGGAGG,0.1186346853165
CTTCTCCTCCTCGGCCGGAGTGG,0.0437452192385606
TTTGTTGGATTGCAAGGGAGTGG,0.0838497124464603
ACTATGCTATCCTGGCAGCCAGG,0.212375542160851
TCAGCCTCCACAGCACCGCGGGG,0.13434671931972
GATGGTTCGGAGCTTTGAGACGG,0.281313570956584
GGGACTGAACCATCTACGGATGG,0.24433864932649
GGAGCAGAAATTTGACCCGATGG,0.0870478687450491
TCTGGAATAATGGACGCCGCTGG,0.113466131040158
CCAGGAGCAAGGTGTGACAGTGG,0.0664515933242032
GAGTTTCTTACCTTTGCCGCAGG,0.163669892795895
CCAGCCTCACCAAGTGGAAGCGG,0.577224843063012
GGCCACCTTGTTGTATACAATGG,0.191007497190912
GCTGTGGTGCATGGCAGCGGAGG,0.1854267438327
ACGCGTCATCGAGTGTGACGTGG,0.357666757999218
TGCAGGACTCAATGCCAACAGGG,0.0575174240452064
CTCTGATGTCTGGATCCCAATGG,0.599973014432291
TAATGGCAAACACTCTCCCATGG,0.804340830523827
GGTGAGCGGAAAGCATGGCGGGG,0.384949934592948
AACTGGCCAGCAGCAACCGCAGG,0.138279408409503
TCAGAACCGTCTCTGTGAGCTGG,0.0496804334495951
GCTGTGAATTTGTCCAAAGCAGG,0.0997248661692468
GCTGCCCTCCGAGTCACCGATGG,0.603758712023042
GGTCCACCCAGACTTGGACAGGG,0.705824634076178
GCAGAGATTGAACGTGAGCGTGG,0.271331426135112
GATATCGTCTGTATGGCCAGTGG,0.437715961140755
TTTACCCAGGTCACCCGCAAGGG,0.122008450789813
CATCTCCAATCTTGTCCACAAGG,0.0743852632433721
GAGCCCTGAGACTATTAGCACGG,0.619377403147025
ATTGTTGTGGCAATTGCAGGTGG,0.156765072947652
TCTCTTGCCATACGACGACCAGG,0.153306347765206
TACAAGCTTTGCCCAAGGCCTGG,0.168854937106899
TTAGTGGAGGACTACAGAGCCGG,0.427792149849374
TTACCCTCCCATTCCAGGAGAGG,0.130665713067744
GCTGGAACTTTATCCACCACAGG,0.311226932927589
GCACAAACTCTCGGCCAGACGGG,0.135374497228688
TAGCAGAGGCTCTTACCCAAGGG,0.464850666045613
GATGGTGCCGGTGTAGGAAAAGG,0.342689837837934
CCGCTACTTTCGGATCCAGGAGG,0.196945754865048
TTCCATACCTGACCCAGAAGCGG,0.0904097047080577
ACCGTCTGGATCTGGAAGAACGG,0.245134978903764
GGATCAAAGGGACGTCGGGCAGG,0.067026305967965
TGAGCGGCTGGTGTTGGACGCGG,0.475383581406114
CCGGTTCGTGGAGAAGCCACAGG,0.441195584965206
TTGGAAGCCGGTGGTGCCGAAGG,0.480472400632447
CGTCCCGGGCAAAGACGAACTGG,0.0534400077384026
GAAGAATCCGGCGATGAAGAAGG,0.15988860381176
TATGGGATCTCCAGGGAAAGAGG,0.0987482627016001
GGTGCATCCTGCAGGACGGCCGG,0.178021626879798
GGTGCGTGGCCAGTCTAAGAGGG,0.292031530627902
GCCGTGTACTCCACCTGGGAGGG,0.133033849370882
GCTGGTGTCGGTGACCAGCAAGG,0.146285068326867
TAGGAAATAGAGCGGCGGCGTGG,0.200485031150786
CTCGGTCTCCCATTTAAGACTGG,0.0358851488042333
TGTCCGTCAACATTGAGAGATGG,0.339667802931506
TATGGTTGGCGCTGGCCGAGAGG,0.113201854557307
GACCCTTCTCAGATTCCAGATGG,0.114675208789282
GATCATGACGATGACCACCCTGG,0.184777520800472
AGAGGATCGAGCCTCCGGACCGG,0.464142293429156
CTCAGATGTGGAGCAACAAGTGG,0.350558176395927
GACCGCGGCCACTTACACGCTGG,0.590080551103293
TGGTTGCAGCTTAACTCACCAGG,0.12230062374519
GAACCGAGCTGAAGCTGCCATGG,0.595472400633073
ATGTACAGCGCAAGCAAGCCAGG,0.12091086407936
TCTCCCGGCAGCAATAAACCTGG,0.164662578271318
ACTCAAAGGCATCCCGAAGCAGG,0.219471447034172
ACTCATGGCTTCAATCGCACTGG,0.0933063477652064
CTAGGAAGGAACCCTTACCCTGG,0.760777612132604
GAAACGCTGGCTTGCACAACTGG,0.0824181554977456
TCCACAGCGCTGGCAGACACAGG,0.482071146714578
CCGGCAGCTTATGAGCCAGGTGG,0.332888374933858
GCTCTGCTGGGTGATAAGCACGG,0.48865944347508
TGATGATCAGCTCCTGGACCTGG,0.42365944347508
CTGTTATAAACAGCATGGGCGGG,0.521877834279468
AGCAGAAGATGACTCAAGACCGG,0.201976444784768
TTCAACTACGCTGTGCACGAGGG,0.319850666045613
TGGGCAGCTTCTTGTCGGGAAGG,0.166765329056727
CGCCACGTTGTTGAAGCAGGGGG,0.480947844728998
ATCTCTTCTGCAGATTGAGGTGG,0.349218482137149
CTAGGAGGGTATACAAGGAAAGG,0.413525783501884
ACCAGCACGTGCAGTGAAGGCGG,0.26142547002226
AGACTTCCAGAAGTTCCAGCAGG,0.328309391228058
CGGTGTCTTGTCTGTAGGAAAGG,0.145349446089078
GGTAACTTCGTTAACGCCAATGG,0.46765326521599
AGATAAAGACACCACACGACTGG,0.428591522890127
CATCGATGAAGAGGATGCAAGGG,0.247029349431192
TATGCTCTGGCTTCTTCAACAGG,0.0858742914565571
TCTGTCGCAGGGCCTGGAGCTGG,0.195887586110019
TGAGTTCAGATATCTTGCCCCGG,0.535002181197337
CGTGGAATTATACCAGCCAAGGG,0.395926946087619
CCAGTTCCTCGCGATCCGGCGGG,0.271738949646084
GACATCATTACGCGAGCCCATGG,0.702060697393575
ATTCCTCAGCCCATGTACGCGGG,0.617329336270535
TAGAGCTGGGCGCTCCGGAAAGG,0.124959975887303
CACAGTTCTAAAGGAACGCCTGG,0.474685658110034
CTAGATGATCAGGATGAGCAAGG,0.147036755288717
GGCAACATGATTACCCACAGCGG,0.468413884436208
CCTCACACCAGAAGTTAACAAGG,0.133483170164989
TGCACATCTCTGAGCTCCGGCGG,0.224288583919438
TCTCTTAGTAGCTGCTCCAGTGG,0.129876789347619
ATGTCGAAAGGGAACAACGGTGG,0.689847622582761
TTCGTGGTGTACTGAGAAGAGGG,0.421446368664266
TACAGGACGAGAACGTGCGCGGG,0.439150561552196
TCTATCCCACTCCTATCAAGAGG,0.0813941220598773
CCGGCACCTCTTCAAGGACAAGG,0.153278043265863
AGTGGAGTGGTGCCCGGCAAGGG,0.12528045334154
CCGCCAAAGAGAGGGAAGCGAGG,0.436308346296396
CCAGTATACCTGAGGTGCACCGG,0.624061742325863
GAAGGCGGTCTGAAATGGAGTGG,0.114636046942432
AGTGACCTCTCAAGGCAGCCAGG,0.0448214992803161
AAACTGGAACAGTTGTCCAGTGG,0.426616601259406
CATGAGATAACGCTGAAGCATGG,0.548424333757211
GCATCCGCAAGTTGTGAGAAAGG,0.403578030106272
CTCACCTCACATAGTACACCCGG,0.470488074613638
CTGGCCAGTCTACTGAGAGCTGG,0.236545637210974
CCTTGAGAGCCATGTGCAAGAGG,0.131754879735912
CTTCACTATTACCTCCAGGCAGG,0.314643860827275
TTGGCTATGCTTAGGGAAGCTGG,0.102094890688623
TACGATCAGGAGTGTTGCAACGG,0.190944801266147
AACTTGCTGGTGTGCTCAGGGGG,0.467520467508308
TGAACCAGCAGCGTTCAAGGAGG,0.374328200006114
GGTTCAGAAGATCCACCACCTGG,0.379761846818653
CTCCCAAGGCTATCGCCAACAGG,0.13768486928657
CTTGATAGTCCTGTCCAAAGAGG,0.396135932503293
GCGTGTTCGAAGTGGTCCCAGGG,0.422564445988404
TTCAGACCACGCTTTCAGCCTGG,0.0720942265530434
TTTGGAAGTAAACCAGCACCTGG,0.0748976879891863
TCGGAAATAAGCCTCTGACATGG,0.545932170747807
ATGTATGGAGGAAATGCACCAGG,0.31956853438417
CGGGCTCCAGCGACAGGAAGCGG,0.0467755222689055
GAACTGGAAGGACCACGGGAAGG,0.107987643480943
AGCTACTGCGGCAGAACCAGAGG,0.23405129300486
TGTCATCATCCTCTTTCCGGGGG,0.324787970120848
GCATGTACTGGCCGCAGCAAAGG,0.404098314948434
GCATGGCATCAAGCACCCGGGGG,0.579377403147024
TTTAAAGTGGCCTGAGCACCTGG,0.0191475180890936
AGACCACAAGTTACCTGGCGGGG,0.143818364483702
TCAGCCCTGCAGATGGAGCCTGG,0.108686931920475
GGGAGGAGACGTCGCCGAAGGGG,0.284737904714423
TTGATCATCTTCACGTGGGCTGG,0.0656761623883273
AGAAGATCTTCTGGAGCCACAGG,0.0836019722105029
TGCGTCTCAAACCCAAAGCCAGG,0.116937742849831
ACTGTCACCTACGGCTGCCAAGG,0.420916496766616
AACTGCGAGGACAGAGCCACTGG,0.175540321218215
TCTCTTCCAAAGCACAAACCTGG,0.260547727075551
GCGCCTCCAAGGAGAAACGAGGG,0.203079506171193
TCCTCGGCGTCTCTGGGAACGGG,0.421738949646084
ATTGTTTGTACTCCAGGCCAAGG,0.238881316517354
TCCCGTGCAGCATTTCCACAAGG,0.0802786801712718
GAGGACGCCATGGACGACAAGGG,0.437865295094515
CTCCGTCACCATGAAGCACAAGG,0.105249921432918
AGCCGAAGCATTGAAACAGAAGG,0.235667894264266
AAAGACTTACCAGAGACGCCGGG,0.0579040489146735
ATGAGCAGGAAGGCTCGGACCGG,0.276191024440096
CGTCATCGTGGAGCGTGGGAAGG,0.2032854491232
CAGAGAGCGGGATAGAGACCGGG,0.173912408370849
CATAGTGCATGAGCTCAACCCGG,0.636360592900785
AAAGGTGCCCAAGTCGGCACTGG,0.141245650371631
ATGCAGCTCGCCGTTCCAACAGG,0.172747565211335
TACGCAGGAGTTTCATCGGCAGG,0.206846486317086
CCGACAGCGCCCAACTGACCAGG,0.158643361467259
TGATCAGAAGGTTCTACCGATGG,0.00587688068056688
CTTCTCCTGGCCTGCTGCGCTGG,0.267528129474909
CGTCGATGATGTAGCTGGGCAGG,0.0931078106701594
GCCCAGCTTACCCAACGGCGTGG,0.327546590810503
GATCAGGACTTACCCTACAGGGG,0.256156831144672
TGAGGCTGTAAGAACTACCCTGG,0.633199673359719
GAGCAGTGCAGTTTCACGGGAGG,0.572170415261913
CCAAGCGATACAGATCGCACAGG,0.576263505549532
GACTACCGAACCAGGTGGAGTGG,0.674166235533387
CTCAGAGAAGCATTCGACCCTGG,0.0392916273831236
AGTCATCATCGGGAGGGCCATGG,0.116419429308149
GAACGACCAGGAGGGCCGAGAGG,0.475552951736366
GATTCCAAGCAGTCCTACCAGGG,0.407818273150942
ACTTGGACTTTCGCCGAAAGTGG,0.107635002010394
GCATTCTCTCTTACCACAGCAGG,0.0990116769188114
CTGACACCTTCTGGAAGCACTGG,0.100299986839782
CATGCCGCTACTTTAAGGAGAGG,0.332745127905174
CATGACATGTCTGGCTCGAAAGG,0.00829067378401519
CCATAGATAGCACATCACACAGG,0.11819444869997
AGTTATCCAGAACCAACAGCTGG,0.238761557355268
CAAGCTCAACAACTGTGGCATGG,0.339649085486836
ACACTTGCCAACACAAAGCCAGG,0.149346055184642
GACAGAAAGGAAAGCGCAACCGG,0.274098314948434
CCCTGCCAGACGCACAGGGATGG,0.182081596035142
CCCAATGGTCAGGCTCCGGATGG,0.103692972634548
CACCTTCGCCTCTCCCACGCAGG,0.116391940862979
ACAGTCAGCGGTGGAACAGCTGG,0.0970948906886228
TGAGAATCTCCAACTCGAGATGG,0.0308507573786233
GGCACGTGACTTCATCCACATGG,0.112723821237165
TAGGAGTTCGAGGGATAACCTGG,0.0734765803611612
CCTGATAGGCGCCTTTCCCGCGG,0.288269775142009
CGTACGGGACACGATCGCCAGGG,0.462964563641851
CTTGACGCGCCAGGTGAGCCGGG,0.161600519251773
CAAGGTCCGAGCCCTTCGGGAGG,0.071237382247965
CTCGGATGCCCTAATCGACGAGG,0.0678861937363336
GAGCAACCAGAACCGGAGCATGG,0.558805733965989
GGCGGCCACGTTCTTCGGAGAGG,0.224681097585363
CCGTATGATGAGCCACAGCCCGG,0.270819409416617
GGGTAACCTCTGTGGACACACGG,0.276441144003451
GCATGCGGTGCAGGAGAGGCTGG,0.595252964896396
CAGGCCAAGTATAAGGAGCGAGG,0.303225796661913
TACCTTTAGTTCCCAGCACACGG,0.170610423000316
TACCAATAGCAAACTCCACCAGG,0.191705420486553
GGCAAGCAAGCACGTGCAAGAGG,0.218108474805864
CCGCATCAAAGAGATCGCACAGG,0.438863205230565
TCCATCATCCCACGTGGCAAAGG,0.400127573046867
CCTTCACTGAGACCCGGACAGGG,0.327651084018653
GCGGAGAATACATCTACAAGGGG,0.539095271485583
AGTGCCCAGCAAGTGCGGACAGG,0.114153406885258
TAGCGTTATACGCAGAGCAATGG,0.49442746855345
GGTAACAGTGAACCAGAAGGTGG,0.667151697817871
CGTGGAACAATGTCGGCAGCTGG,0.220756969599862
AGGGCTCTTATGACATCCCACGG,0.132985462283857
ATCCCGCATGCTGGTGGCAATGG,0.197240773153091
CAGGCGACGGTAATCCAGCGAGG,0.0673114810926346
CAACATACAGTGGAACGCAAGGG,0.324422243893261
CGTCTATGACGCATCTCACATGG,0.083860161767338
TCTGCTAGCTCCCTATGCCAAGG,0.592964563642478
ATCTGACGTACATTGGCACAAGG,0.21710249467696
CTGACCTGTAGACGCGACCCCGG,0.119882014008183
ACCCTTACTGTTTAGGCCCACGG,0.115519422576208
TACTCCTGCTCCGAGTACACAGG,0.0854171105655826
ATCTGGGACGACCTCAGAGCCGG,0.4832854491232
AAATCAGATGGCCTCTCCAGAGG,0.14258534463041
TTTGCTCTCATTCTCCGCAATGG,0.55694053020486
ATGTGGGAGTTACCGAGGGCTGG,0.0172770896670246
AATTGGCAGAATCTGGGCCATGG,0.200717959671736
TGCAATTGGCTTTGTTCCAGGGG,0.00884448778610922
CTGTCTGAGGACGACAACCCGGG,0.0279980928018208
CCGAGTGTTGGATTTGCAACAGG,0.0741867261483251
TGCCACAGCTCTCTCCGACAAGG,0.401214302409249
CGGAAGATGAACCTGACCCGGGG,0.326862160298277
GCGGAGGAGACGAATGAAACTGG,0.0895789837049856
TCCACCTCGACCAGAGCCAAAGG,0.170035710357056
CCAGATCCACATCAAACCGGGGG,0.596827768872416
GAATCGATCTGACACCGAGCAGG,0.357924947555802
TTAATAGCAGTGGACACAGCAGG,0.30130007817273
AATAAGCACAGTGAGTCACCAGG,0.234299033241068
CAACCACAATCTCAGGACGACGG,0.0717389496460841
CCGTGATGCGGTTCCGGAGGTGG,0.433682523313796
ATTAGACCGCTCTTTCCAGCTGG,0.455741039510661
CGATCAGGTCTTCTAACCACAGG,0.295458907849219
CTCAACATAAGGTGGCCAAAAGG,0.0101820008477519
GATCCCAGAATACTTGAAGGTGG,0.128018991442949
ACCACTGAGAATTCAGACCCTGG,0.265552951736366
AGAAACACATACCAAGAGCCGGG,0.134539367618498
ATGCGAAGATGCTCGCCAAGAGG,0.201696336309189
CACGCTCACCCTCTCTGAGGTGG,0.172020265253766
CAATCCAGTACCTCAGACAGAGG,0.400216392273826
TCAGTGCTCGGCGTGGGACATGG,0.00793539687701833
AGTCCATATCAGCAGACAGCTGG,0.0740489136771495
ACAGAGTTACCGGCTGAAGAAGG,0.404046068344045
ACATTGTGGACTACCGAACCAGG,0.380775430935895
TGTCTTCACAGAGGCCAAGACGG,0.234508019656115
GCCGGAATTCTGTTTACCAGAGG,0.285373132085111
CGAGGGCACTTCGGACAACACGG,0.124047433487873
CCTACCCATTGGGAAAGAGATGG,0.295500705131977
AAGCGAATACCCACGAAGCCCGG,0.0333459638512364
GAGCGGCTAAAGATTCCAGAAGG,0.45046413250878
GACTTACCGTGTCTGTGAACTGG,0.151529147176525
CGCTGATGGTCAAACGCAAGTGG,0.0286542188146596
TTGGATTGCAGCCAACACAAAGG,0.153617646191694
GAGAAGTCACTCTCATGCAATGG,0.185023079838904
CTCACCGAAGCTTAGTACAGCGG,0.484027350900003
CAAAGTACATCAGCACCCACTGG,0.224688701573512
ACACACAAGGCCTCTGAGAATGG,0.224611696810757
GCTCTGCAGATTCCGTGGAGTGG,0.469558085063794
GACATGCGAATGGGTGGCGGAGG,0.186883058940283
CCTGCAGCATCTAGTCCAAGAGG,0.127674163856742
AGGCTTGGCTCCAGGTAGGCTGG,0.15285205841936
CTTAGGTGAGGCTGAGCCGCCGG,0.0709970478696578
GAATGCTAGACGTGTAGCAAAGG,0.564737904714423
CATTACCTGGAGGATTGAGCTGG,0.114403526448592
CCGCCCACCTCCATCACACCTGG,0.11147797273489
AATGGGCAAAGTGTATCGACAGG,0.498857980570377
AGGCCCTGTACCGCATGGCCTGG,0.0951408677000962
TCCTAGTATCCCAAGGAGAAGGG,0.177635410037462
TCTAGGGCAAGTTGGAAGACCGG,0.381582209834172
TGTCATTCTTGGTCAGAGCCTGG,0.132549028116269
CCAGTTCCATGTGGCCACCATGG,0.440735814849846
TAGTCCAGGGCTTCGCCGCCAGG,0.139200020801743
TTCGTCTATGAGCACCGCGATGG,0.137520467508497
ACAGGTTCAGCTCACTGAAAGGG,0.116691111648788
CATAGGAAGCCGCCTCAGCACGG,0.223022034907055
ACATTGCCAACATCCTGGACTGG,0.0294953891386095
TTCACCCTTCACGTGAACAGGGG,0.067094890688604
TTCGGTGTTACTTGGAGGAGGGG,0.171937486740755
ATGCAACAACTCACTTGGACTGG,0.35976402801599
CTCGGAACCTTATCATGAAGGGG,0.499753578695614
GCTCGCTCAGCCAGCAAGACAGG,0.124111201575034
CCTGGACAATGCTGGGAAGACGG,0.165796329577274
GGCTACAGACTCAACCGAAATGG,0.0166187824569932
CGTTGGAGACAAGGTACGGCAGG,0.363398210455017
CCATTGTATTGGCAGTAACCAGG,0.209518725086194
AGAGACGATCTCCTTGGCGAAGG,0.620046159677432
CGGCATCCGGAATCGAGACGAGG,0.55201063198715
GATGCCGTGTACCTCTCGGAGGG,0.248374268350786
CATACCTTTACCAAACGACCTGG,0.634048249542009
GCGGATTTGCAGTTCCAGAAAGG,0.141906138778372
GCTGCCGTAATAGACTGACGAGG,0.469882014007995
TTTGCTGTCTGCCACGGAGCTGG,0.192020265253766
CAGCTCTGTCTATCCTACCAAGG,0.339578983705174
TTTACCCTCGTTGGCTGCAAAGG,0.186754879735912
CAAGCGGATTCAGGCCAAGAAGG,0.269636454969124
GCTGCGAATAAAGGAGACCAAGG,0.611247831568341
AGGCCACCCAGGTCAACGCCTGG,0.171487349893265
TGCCTGCTCTAAGTATGAGGAGG,0.20777865706552
CTTCTTGAACCCACGCAAGGTGG,0.214443142534641
CCTGAGGGTGTAAGTCAACAGGG,0.202873365087557
TTGTGATGGAAACACGCCAGAGG,0.112873365087745
GCGGGTTCCCATCTGGGACCAGG,0.0917263191283712
ATAAACAGGTACTCCTGCACCGG,0.366169461662385
GCAATGTTGGCAAAGACAGCAGG,0.228593704087463
ACGTGTCGCTGGCACAGACCCGG,0.269325156542636
TGCCTTACCTGAATCGGGCCAGG,0.226827768872416
CAGCCAGGTCGACCTTAAGCAGG,0.10991995177418
TGGGCAAAGGTCGTTTGAAGAGG,0.0845811649021343
TTCTTAGATGGAGATGGCGATGG,0.0735989287474008
TCAGCGACAGTATGACGAGATGG,0.169479715157838
TTAATCAGTGGAGCGGAAGATGG,0.370380537943263
CACCATTGTGACCTACCAGATGG,0.290414929368496
CTTGTATGAGCTGCTGCAGCTGG,0.224507203602857
ACATGGGTTGGTCGGCACACTGG,0.265885148804233
GATTGATCGCTGCCTCAAGAAGG,0.0923136622897205
GACTGAGCCATCCATTAAGGAGG,0.333758712023042
CAGTGGGTAAGCCTGTGGGCTGG,0.135710355683356
ATGTTGGACCTGACCTCCCGCGG,0.0486176461919261
CTATGATAGTTGACCTCAGGTGG,0.146472491965833
GGCATTACCCGTTTATACACTGG,0.314800600639188
GCAGCTCCTCTTTCGAACGGTGG,0.208136977435581
CGTCGCTTTCCTGGCCGCCAGGG,0.06714429195997
AGTTCTACCAAACCCTCCACAGG,0.189699150894076
TTTGATGACTGCCACGAAGGTGG,0.127065922053951
GCTCTGATTGGCAAGCAGGAGGG,0.430597792482603
ACACTTCCGGTGGCAGGCACTGG,0.0824734455651737
ATGCACCTTCAAACCCACCAAGG,0.157130799175865
GGAAGCGTTCGGCGAGAGCGCGG,0.123831857268183
TAGCACCTTGGTCTCACGCCGGG,0.262397256856115
GACCGTTAGATAACTCACAGAGG,0.194685658110034
CATACAGTGGAGTGGAAAGATGG,0.138363002975898
GGCCGACTTACCTTCAGACACGG,0.436391940862541
AGCTCTCCGATTTGCACAGAAGG,0.025333515999313
GAATCCATAGGCTGCGCCAGGGG,0.165218573470536
TTCCCTTTAGGTATCTACGGCGG,0.708165281934485
CATGTGTAGGTTGGAGACACGGG,0.742828722471945
AAGCTCTGCTGAAGCACCAATGG,0.0663157521539211
AGTTGCATCGAGAGAAGAGCAGG,0.0931136994660523
TCTGAGCCTCACGTAAAGAAGGG,0.440634365105174
AGCTACGCACCAGCGAACCAAGG,0.437201763224296
AGATTCGCTGAGATTCCAGCTGG,0.0266187824569932
GGCTCATCAACCTCGTGGACTGG,0.00247040210167032
ACAGGCTGTGTGTCGGCCGGCGG,0.24472663933991
GGTGCTTGATCACCGCCGCGCGG,0.564406569911443
GCAAGGCTGTTGGCCTAAGCAGG,0.146415684836773
GCAGCCGGGTTCGAAGCCCAGGG,0.223826632607368
CAGCAACCTCTATGACAAGCTGG,0.131790380196337
AGTTCCACAAAGTCCACCAAGGG,0.219377403147025
CTATGTCAGCCGCCTGCCCGCGG,0.310634365105174
CCGGCCAAGAGATTCCGGCCAGG,0.243959686423498
GGCCATGTAGCGCTCGAAGGAGG,0.323445232399218
ACCGAATCATTCGCACAGACTGG,0.185197930937417
TTGCCAAAGCTACAAGAGACAGG,0.0554804706259018
TATCCCATGTGCCATTGACCAGG,0.517917541698904
GCGGATAGGCACCTCCACAGGGG,0.260832902200471
TACCTTTAATTCCCACGGACGGG,0.120179819650816
TCTATGTGGTCACCGCCGAGGGG,0.278332471066774
AGCTGACATTGTGTTGCGCCGGG,0.144234156118547
TCGACCATTCTCTCAGCAAGGGG,0.244006452257996
CTAAAGTTGCCACTCTCACAGGG,0.310284312858152
TGAATTTGAGGAGCGAGCAAAGG,0.366838218194047
GCTATAAAGCCCAACAAGGATGG,0.556336650795927
GCGACTACGAGGGATGGCGGCGG,0.24892590115533
CTTGCAACGTCTGTTAGAGATGG,0.111883058939845
CCGTGATCCGCACGGTAGGCTGG,0.0482257966621016
ACGTCACCTTGGAGCCGAAGGGG,0.243006360925236
ACAAGATAAACCCAACCAGCAGG,0.192845761596588
CTTCCAAGTGGAGTACGCGCAGG,0.601977102826804
AGGTTAAGGCGGCTAGGACAAGG,0.0220136754500201
ACTCGCTTTAGAAAGCCACGGGG,0.573241470643105
AAGCGCCATTCTCTTTACACTGG,0.178063832189813
AGAGGCGCGCAGCAATGAAGTGG,0.444709600214892
CCAGTGGATATCCATCAGGGAGG,0.0420868206955374
TACGGTGGTGCCGTCCGCCAAGG,0.341595702618653
TATAGTTGACCCTACTGGAGAGG,0.536284404191539
GACTGACAACGCGGTCCCACAGG,0.433565399587932
CCGAGGACTCAATACCACCCAGG,0.140660488406929
TTATGCCGCTGCTTGTGCGCTGG,0.130404072020632
CAGCATCGTAGCTGGCCAGATGG,0.106367998757934
TTCATGATCAGTCCAAGGAGAGG,0.358917633031664
CCTTCGTAAAGCCTTTGAGGAGG,0.559544592279313
CCAAGTCTACGACGACGAGCTGG,0.321821728158719
ACAGCTCAAGCGCATGGCCCAGG,0.120198338964485
GAGGGCTCACTGGTTCCAAACGG,0.15848139699472
GGCTTCAAATGCCGCCGCCATGG,0.123599592882961
CATGTCACCACTTGCCGGACAGG,0.173949237102683
CGCAGCTGTGCACCACAAGGTGG,0.222175639922729
CGACACTCTGCGGGATACGCTGG,0.150012630517901
CATGCAGGACGCGGAGAACGTGG,0.177933215679657
TGTCGGCGAAGAGTTCAACCAGG,0.329032767438957
CCACTGGCTGGTAATTAGCATGG,0.0303731320852991
CCTCCGTAGGCGCCTAACCAAGG,0.13470655675204
TATCACTTGGCGAAGGAGACGGG,0.146444187466741
AGAAGATGGCGCTCACCAGGTGG,0.621418064164735
GGATTTCCAGCTGCTTGAGGAGG,0.0324808514225105
GGAGACGATCGCGATGAACACGG,0.316214302409249
CTCAAACCACTGAATTAGGCTGG,0.095982038024046
TGAGCCCACTTCTGAAACACAGG,0.140362682764547
GAAATTGGATTCCACTGCCGAGG,0.155676162388559
TCTTTCACTTCCAGCTGGGCCGG,0.0100670583190246
ACAAATGAGGCGCCAAAGAGAGG,0.264563309723982
TTCCAACTGGACCTCGAGGCTGG,0.204654310147651
TGGTTGCGCTGGTCGCCGACAGG,0.0629328076530085
TCTGAAACACTCGCTCCACATGG,0.324333424666302
AGAGGAGCCTTACCTGACGGAGG,0.641958385382761
GAGTCTACTTGCACCTCCGGCGG,0.494077416306428
AAGGATCTCGTTGGCTCCGGTGG,0.567593612754077
TGTAGGAGATGTGGTGGCCGCGG,0.166492574553704
GGTTGCCAGCGAGGATAACCCGG,0.277820454348279
TAGTCCACTCACCTTGCCGAAGG,0.503578030106272
ACTGACCTTTACTCTCCCGCCGG,0.282504793527117
ACGTTACCTGTCAGTCCCAGGGG,0.137245741705018
CCTCCAGGTCATGGGTGGCATGG,0.0826121320679332
GCCATGTTGGAGCAGAAGAATGG,0.325291718715677
TTCCTCTCCCAGTATGAACGAGG,0.386982327487619
TCTTGGCATCAGGTACACGAGGG,0.191924856223669
TGTCTCTATCACAGCCAGAGAGG,0.38619340376787
TATGGGAAGAGCTGGTGAGATGG,0.524150561552196
CGTAGACAGAGAGGCCGAGAAGG,0.355072282978999
CATAGACTAACCACATGAGGCGG,0.507865295094515
ACAACTTCAACAGGCTGCACTGG,0.110777612132981
TCCTCGATCCTTGGTCAGCGGGG,0.191898732921475
TCCAGCCGGACATCGCCGACCGG,0.0652976075120272
AGCCTCCATCTCTCCACAGGTGG,0.354622962185269
TCCACTTGCTGTGGCCAGCGAGG,0.146576169120098
TAGCCTGAAGCAGCTGGAGGAGG,0.282679388517557
GAAGTGCCTCCATCTCACCAAGG,0.208196629896868
CTTGTACTCACAGAATCCGAAGG,0.606846486317086
CCAATGAAGAGCGTGAGAACTGG,0.3507493076337
ACAGAAATTTGTGGTGCACCAGG,0.161457074093279
CTGGCAGACTCATGGCGAGGTGG,0.462206987884484
GAGTTTCCCGCTGTCTCCAGCGG,0.477337604394829
ACGTTAGCAGTTTGATGGCATGG,0.158509293466932
TGAGGTAAGTGCCGCCCACAGGG,0.107159965941099
ACGGTCGAAGTCTTTCAGAAAGG,0.493816183286992
TGGCTCTGGATATCTACGGAGGG,0.337557040131506
TTTCTCCTAGGAGGACCAGGAGG,0.196689338478294
GGATCTCTCCTGGCAAAGACTGG,0.125816820192212
GCATCGCTGTACAACTGGAATGG,0.10072602966461
TCTTGTGCTGTTGACAACAGAGG,0.19145986144812
ACCTTCAATGCCAACTAGGAAGG,0.680550770538402
ATCAGGAACGCGCACTGAAAAGG,0.227297172254895
GGCGCGGGCATCCCTAGGAACGG,0.260936550093085
AGTCACTAGCTACCACACAGGGG,0.45507010178229
TACCACGACCCAGATCCCAGCGG,0.328006360925236
CATCATCAGGACTGCTGAGCAGG,0.0222509663649556
AGCAATATTCCCAACCGCACAGG,0.109986507215707
ACCGTAAGTCTTGAGAGAACGGG,0.0694192004297832
TGGCGCACAAAGATGAGGAGTGG,0.0152917187160528
GCCGGAGAAACCTACCCAGGCGG,0.128659443475268
CTTTATTCTGCTGCTTGAGCGGG,0.042342829055017
AGGTCACGCACGTTGAACCATGG,0.528549725606741
GACTGCTGCGGTTGAGGCGCAGG,0.0218434428539838
ACATCTTGCTGACAAACGAGCGG,0.191935305544045
CCAGTGAGCGGAAGACAGACAGG,0.033967698438528
TCTCCGTGGTGCGTGCGGAGAGG,0.232553996668028
GGCTCCTCTGGTAAGAAGGGAGG,0.432888374933858
TGGTTGTGAACGCATAGGGCTGG,0.208484650354203
TGGTTGGCAGCAAGCGGCACGGG,0.740370088621633
ACTCCATTTGATCCCGCCACCGG,0.271956204185424
TGAAGAGTACATCGCAGACATGG,0.386806870231664
AACCATTCCGCACTGCAGCATGG,0.552290582451255
GAATGACCGCCAGCAGAAAGGGG,0.14317877471834
GGATAACGTACCAGACCCAGGGG,0.679855890706427
GAGGAGGTACGACTCAGGCGAGG,0.260024444982544
GGCAGCTTTAAGACGTACCATGG,0.469669984128843
GCTGATAAAGTTTCGTGCACAGG,0.124204173299785
GGTGGGCTGCAAGCGGAAACTGG,0.032128617978716
ACGACTTCTTCATCTCCCGCTGG,0.245897779322573
GGAGTTGATTGAGCCAACACTGG,0.443716914739657
AATTCCGTGACGAGGCCAGAAGG,0.28470655675204
CATCGAGACGGTGTACCGCGGGG,0.596888283600471
TGTAGCACAGCACCCACAAGAGG,0.380968743370377
GCTGGTGAAGCAGGGTGCCGAGG,0.405242515575393
GGAACAGCACGTAGAGCGCCAGG,0.00312870931170168
AGATCGGTTCTTCTCCAGCAGGG,0.205911272106428
TATGCTTGCTACTCCCAGGATGG,0.0503679074249041
CAAGGATCCTTAGGGTGCCCTGG,0.145597384455347
CACCTGTCTTGGGTCGGCGCTGG,0.338217528538874
ACCTCAGGCTGTCTGAAACCTGG,0.296462042645457
GGTTCATTCGCTGGGCGCCCGGG,0.587830903668655
GCCGTGTGATCCGTGGACAGAGG,0.373513152984171
GCACTGACTGATACCAACAGAGG,0.520378356745299
ATACTCACTTCTTGCGACGGCGG,0.0799603839139512
GAAACATCTGCAAAGCCGAGTGG,0.132689837837934
CTCAGTGCGTGAGGTTGGCGCGG,0.328826632607995
GCGTCATGACTGATGTCCACCGG,0.36104929447367
ACTGAAAGGCTCTGGCAACCTGG,0.532510018187305
GGTCACAGCGGCGGATACAGTGG,0.79412139478715
TCACCGAGCAACAGCTCCGGGGG,0.649281178061913
CACGCTGTCTGAGATCAAGAGGG,0.0293699972890609
ACTCTCTGGCCAGTCAACAGAGG,0.328392985794829
AAGTCCCGAGCAGGGTGCGAAGG,0.079813685395974
CTGGCTTGAATGGGATGCCCTGG,0.387217437205487
CGAGGATGTCCAAGCGGCACCGG,0.182420790934093
TTCGACAGTGGCTTCGGCGGTGG,0.0515173327122584
CGATCCAAATTTGAACGCCGTGG,0.0383115724256453
AGATGTTGCCGCTCCCGCCCAGG,0.0827166252758329
GGATCTCTTCATGAAACGAGTGG,0.276935305544045
TGGCATGGTCATGCAGGAGGAGG,0.185929127284956
GAGCTGATATCGAATGGAGAAGG,0.414359547968497
GCAGCACCCGGTCGTTGAGGAGG,0.289537186421788
TCTGCCCAGGAAATCCACAATGG,0.388165281934485
ATTCACCAGGGCATCACAGGTGG,0.043455681719575
ACCCAGGTCACCCGCAAGGGTGG,0.197943665001099
ATTGTTGGTGGGTGAGCACAAGG,0.089414639904861
GAGAGAAATAGCCCTACGGCAGG,0.362219618402197
GGTAGCAACTCCTGGTAAGAAGG,0.13265630867903
GATCATAGGTCCAAACCAGGAGG,0.374803644102039
GCACCACTGATGTTACAGAAAGG,0.461198628428058
CCATAGGTGGTCTCTAGGACTGG,0.00474835403479886
CGCCTCATGAAGGTTTGACGTGG,0.0631004048126345
TGAAAGGACACGAGACGCCATGG,0.322092045355957
CATGCCTGTGCTGAATCAGGTGG,0.444845441385424
CCAAGGGTTAACAAGGCCCAAGG,0.762271865006586
GCTCAAGTTACGTGCAGAAAGGG,0.112814413634167
AACGACGTCTTCACAACCAGAGG,0.1228570269711
GCTGATGGAGAACTTCCGCAGGG,0.675803735435426
ACTGTACCTGGTTACTACCATGG,0.13341084097273
GGCGAGGATTCCACCTCCACGGG,0.322311481092634
AACTACTCACGCATGTGACACGG,0.137381582874924
AGAAGGGCTCGTCGGTCAGCAGG,0.094685658110034
CACGACCTTCCTGCAGCAGGTGG,0.442982418821006
CCATACACGTTCTCCCACCCTGG,0.168429558417399
TTATCGGCAGGCATATCCGCTGG,0.284006452257996
CAACACTAGTGGGTCCGCCAGGG,0.366977102827431
CAACTGCTCAGGTTTAGGAATGG,0.19077020627508
GCGTGTGAGAGACTTAGCCCTGG,0.426221708266774
CCCGATTAAGGCTCCCGCCATGG,0.181637499901224
ACCACTTACATTTCCGAAGCAGG,0.183745219238561
GCTGGTTCCATAATGCGGGAAGG,0.181679297184798
ACTCACGATGCTCTCGGCCATGG,0.185869066796413
GAGGCTTCTCTAGCAGCAACAGG,0.18247588287094
CAGGCCCTCGTAGAGCGGCATGG,0.156994958005959
TTAAAGTGTTGCGGCAGCACAGG,0.176961428845801
CAGAGCACGCGTTCTGACCCCGG,0.304610331667556
GACTACGATGCTGGGAGAGGAGG,0.463868429890942
GCTGTCTATGTGTGCTCCACAGG,0.316848667514423
GATGACGCGGTATTCAGGCGCGG,0.373565399587932
CCCACGGTTCTGGAAGGAGGTGG,0.0996730275923211
AGGCTCGCTTAACCTGGAGCTGG,0.159136252714581
GAACCGGAATGCTCGACGGAAGG,0.175676162388371
GCACCATTGCATCTATGCCCAGG,0.58469610743041
GAGGTTTCTACAGGAACACGAGG,0.120495480471539
GCTCCCGCCTGAGATCCAGCTGG,0.110351825416871
GGCAATTACATATGCAGCCCAGG,0.57401472038229
GGTGCAATGCTTACCAACACTGG,0.299116170126335
CCTGCAGAAATACTACCCGCCGG,0.394772296139656
TCAATTGGATCAGGCCGCGCTGG,0.525226841594202
AGCACCTGTGGAAACCGAGCTGG,0.671836036996083
TGTAGGCAACAATCACAGGGCGG,0.344265504081349
AAGCTGTATTGCCACGAGGCTGG,0.233942940280349
CATGGCCTCTCTACTCGCCAAGG,0.191454636787305
CTCCAAGTTGCAGAGTAAAGTGG,0.0323972568561155
GGTGATCAGTGCTTACCGCAAGG,0.530798510774611
GACTGAACTTGCGAGGCAGATGG,0.124703967527635
CTGAGGCAGATGCATCCCAGCGG,0.597924947555802
CTTGTGTTGACTGACAGGGAAGG,0.352951070858623
CAACCGCAAGCTCATTGAGACGG,0.0224808514225104
TCACGACAGAGCGCATGAAGAGG,0.17201063198715
CATCATGGTGAAGCTCGCGAAGG,0.120605862475394
GGTCTACGAGCTGACCAGCAAGG,0.330733225625861
TCAGTGTGTCCATTGGAGCAAGG,0.388844487786523
CATTCGCAAGCTCACCGGGCGGG,0.302337604394202
CCCAGTCCAGATCTCCACACAGG,0.124570715581257
GATTGTCTAGTGGACGAAGATGG,0.0506208723210685
TGCAGGCTGTGAGAAACGCGGGG,0.437112943997337
TGTCTTCCTATTCCACAGGCAGG,0.156634712546759
TTTGAGTTACCGGCTACCCAAGG,0.391132889040441
TAAGCTCATCCTGGTTGAGGGGG,0.138279408409503
TCAGCCTCCGAGGGCTCCGAGGG,0.111694971165801
TCAGCATTAATGGGCAAGCATGG,0.183483986219125
ACAGATGAGCTGATGGAGCAAGG,0.441470310768497
CATTCTCATCCACTTTGGGAGGG,0.330861206699376
ATCCTTTGAGGCAGAGAAGCAGG,0.0203178420181218
CTCTCCTTGTTGTGCTCGGGAGG,0.179282543205741
CTCACAGATCGAGAAGAAGCTGG,0.0872069878846722
ATGGCAGTTGGAACAACCACAGG,0.588372087152823
ATGGAAGGAATCAACACCACTGG,0.174208032816772
CCTAGCCCAAGCGCTGCAAGAGG,0.291240425711443
ACAATCTGCTGCTGGTCGGAGGG,0.503246695303293
GCCTATGAACTCTTTGCCAAGGG,0.131351508722982
AGGCTATGACAGTGCAGACCTGG,0.379113988929625
TTACAGATCGCTGTGGAGAATGG,0.0785179696175226
GCAGAATACGGAAAGCGGGAGGG,0.0902055349257546
GACATCTCCACCCTCAACAGTGG,0.0374420976025405
CCGTGGCTATCTGGTGACCCAGG,0.392557040131506
TGTGGGCCTGCTCTGCGGGAAGG,0.214678252252509
CAATAAGATTGGCGTGGGCGTGG,0.153852755909562
AGAATGTGTCATGGAACAGCTGG,0.185493299274453
GCGATGCATGTGATCAAGCGAGG,0.467290582451255
TCACAGATCGGGTGCTACCAAGG,0.522468220904547
CCGCCCAATCGCTCGCAGACCGG,0.0928805610490775
GGTGAAAGTGCAGATCGCCGTGG,0.464275953401725
TACCCGCCTGGTTCAACAGGAGG,0.2673920321953
TCGTCCTCTCATGGAGAAGGTGG,0.451663623203606
TCGAAGTTGAAGGTGACAACCGG,0.196423288824923
GAGTCCATAGGCAAAGGAGATGG,0.256764256894769
GGCAGCTGGAAGCGCACGAGCGG,0.704537186421788
CATTTGTCAGACCGGAAGACTGG,0.14012234838624
GGACATCGTGTACCGCACCATGG,0.731068011917713
GAATGACAGCCAACTCAGCCTGG,0.144778885943421
GGCTGCCGGTTCTTATCAGATGG,0.605299986839343
CGGTGATTTCTCCAAGCCAGTGG,0.0755216037736076
TCCGTACATTTGTTCGGCGCAGG,0.179795375978373
ATACCGCCAGCGCTATGGAGTGG,0.288607196871318
ATGTGCCGTTACGGCAGCGCCGG,0.101783382365692
AGGCGGAATCGCTCACCCGACGG,0.457337604394829
GCGAGTTTCAGGACCAGACCAGG,0.0688549371068992
GCATGTATGCCCTGCGAGAACGG,0.0799181786039364
CCCACTTGGACTTCTCCAGGGGG,0.280221616934014
ACCACCAATTCTAAATGCCCTGG,0.404453591855644
TTCCATGGTTGAGCACACAAAGG,0.0828857857094537
CACCCGAATTGTCCAGCAGAAGG,0.123492254342352
ATGAGACGTGGCTGGTGACCGGG,0.701276998334014
AGCACTGCCACAATGCCAGCTGG,0.303274183748688
TGCTGAGAGGATCGGCAACATGG,0.156321232922934
GGAGTTGAACGTAGTAGAGCAGG,0.489646904290127
TCAATGGTGAGCACATGGACAGG,0.145730590189031
TGCGTGGCCTATGCAAGAAAGGG,0.113923521827576
TGGACCGCTGTTCTCAAGGACGG,0.282198719761445
TGTTGCGGGTTTCTACAGCAGGG,0.234278134599062
TCGAAGAAGCCTAGAGAGACTGG,0.0632101226809104
TGCCCAGGATCCTGCAGCACAGG,0.368737813381036
TCCTTCCTTCCGCCGCAACATGG,0.114811714095081
CGATGAGACTCTCCTGGAACAGG,0.144214622620537
AATCCACAATCATCTGGCCAAGG,0.121397165523356
ACCGATTGCAAAGGTGAGAGAGG,0.0943094825614446
GAGAACTTCTACAGGTGCGGCGG,0.0812269329272127
TTATGTCTGGGAGGCGAACGCGG,0.224626005648747
CTTGTGGAACTCACGCAGGAAGG,0.15942746855345
CTCTGCTCTAACTGGCCACCGGG,0.00234501025214055
GCTGAATATCCTGCAACAACTGG,0.169816274620379
ATAGACCGTGTAGTCACAAGTGG,0.280629140444986
GCTTAATGACTCAGACAGCGAGG,0.117099707322163
GGATCAACTCTTGGCGAGGGTGG,0.277233111186678
TAAAGGTGACTGGCAAGCCCAGG,0.462052429269908
GCCACTCACCATCCGGGAAAGGG,0.584667802931506
GCCATCATCTTCACGGCCCAGGG,0.243912664479925
GAATGATGGAGACGACCAGATGG,0.210046159677432
GCGCATTGCACATCAACGGATGG,0.143545866089754
GGTCTACTCTGATGATGAAGAGG,0.205205942952823
ACAGATACATCACGCCAAGCAGG,0.157146729265755
TCAGATGCAGGAGCTTCGGAGGG,0.711467267305018
ACTGATGGAAGGCATCGCCCTGG,0.359066966986051
TGGGTACTGGGTTGGAGCCCCGG,0.0711463818241079
CGGACGGTGAACCTCTAGGGCGG,0.244824542743418
TGATCTGCTCTTCCAAGCCCTGG,0.493105629472572
ACCAAATGAATGCCACAGCATGG,0.214328200006114
TAACGATGCCGCCGGAGCGGAGG,0.298366862492634
TCTCTTTCGACTTCCACGGGCGG,0.438081687367714
AGGATGGAACGGGAGACCAATGG,0.401571760513796
TTTCTGTGTCCTTGTAGCCGTGG,0.126043253759597
CTGCAGGAACTGGGCCCGGAGGG,0.147089001893106
TGGCTGAGAAACACAACAACAGG,0.124372434594846
TGTTTCGGGTGGATAAAGGAGGG,0.487076371374766
CGGTGATGACTTCGATGGAGTGG,0.383515334181507
CCCGGAACTGGGACAGGAGCAGG,0.179031759506682
GGCTTTAGAGGTCGTGGACGAGG,0.152178077228138
CGGGCGTTCAGTACTCAGCCTGG,0.166826952819158
TTACCGAGATGCTGATGGCCTGG,0.0307493076339512
GGGTTGGAGAGAAGCCACGAAGG,0.702755577226177
TTACCCGGGATGTCATGAAGAGG,0.445229022790912
CACTAATGTGTTACTGCACCAGG,0.246721094467556
AGTGTTACATGCCGTAGAGAAGG,0.420911272106428
ATGAGGTATAATCTGTCCGCTGG,0.40188524013762
CCTGACCTCCCGCGGACAAGTGG,0.130492891247573
ATCCCTCCTTTCCTGCAGCGAGG,0.348988597079907
CAACTGCCGTTCCATGCAGGCGG,0.167042236057774
GGTGCAGATCCCGGATGAGACGG,0.187799555706272
GAGGTCTCTAAGAAAGAGGGTGG,0.20717563992229
GGCTAATACTCAGGGAAAGAAGG,0.298330289870064
TGGACCTATTGTTCGGGCGCCGG,0.273711690078841
AAAGGGTATTACCTTGAGGGCGG,0.291906138778372
AGTGGCCCTGATCTTGCAAGGGG,0.444699150894515
CTGCTTACCTCAACCTGAAATGG,0.0271307991758647
TTGTGGACAAGGCTTCCGAGAGG,0.303910227174139
CCTCACCTTACGGTTCCAGCTGG,0.154549816940128
GGAATACTCACTTCTTGCGACGG,0.534986507215518
AACTCTGGGAAGACGGCCAGTGG,0.225386426738761
TAACTCACCAGTAAGCAGGCTGG,0.239743129373984
ATCGGTAGTCCTCACAGCCACGG,0.0877973745097505
GCTTCGTACTCTGAAGAGCCAGG,0.289116170126335
GAGATCATGGGTGCTAGGAAGGG,0.123076462707777
CGTAGTGGGACGAATCACAGAGG,0.538152651416772
CATCTCGTACTCGAGGGAGCAGG,0.367541366150315
AGGAACTCACACTCTGGCACTGG,0.830054427801098
GCGGGAACGCGATGAGGAGCAGG,0.105336559462729
TCCCGAGTGACAGATCCACAGGG,0.238875835748905
TGTCACCTCAGATGGCGAACCGG,0.137057653930724
CCTGCTTATGGAAATTGAGCAGG,0.144508275765191
GCTCGGTGTAAGTAGCCACATGG,0.155061833658623
GCACGTTGCCCACAATGCCAGGG,0.0531213034542019
AGGATTTCCCTCTTCAACCATGG,0.336543456014265
CGCCGTCCGTAGGTGTCCAGAGG,0.299973014432291
CTGGAAGACGGAGACAAGCGCGG,0.655639589765989
TCTCTTACAGGCATGTAAGGAGG,0.133504884859877
TTGCTTGTGAACTTGACCCAAGG,0.316190360304391
CTGTGCTCTTACCGTAAGCGTGG,0.053191405236429
CATGGAGTGGGATACGCAGGTGG,0.241052337936522
CAGCGAGGGTGCCTTCGAGGAGG,0.39476184681928
TGCCTGAGGAGCGATGCCGAGGG,0.411783790392321
CTCAATCACAAGTTCCAGCAAGG,0.21687260961928
GCTCACCGGCCATCCAGGAAAGG,0.29071491620784
CTTCCTTGTCACGCGCAGCATGG,0.517786925188559
CGTTTAAAGGGAGCACAGACAGG,0.138565399587932
CACTGACTTCACCGTGGACCTGG,0.121122439719188
AGGTAGGACTCACCGTCCGGAGG,0.340221616933387
GGATCCGGACCTTCTGCACATGG,0.164257235957056
TCCTAATTACATAGCTCCCGAGG,0.454542411081976
TTCCACGAGTTCATCCAGGGAGG,0.282823497811757
CTTCGTGATGGGTTGCGCCGTGG,0.136203853088246
GGATCAGATCAATGAGAAGCAGG,0.239845441384798
GCCGGCGCTACAACATCAAGGGG,0.24958943302555
TTCCAGTAGCCGGATCGAGCTGG,0.0374651774413192
GCGGAGAACAATATGGCGGATGG,0.148058607529625
ACTGGGATCTATTTAGCCACTGG,0.053274999802824
AAGACGGAAGAGGATGGCCGCGG,0.158821407947619
GCCGCTCCAGCTTTCGAACCTGG,0.32340865977602
CACCACCTCTCCGAAGAACGTGG,0.194887238668371
AGCCTTCCTCCGGGATGAGCAGG,0.109303441847334
AGCTACCACGAGGAGGAGGCAGG,0.0634922543423524
GGTGTCGCCTTCTTGTCCGATGG,0.611256099692634
CCCGCTTCACCCGCACAAACGGG,0.118920676494954
CTATCGTGTATGTGATGACCGGG,0.197844396453324
ATTCTTCTTCACAGGCACCAAGG,0.221603108476178
GGTTCGAGAGACAGGTGAGGTGG,0.370174594989813
GACGGTCCGAGTGTGCAAGATGG,0.468886285069282
ACTCCCATTAAGGTGCGCCCTGG,0.732292763648592
TTGACAGCTGGCTTAAAGGCTGG,0.156412839504108
CTCTACGGAAGCCTCTGCACTGG,0.116064152401139
CAGCATTCCTAAGGATAAGCAGG,0.0742781345990622
TTCTAGGCAGCCACACACCAGGG,0.274090046824767
CAACTTGTGATCTCGACAGATGG,0.0588026905028867
TAGTGGAGCAATGCATGAAGAGG,0.555111899065675
GCGAGGTATTGTAGGTAGAAAGG,0.0226584898759274
CTTCTCACCGTGCATCGAGCAGG,0.0923450102521029
TCGGATCAATGGTTGGCAAACGG,0.112311073065755
CATTATGTTGGACTGCGGACTGG,0.228207079217244
AGCTGGTCTTGAAGCACAACAGG,0.0557649816150797
TGAAGACGATAGTGAAGGAGAGG,0.148300307051133
TAGAACCACTTCTCCTAGCACGG,0.389385671270064
TGCCTCCTGGTGAAGACAAGGGG,0.240984417351569
AAAGTGGACGAGACACCAAAAGG,0.121177729786678
TGTCTAGTCGTGCTCGAAAGAGG,0.444267685278686
CATCGAAGAGTCCCGGAAGAGGG,0.162386807535739
GGTCACGCAGCCGTTCACGGCGG,0.617206987884484
TGGTGAAAGTGCGGCGCAGCCGG,0.0611642370024478
AGCTCTACGCTTCGCCGCCGCGG,0.479023948212207
CTACCATCTCTACTCACCAAAGG,0.373518377644358
GCATAGTCGTTGTCACGACATGG,0.156263505549532
TTCGGGACCGCCATGGCCACCGG,0.243121303453763
AGTCTCACCAACCAGTACAAAGG,0.53892808235204
CTATGAGCATCGTCTACAGCTGG,0.183912664479925
GATTCGCAGGAACTCCGAGGCGG,0.487692881302039
AGTAGAAGATCCGGACGAGGAGG,0.122867476291852
CGCCTCCAAGGAGAAACGAGGGG,0.101621825920221
AGGTCCAGTCTCTCACAGAGGGG,0.32321534734091
AGGATGTACTGCTTCAGGAGTGG,0.159369997289061
CAATGGCGAAGTAGTTGAGAAGG,0.509882014007995
CAGGGACTACGTGATTGACCTGG,0.117162147138247
CGTCCAACAACCGCGGACCCGGG,0.0591579674099713
CAGAATGCAGACTATACCACTGG,0.175268638877588
TCGACCTCAAGAATCGCCGCGGG,0.122279725103184
CCAGGTGCTAGACAGGCCCACGG,0.128385381806867
ATGGCACCTGTGTGGCAGCCCGG,0.289074628952025
CTCACAACAAGATCCCGCCGCGG,0.490655263746553
ATGGCTGGGTCCCAGCAGGAGGG,0.109472111169312
GGACGGAGTTGATGAGCGCCCGG,0.169419200429783
TCTTCCTTAGCCCAACAGCCAGG,0.115563401056742
AGACGGGCACCAAGATAGGCTGG,0.304834992064421
CTGTAAATGCCCAAGTGAACCGG,0.147736043728249
GGAACCTGTATGGCACGAGGTGG,0.159419200429783
CGGGTATCACTTTCCGGAGCTGG,0.18512234838624
TGCGGCTGCGTGGTCACCGAGGG,0.18942746855345
TACTTCTCAGTACCAGGGCGTGG,0.166043253759597
CCGCGTCGTCGAATTGCCCGGGG,0.149366953825394
GCCGATTAAATGGGCCGGCGGGG,0.109407935055271
GATTGCCATGACAAGTGAGCTGG,0.0822958071114433
CCGAGTTACTCTCTTCCCAAAGG,0.362616692592793
CGGCAAAGTCCATCTGACAGAGG,0.29465735361113
TACGGTGCTTCACGTGCGCGCGG,0.0941139889296251
GAAGCCGTATTTCAAGGACAAGG,0.0588444877861468
GGAAGATGGCGGCCGGCGAAAGG,0.234563309723982
ATGAGGTGCAATTCTTACCCAGG,0.565584299698749
GAGATTTATGTCCACCGAAGTGG,0.398978147759092
AGGTAAGTGCGGCTTCCCACAGG,0.0858350833974321
GAGCAACCCTCTTCGTACAGAGG,0.123169690541164
TCGACTTGTACACCGAAGAACGG,0.381909182241851
CAACCGAGATCTGATAGACAAGG,0.220519422576647
GAATTTGTGCTTACAGCGGCTGG,0.0975461827836229
AAGATGGTATGGTGAACCACGGG,0.333236245982917
CCCAGCAATCGCCAATCCCAGGG,0.649272909938247
AACAGAACTTCGCTTTGAGGTGG,0.363619827389031
CGCACTTCCCGGATCACACGAGG,0.230965699906899
ACTGCTCCAGCAGACTGGACAGG,0.183275663938153
GCTGAACTCTTTCCTCGCACAGG,0.467029349431193
CATTACCTGTAGTCACACCAGGG,0.422376358214109
ATGGATCAACTGGACAGCAAAGG,0.306200809624767
GCTCGCCGCATTACCTAGACAGG,0.0760836858992803
CGCGCAGGAGGCCGTCAAGAAGG,0.0550335291595311
CCCACAGCTGTTAAAGCAACAGG,0.00862505204943209
CTGGAACAAGGAGCGGGAAAAGG,0.0395236936376829
GCGTGCTGAAGAGTTGCGCGTGG,0.304487121015363
CTTCAATAGCATTGTGCAGCCGG,0.0570994512134823
GGTGCTTTGGTGCTCTGCCCAGG,0.366757667090127
CTCCATGCAGCTTGAGCAGAGGG,0.136576169120098
CCAACAGTTTGTGATTGAGGGGG,0.0959269460873681
GAAAGCCAGAAGAGGCCCAGCGG,0.210485695286115
TGGCAAGTTGGCGGGCGACACGG,0.397327155073826
TTACCCGAATTTACCGCCAAAGG,0.0826458593580264
CTCACCGTTTCTCATACAAGAGG,0.0561098092012866
TCCGCAATGAATCTATGCGGGGG,0.413920676494515
GGTAGAATCAGTTACAAGGGTGG,0.136067603891479
CCATTACTGTGGATCAGACATGG,0.0923247757460962
AACTGAACACTGACCTGAGGAGG,0.359711781411601
TCTCTTTCTAGACGCTAGAGCGG,0.62847876155831
GCCGAGTAGAAGGCAGGCGACGG,0.282982418821006
GATCCTTTGTTTCCAGGGCCAGG,0.155929791420033
CACTATATGGTGGAACACAGTGG,0.188643769493888
TCAGAGTACCCAAAGGCAAGTGG,0.198847531249374
CGCGATGCCGCTGGAGAACCTGG,0.0332571446245279
CAGGCAATTACTCTCACCGGAGG,0.112898824254235
CTTACGTTACTGGCTTGAAGAGG,0.24648294128621
ACCAGGCGGCGCCACTACAGGGG,0.10690918224229
CTGAACCAGCCACCCGAGGATGG,0.10872457670563
TGTGACTTCCGAACCTCAGGTGG,0.455775430935895
GAGGGCGGTATGCGACACACGGG,0.40824669530392
CTGTCTCCTGCCCGCACCAGTGG,0.27106801191834
GCAAGTGTACTGCAGCAGCAGGG,0.251580028636835
CCACGTGACCAGAGAGAAGCTGG,0.0300335291595123
ATGCGGGCTCATTACCAAACAGG,0.129375221949688
TGTGATGCTCCACACACACCTGG,0.121261324352823
CTGCTGGGTGGTAGTGCGGCTGG,0.431195584965206
TCGTAGCCGATCTCGAGAGAGGG,0.0489698796356766
CGCCCTCGAACTTAACGCCGAGG,0.559317750685111
CTTCTTCTTCTCGTGGCGGGGGG,0.189659534808467
ATGGTAGTTCCGATGGCCGATGG,0.353492254342164
ACTTAGCTGCTCCGCGCCGCCGG,0.273796649788813
TCTGCCGTACCGATTTAGCGTGG,0.438110854133387
TGGACTAGCTGCTGATAAGAAGG,0.0509239026241406
ACGTGACATGGGTTGGAAGATGG,0.0762978969755812
CCCGCAGGAGCAAGTGACAGCGG,0.148332471066774
TCGCGAGGCGTACATACCCAAGG,0.49405129300486
CGTATACCAGTAATAGGGAGTGG,0.112927991019719
CTGACTTTCAAGAGGCCCGAGGG,0.301167280465863
ACGCCAGGAAAGCGACCCGGAGG,0.12865944347508
ATGACACTCCACGCCACCCGGGG,0.00363027670982079
AAACTGCGGAACTCGGCCAAGGG,0.00781000502748852
TGACGAGCTTGCTTCCACAAAGG,0.210631321642322
CATCATGTGGAAACTGACCAGGG,0.221339694258779
TTTGGGATCACGAGGGAACATGG,0.0720419799491562
CGCTCTCGGAATTATGGCGGCGG,0.260472400633073
GGACATGACGTTGCCAAAGAAGG,0.0640586988623851
TATCCAGCCAGATACTAGCCTGG,0.209367209934658
AGACGCCCTGCAGCATGAACTGG,0.115093845756522
CAAGAGTGCTCTACCAGAGGAGG,0.0975043855004254
CACTGTTGAGGACGAAGAAAGGG,0.100088621096084
TTGTTGGTCATAGGACGACAGGG,0.262689837837934
GCTTGGAGGACATGTTCCGGAGG,0.664508019656116
CACTGACCAGGAGTTCGGCCCGG,0.0699133619703775
ACTGGAATTCGTAGTCGACGGGG,0.421119850495222
CAGCGAAATCCACGGCGCGCAGG,0.0508851488042333
AGTGCGATCGATTCAGCCCGAGG,0.286627050581036
ACCTACAATACCTCGCCCACTGG,0.403640726031037
TGGATCGCGCGCAGCACCCAGGG,0.311867384959092
GAGAGCATGCTGCTGGAGACAGG,0.0814254700222597
TTGATAGCTGCATGATGACCAGG,0.434134887571004
TCGCATTATAGGCGTCCAGCTGG,0.0669457548648603
GAGGTCTTCAATGGCAAGCGGGG,0.237580119969595
TACGGGCTGGTAGGACCCAATGG,0.46033874065925
GCAGCTTCTGCGACCGCGAGCGG,0.136039101261555
ATGTACCTGGTAAAGGGAGAAGG,0.252355459573357
AGTATGTTTACCTGGAACCCAGG,0.262668939197181
GGTGGCCAATTCGATTCGGAGGG,0.459973014432291
TCATCCTCAACGCCCTCACCTGG,0.416203853088246
ACACAGGTTACTCGACCAAGTGG,0.0227734324047048
AGCAGTAGCGCTTCAGGCCCAGG,0.127443330297558
CTCAACAGTCAAAGTGAAGCAGG,0.12483980869798
TACGAGGAGCTGATCAAGGAGGG,0.43100009133276
TGCTTCTGAACCACGCAACATGG,0.250869474823042
GCAGGACTTGATCTTGCCAAAGG,0.142828314445065
TCACCGAAGCTTAGTACAGCGGG,0.406911363439188
TCGAGCATCACACTGTACAAAGG,0.310171551526962
AGCCATTCACCTACAGGAGCAGG,0.10424678663668
TTACCTCGTCAGTGTCCCGGAGG,0.101770297608467
GCAGTTGCTGACGAGAAACGTGG,0.379678252252509
CCACCCTGAAGGACAAGCGCGGG,0.457191313903293
CAGGCTGCGCGCAAAGACAGCGG,0.207938440340472
GAACTGACTGGTTTAGCCAGAGG,0.420801554238089
AAGCAGAGTCTTTGTGGAAGTGG,0.0464023901835436
GAGAAGTACATTGCGGAGAATGG,0.339952115790285
ACCTACTTACCCTGTCCAAGGGG,0.299241561975865
AATATGCAGCGCCAGAGCCGAGG,0.0223532783757694
TAATAAGGCCATGACTACGGGGG,0.417256191025395
TCGGCATATGCCTGCAGAGGCGG,0.163713871276178
GAGGTCACTCGGTCCAGCGGTGG,0.0165068833914872
GCGTGGAGTCATGATTAACAAGG,0.111572424648874
CTACAGGCTCACTACCAAAGGGG,0.169390895930879
TCCGTGCAGCTGCCATAACAGGG,0.390610423000316
TGTGAGCGCTGCAACGGCAAGGG,0.300994866672572
TAAGCTGACCACTCACCCGCTGG,0.322668939197181
TGCCCAGAGCATTCTAGAGCGGG,0.08974312937436
CTTCAACTAACCAGTCCACGAGG,0.337269683809249
GACTTAACGGGCTCTTCAGAAGG,0.108959430314799
CGCCATTGATGGAGCCAGGGTGG,0.0864807600894997
ACTTTCCACAGTATTGGACCAGG,0.21822797785925
CCAATCTCCTCCCAGTCAACAGG,0.114738568849501
TTGTGGTAGAACTGTGGCAATGG,0.110142839000971
TCAAGACCCTGGAGCACCGAGGG,0.551812094891225
GAGGCTGATAGTCACGAGAACGG,0.244866340026804
TTCGAGGAAGGACTGTCAGATGG,0.188873654551569
GACCTCCAAAGATTGCAGACCGG,0.398363819029156
GCTCTTGCTTCACTACCAGCAGG,0.181164237002824
TGCCCTTCCATATCTTGACGTGG,0.215918677963325
CGAAGTTGGCGAGGTTGGCGAGG,0.440258189556584
CCTCACCCTAGCAAAGGAGCAGG,0.116114625834845
GGTGGTCAGCGCGATGCCCAAGG,0.673069056850628
TATGAATCACACCAGTGAGGAGG,0.207705511819125
CAGAGAGTCCTCTTCACCGAGGG,0.551224751730252
AAGTCGAACTGAACCAGCGATGG,0.348231021322102
CTGGCGCTGAAGCATCGGAATGG,0.154257492066132
AGAGACCGTGGTCGTGGCGGTGG,0.0518643414956139
CTGTCACTGGGTTGGTCCCATGG,0.0642676852783098
CTGTCCACGTAGTAGAGGCCTGG,0.0800461596774321
TCTCTTTACGGATCCGCAGCTGG,0.10171586980718
GGCCCTCTCCCTGCTGAAGAAGG,0.131626642553761
TGTCGCACGGCACAGACACATGG,0.0964441874667411
GGCAATAGACACCTACAGGCGGG,0.452731635121946
TCTTACCAACCCATCCAAGGTGG,0.463351188511443
TGCCTGGAAAGCTACAGCAATGG,0.529899869185896
AGCCACATGTGGTTTGCCCGTGG,0.477405524979782
TTCTGACTGCCATAATCCAGGGG,0.773502703663167
CAGGCTTCTCATGGAAGAGCTGG,0.466062787257525
TGGCAGGCCCACTATTCCACAGG,0.250129754244203
TCGAAGTCGTGATAGGAAAGGGG,0.105571669180409
CATTTGTCAACCGATAGCCCTGG,0.370769798248845
GACTACTACATGCTCCGAAATGG,0.0110701931152628
GACCTACACTCTGGCCACAGAGG,0.295608241803606
TCGCAAGAGCCACTTGGCAAAGG,0.391438962806114
TGGAAGATACCCTGAAGAGGAGG,0.479150561552196
AAGCATCGCAGACAGCACACAGG,0.425832902200471
CTTCTCCACGGCCGACCAGCTGG,0.324970833234954
GAAAGCCCATCGTCTTAAAGAGG,0.129725274196271
AAGCGACGCAGAGTGGCGCCCGG,0.190744082973512
TGTTTCCCAGGGACAGCCAAGGG,0.0337587120226659
TCGTGGGATTGATGCTGAGAAGG,0.0650962250842333
CTCACCTCCTATGCCCGGCGTGG,0.100244696772479
CTGCTCCGCTGTGGCACACCAGG,0.165844716664425
CTCGTTGACAAGGTCCAGCCTGG,0.135489439757465
TGCGATTGCAGAAGATGACCTGG,0.419861115366616
CGGGAATCATCATCGCAGGCTGG,0.179899053132638
GCATCAACCCATACTGCAGGTGG,0.269544592279313
AGTTCCTCCGAGATGTGGACTGG,0.0730092062580899
CTTGTCCCGGGCATAGAGCACGG,0.507577938772885
GACCACGGAACGGATCAGCGAGG,0.627705511819125
GGTCAAGAAGCAGATCGAGACGG,0.0595341429585606
AGGCAAGCCTATTCTAGAAGGGG,0.224840216725048
TGTCTGTCGCGGATTGAAGAAGG,0.354636454969124
TCTCGAAGAGGCAGCAGAAGAGG,0.110496144607118
CTTCGGCAGCCAGACAGGCACGG,0.146538231354077
CCGTGTAGAACTCCTTGGAGAGG,0.574267685278686
GGTCGGACACTGAGGGAGCAGGG,0.36764281589436
ATTTCCGCTGCGTGCACAGAGGG,0.081603108475802
ATACCATGTGCTAGTGAACCTGG,0.0442572359574321
ACGTCACCAGTTTCCAGAGGAGG,0.0519614288460515
CTGGGCAGTTTGTGCTGAACTGG,0.00652255737267219
AATGTTCGACAGCTCAAAGCTGG,0.0820815960351424
CAACTTCAGACGCTGCGGAGTGG,0.247504793527117
GCTGGCTTGCGCATCTCAGATGG,0.322118168658152
TGTATTTACTCCGAGGAGGCTGG,0.12835255365502
CACGGCATAAGCTAGAACGCTGG,0.488060788726962
CCAAGGAGATGAAGTAACACTGG,0.11567834358552
CTATGTACAAGAAGCTGAGCAGG,0.25624260690878
AGGTATGGCCAAACTGGCACTGG,0.596921812759564
GGCTGGCTGATATCAGAACGTGG,0.0694640411762082
ACTCCGCTTCCGGCAGCACATGG,0.220179819650628
CTATCCGCCATACCAGGCAACGG,0.0300879569605669
TTCCTCAGGTTCATTCCGACAGG,0.0602999868397819
TCTGCCCAGCTGTGTACGAGGGG,0.0416270505805969
TGAGAGCTATCCTCGTGGACTGG,0.0274734455649856
TCCAGACGGTGCCACACAGCGGG,0.137206987884484
GAGGCTCGGGACTTTGCAGCCGG,0.161020989974766
CTCACGTTCAGTCGTGAACATGG,0.0651826649832937
CCATCAGACTGTGAACCAGCTGG,0.0453544146408177
CGAAGACGAAATCCCACAGCTGG,0.118941575136522
TCCTTTAAGAGAGCGAGAACGGG,0.0867572590636856
AACTCACCTCTACGAGGAACTGG,0.299390895930252
CCATCAAACGAAATGCCCGATGG,0.114944709932948
CTCTGCAATGGCTGAAGCAATGG,0.123557131464266
AAGATACTGAGAGACTCCCGGGG,0.180735814849846
GCATCGGATGCCCATCCCAATGG,0.404082640967243
TCATACCCTCCACATCGGGAGGG,0.553617646191694
GCCTCATCCAGCGTCTGCACTGG,0.354699150893888
GCTGTTCCGGGACGACGAGCGGG,0.0773846263382145
AGTGGATCTGCAGTCTGACGGGG,0.301895689457996
CAGAGTGGCTCCGCACGCCATGG,0.296135932503293
GACACTATGGGAACCTACCATGG,0.503776567200943
ATCATCGTCGTGAACACAGAAGG,0.513424333757211
TTCAGAGATTCAGCCACCAAGGG,0.151488165947025
AATTGCTCAGCCTTGCCAGCAGG,0.113272410578858
TCCGAGCCACCAATTCAACCAGG,0.25481931808323
AGCTGTAGAACCAGCAGCCCAGG,0.0723868075353631
TTGGAGCATTCTCATTCGAGAGG,0.355364863962072
GAAGTAAGAAGCTTCACACCAGG,0.0243125260247348
AGATCTGCCGTCGCTGCAGGAGG,0.376883058940283
TGAGAAGCCACCAGAGAAGAAGG,0.0614703107686847
GAGACAGTAATTCCAGCACCAGG,0.29645986144812
GAAGATCTCGAAGTAGAGACAGG,0.161031031268262
CAGCACTACCACTAAACCAATGG,0.192386807535739
CACCTGGATCCCAAGAAAGCTGG,0.270916496766616
TCTCCGCCTCGATCTCCAGGCGG,0.325425378688873
TTAATTGCACAGGCACGGACAGG,0.211041888616145
TACCTGGCCATCAGCAGACCAGG,0.273685566777274
GGTGGCTGACAAGTTCACAGAGG,0.637026305968341
CAAGTTCCTTTCGGACCCGCAGG,0.20819404067309
CAGCCCAGCCAACTGTACCACGG,0.193972923099092
CCTAACTTACTCTTCCAGACGGG,0.202316705753261
AAGGGTCTGTTTCCTTACCATGG,0.339878970545144
TGGAGAAGCAGACGTTACCCAGG,0.542593612754077
ATGGTTATGGCGTGCAACGCTGG,0.0796464962632656
CTAGGAGTGACCCTATGGAAAGG,0.240505929792793
ATCGCGCGGACAGTTTCCAAAGG,0.125284312858591
CACACTCACGTCATGGGAGAAGG,0.0654171105655826
GCAGCATCAACCTGGGAAACAGG,0.134277318545302
TCTGCACTCCATGATGAAGCAGG,0.137914498235426
ATGAACAGGAGTCAATGGCAAGG,0.118426514954297
ACCCATTTCCAGTGCGCAGCCGG,0.176200809624768
CCCTTCCACGGGCTCAAGCAGGG,0.0427294539244214
GCACCTCTGACTGGAACGAGTGG,0.159960383913951
ATGGTACGGCCAAATCAAGATGG,0.0636385448334496
TGGTGTTCCTATCCTCCAGAGGG,0.385960475247338
TCCTGCGGCTAAGATGGCGACGG,0.419578983704547
GATCGGGATTCAACGTACCATGG,0.488758712022415
ATAACCGAGTACGAAGAGACAGG,0.188095180152196
TACCGGCGTGTCGAAGGAGAAGG,0.683149607953294
GAGCCAATGTACACCACAGCAGG,0.556326201474297
ACCATGGAGACATGACCAACAGG,0.161148819129831
CCAATCGCTCGCAGACCGGCTGG,0.17409593562066
CCCACTTGGTGGTGTCGGCGTGG,0.14930166867704
CTGCGATTCGGTCCCAACGGAGG,0.508593704087463
GGCAGAACCTACACGGCCGAGGG,0.0753648639616954
CTCCTCCTGTTGGCACAAACTGG,0.107073992046993
GGCGCACATACACTTCAGGGTGG,0.268016810246239
ACAGCTGCCATGAACGACAAAGG,0.071000091332948
AAGGATCTTGATCTCCCGCAAGG,0.431731543788559
GCCCATCTTGCTGCACCAAGTGG,0.267280133130252
TTACGACCCGTCAGAGCCGACGG,0.113074281510628
GAGCTTCCAGATGTTTAAGCCGG,0.298196629896868
GGTCAAGGAGCGAATGGGCATGG,0.0238915097297205
TGAAGACCCACACGACCGCGCGG,0.448074281510816
GGACAAAGATCATGGCGACAAGG,0.198896734389658
CGTCACTTCCCTTCCCGCGATGG,0.0657284089923211
AATGGAGACTGTAGCTGCGGAGG,0.095085367736601
GGCTCTTCCACTACTTACCAGGG,0.658959430314423
GGAGGCGAGATGCTACCAGCCGG,0.208735026026194
TGAAGATCAGCTTCGTGCAAAGG,0.0220106319867738
CCGGTAGCGGTTGTACCGCGCGG,0.359004271061286
GGATCCATAAGTCTGGGACAAGG,0.283466131040597
CAACCTGGCGCTGGGTCGAGGGG,0.143964654975238
CTCACACTGACGTTCCGGCCAGG,0.159432285187009
ACTCCTGAAACTCATCCCGCTGG,0.340754532294515
CGGAGAAGCTAGACCAAGACTGG,0.126503023874456
ATCTTCTCTCCTAGGCAAACCGG,0.129094455431446
CGATGCCTTGGAGCCTCGGCAGG,0.121905322725114
GAGGCTATCAGAGGTCCGAGGGG,0.242943665001098
CTGCAGGCCGAGTACACCGAGGG,0.945897779322573
GAGGAGCTGAGCGAGGCAAAGGG,0.287203944421006
CGAGTCGGTATCCAAAGGCGGGG,0.334925992488717
ACTCTGCAAATGCAGCGCAAAGG,0.115605198339877
TGATGGCGCGGTTGATGGCCAGG,0.089604698980068
GCAACTTGCAGATAAGGAGCGGG,0.416465086108309
TCTTGACATAGTCATGCCCATGG,0.315561219859406
CTTGGAGTAAGTCTGAAACCCGG,0.497360684232918
TCATATAGAAGCCCAGCAGCGGG,0.0544535918554559
TCTTAGCGATCTCCACGCCCAGG,0.694727455392793
GAACCAATCCTTCCAGACACAGG,0.709375221949688
AGGAGGCCGACTACATCGAGTGG,0.0979436650006596
GCCACTCTTGGTGTAGGCACTGG,0.525237290915205
CTGCTTCTTTAAGTCGCAGAGGG,0.119886830641554
CACCACTTCCGAGGCTCGCCCGG,0.0684787615583098
TGACCTATCCCGATTTCAAGAGG,0.314487121015363
TCGCGCTCTCTCGGGCAACATGG,0.0897771127731527
TCCTCTTGAGAGGATTCCACAGG,0.090746928306115
TAATGAGGTCACGGCCAGAGCGG,0.568722139399845
TTCACCCTTCAGTCTCACACAGG,0.279981282555957
CTGTCGCGAGGAGAAGGGCCTGG,0.281278363477841
CCAGGATGTCCTGTGAAGAAGGG,0.0895713797167733
TCACCGCCTCCACCACCCAGGGG,0.383450457058779
TTAGATGGCTCCCGCAAAGAAGG,0.50176811641113
CGTCTGATCCAGGTGCCGAAAGG,0.156146381824296
ACAAGATCTCAGTCTCCCGAAGG,0.359941666469909
AGCGGCTGCAGAAGACAGCGAGG,0.0932048980203462
AACACAGGGAACCTCAGGCCAGG,0.130306576643609
GCTACTCCGCTGTGACCAGGTGG,0.09273163512157
TGGCGGCCTTCCATCTCCCAAGG,0.252666757999656
ATCTGATGGAGTCCTTCCCGAGG,0.559325156542636
TGCCATGATCAGGGCCAACAGGG,0.339366953825394
AACCCAGGCCAGGTCAAAGACGG,0.174061742325675
CGAATCGGCCTGCGAGAAGCAGG,0.00381836448411548
TATTGTCTTCAATAGGCCGCTGG,0.0634950996750385
TGTGAAGTTAGCTGCTGCCGTGG,0.350610423000316
AGTCCAGGTAGTGGTCGCCCAGG,0.535550362511961
CCTCTACGTCACAGAGCCGGAGG,0.747447322262541
GATTCGCTCCATCAATGACCCGG,0.310150652884956
CGTGCATTTCCATATGGCAATGG,0.119157151356211
TCTCCCGAAGGATCTTACCAAGG,0.561705420486365
GAAAGCACTGCCTACACCGCAGG,0.353933307012855
GCTGCGCTGGCATGTTAGGCAGG,0.148092136689344
GAAGGTTGGGCGGCAGGAACTGG,0.186752442429939
ACGCACAGTACTAGGTCAGGTGG,0.387577938772885
GGCACGTTTCTGCAGCAAACTGG,0.170783500928936
TTCCTGTGTCCACATGCCGCTGG,0.124409007217668
ATGCTGGGCACGAACGACGGCGG,0.485072282979
AACTACTTTGAGAGCACCGATGG,0.194631230308747
TGTTTCGCCCTCTTTGAGAATGG,0.116240017684375
CACAAACTGTTGACATCCGGAGG,0.242614511395456
CGAGAGCAACCGTGACCGCAGGG,0.218875835748905
ACGGCCTAATACACTGACGCTGG,0.629443142534641
GACGGCGGTCGTGATCGACCTGG,0.429847622582761
CATAGATGCAATGGTGCACATGG,0.0428674762918522
AGAGGCGCTAAAGAGGAGCACGG,0.263032484227431
GGCAATGAAACGCTTGGAAGAGG,0.259293808580253
GCTCCTGCTGCAATTTGAGAAGG,0.0773195510856573
CCACTTTCTATGTTAGGACCTGG,0.0547461728377129
CGAGGTGGGCAGCCACGAGAAGG,0.148748262702039
TCGCCCATGCATCAACAACCAGG,0.315451501991067
CTTTACCCAGGTCACCCGCAAGG,0.0787273640604716
TGTGGGCATCAACTCGAGCCTGG,0.138290673784015
CAGGACTACGATGCTGGGAGAGG,0.179902912649374
GCCATGTAGCGCTCGAAGGAGGG,0.50199800146881
ACTGCACCGAAACCGGAAGCTGG,0.0338497124464603
TAGGCCACGTGTGGAACAGAGGG,0.439252011297495
GCCTCGAATTATGATCAAGGGGG,0.413654218814265
CAAAGGGCCTCCTACTCAAGGGG,0.159732680053608
AGGATGTGTTCAACCACAGCTGG,0.154842397921946
CGGTGAGCTTTCGCCCGGGAGGG,0.191935305544045
GAGGATTACTTCATGCGCAATGG,0.515968743371005
TCCGTGCATAAGAAGCCGAATGG,0.103993821740472
AGAGATCACAGAGCGAGCCATGG,0.403107810670536
CCGTCAGCCTCATGGAGCGGCGG,0.217462996244359
GCGGAGGCGATGGTGGACGAGGG,0.180788061454235
GCTCATCCCATTAGCCAAGGTGG,0.132117760630877
TGGACAGGCAGAGTCTCCGCTGG,0.126785971589658
AGTGAGCCGCACTCTCAACGCGG,0.333860161767714
TATGACGCTTTCTAGGCAAGAGG,0.14427032071472
CACTACATGCTTCAGCAGACGGG,0.111706785629979
TGACAACAATCCTGAAGGCCTGG,0.155255402201994
AAAGCCGTCTCTGAGAACCCGGG,0.283640726031037
ATACCGCATCCAGGAGAAACGGG,0.109683476912948
CCTCCTCAAGGTGCGAGACATGG,0.048743038041412
TGTCGATGCCGAAGTGGGACAGG,0.0785205588414446
TATGAACATCCGCAATGCGAGGG,0.429210214013482
GGCGGCTGGCATCCAGACACTGG,0.740401436584015
CCTGGTGAGGTTCACGCCCATGG,0.622703330622415
GGAGGCTCCTTTCTGGAGACAGG,0.225908228642949
TGCAGAAATGATTGATGCCCTGG,0.234278134599062
CATGGTCTTGCCATTTGAGCCGG,0.104069148183137
TCTTGTTCTCCTCCGCCGGGCGG,0.345373132085738
AAGCTCACCTTCTTCACAGCTGG,0.165658109079595
CTGTTTCCGGGCACGGCCCAGGG,0.218899777853136
CTGCGGGCAGATTAGCACCACGG,0.576953160721946
GGGCTTCCCGTACATGACGCCGG,0.104434874410974
TGAGGCAATTCGAGTGGAGCTGG,0.246047113276522
AGGCCATGGAGGTAGACGAGAGG,0.248837081928371
GCCACATTCCTGCCACAAGCAGG,0.231616193232776
ATACAGCGAAGCTCCAGCACAGG,0.601906138778373
GGGTTGGGCTACACCAAACATGG,0.0976767992935916
ACGTGAACGATCAAGAGAGAGGG,0.213818364483702
TGCTCCGAGCCGCTTGGAGGCGG,0.197452546923356
GCCTTCGCAGCCCGGACAGAGGG,0.225897779322573
AAATGGTTCCGGAACTCCACCGG,0.255597792482603
CCCTTAGTGTCCCTTAGGAAAGG,0.146159012342009
AGCACTCTTCACTGACCGGATGG,0.337265824292888
CTGTTCCCATGACCAGAAACAGG,0.135109111710834
AAATCCATCACTCACTGAGGTGG,0.163463087577119
CATTGACATCTACGAACAGGTGG,0.121006681136776
TGAGCTGCAGTGTCATCCGCGGG,0.481799464373512
TTTCTCGTAGATGTTGCCAGAGG,0.0994117945722584
GACATTCACCCAGCATCAAGGGG,0.258948980994046
TTGTGCTGAACTGGAGCACCTGG,0.465211167613011
GCAATTAAAGTCCATTCCGCAGG,0.192846577649846
GACTAACCACATAGAGACGCTGG,0.121874790816366
AATCAGGTGCTCCTTCACCAGGG,0.804333424666302
CTGGCCCTACGGCCGACAGACGG,0.132995503577792
GATCTATGAGACGCTGGCGCTGG,0.112206987884904
TCCGAGGCGTTACCATCAAGAGG,0.372860070434327
TGCGTCTTCGAGTGGTGAGAAGG,0.210777612132604
TGTTGTCACTCAGGTCAACAAGG,0.186697408471586
GGTTGACCTTATCACCAACCTGG,0.0221882704401907
TTGTACGACGAAATGAGACCAGG,0.263389942331978
ACTGGTCTGGCCCAGGCAGCTGG,0.0510366639557693
CCTGGGAGGTTTCTTACCCATGG,0.419596838883702
TCTCTACCAGGTCCATGCCCCGG,0.284265504080722
GCCGGACCCAGTCAAGGAGATGG,0.287820454348279
CATCTTCTCGAGTACAAAGCAGG,0.0624077061768679
TATTCGATTGGAGGGTGACATGG,0.359387852467401
TGAATCTCTCGCGGGCAGCAGGG,0.235362682764735
GGTCTCCGTGCCAGCCAGGATGG,0.119636046942432
TGTGTTTCTTTCATGCAGCGAGG,0.0570136754500013
CATTGAGCAGGGCAACACCAAGG,0.528931125815519
TCATCATTCGGAAGCAACAGCGG,0.357674163856742
TCAGCTCTGTGATAACAGCGTGG,0.601561311192165
GATCCTAATGAGAAGAGACCAGG,0.123274999802824
AGGTGGCTTCCGTGGTGGCCGGG,0.201759032233954
GGAGGTTAATGCCATCAAGAAGG,0.17226141568621
CCGAGGCATCCTCCTTACCATGG,0.448413884436835
TCTAGTTCGCCTATTGCGGGAGG,0.330226841594202
CTGGGTGTCATACAGAAGCACGG,0.447494344206114
AGTGCTCCAGAATCACGGGATGG,0.122180456555849
TGACGAGCAGCGAACAGCCACGG,0.17514324702787
CCTTCTCAATGCGAAGGAGCAGG,0.403612421531506
AATCAAGTTCTTCGGGAAGCAGG,0.146638865044863
AATTCGAGACCAAGAGCGCGCGG,0.287849621113512
AGTTGATATCAAGCTGCCCATGG,0.391600927278214
GGAGGAAATGGATCGTGCCCAGG,0.545020036375865
GGACTCAAGCGACGAGCGCGTGG,0.140856646174265
ATCGTCATCAGACAGTGAGGAGG,0.164871564687619
CACACAGTGTCCAGATACGAGGG,0.566859116834799
CCAAATCCCAAACCTTACCCTGG,0.442721185800316
CATCGATGTGTGCTGTGGCCAGG,0.147836384438106
GCTCTTGGAGATGTACAGGAAGG,0.537329336270535
GATGGAAATGGGCTTCCGCATGG,0.488419109097023
GGCTGCTTTACCCGCTGTGGGGG,0.323783201920205
TCCGGGTTGGCCTTCCACTGGGG,0.349162036214876
CAGCATCCTTCGGAAAGCTCTGG,0.280196765932744
CGGTAGAAGCAGGTAGTCTGGGG,0.226491296089484
CATCCCGCTGCCCCAGTGGAAGG,0.255358183385935
GATCAGGGCGCGGTAGAAGCAGG,0.226353288464305
TCTTGTCCAGAGCTTTCCGAAGG,0.196744327711954
AACCGCCAAGGCCGATGCAGAGG,0.190678736591052
AGGCTGCTTTACCCGCTGTGGGG,0.208820192915716
AGGACCGAGTAGTCATCCTGGGG,0.223456752100669
ACAATGACTCGGAGCCACCCCGG,0.208498168715089
TCTGAGCCACATTGAGGGGAGGG,0.256530342257408
CTGAGCCACATTGAGGGGAGGGG,0.209398738119477
GAAAGCTCTGGACAAGATCGCGG,0.241934751975277
GCAGGTAGTCTGGGGATACAGGG,0.23847689222606
CTGTGGGGGCGCATGGATCAGGG,0.239502663699415
CAGGACCGAGTAGTCATCCTGGG,0.259047786708819
AGCCTCTGCATCGGCCTTGGCGG,0.168577227962738
CCAGAAGGAGCAGCTCGTGCTGG,0.225946576489383
CAACCCGGAGACGGACCCTGAGG,0.154669461818537
TCAGCTGATCAAACAAACCCAGG,0.211861629906311
CCAGGCTTCCCGATCCACAGGGG,0.203989439248004
GGATGACACGGCGCCGGCTCAGG,0.144621532891992
AGTCTCTGTTGGAAGAGAGGCGG,0.230791525517596
TGTGGCTCAGAGATACGTGGTGG,0.249768595423553
GGAATAGCCATCTGCATAGGAGG,0.212789488903176
AGCAGGTAGTCTGGGGATACAGG,0.185208703511327
TTGGCCTTCCACTGGGGCAGCGG,0.223639779185308
CTCTGAGCCACATTGAGGGGAGG,0.126640616990951
TCCCCGCCCTCAGCATCCTTCGG,0.227452085266813
AGGGGAATAGCCATCTGCATAGG,0.204432384953333
ACTGGGGCAGCGGGATGACACGG,0.240087218683741
GTGTCATCCCGCTGCCCCAGTGG,0.212589583197847
CCACTGCTCGTCCCCATCCACGG,0.215629146834211
GATGACACGGCGCCGGCTCAGGG,0.222830636865559
GTGGAAGGCCAACCCGGAGACGG,0.158133605705684
CTCCGAGTCATTGTAGAGACCGG,0.165301403801083
ACAGGACCGAGTAGTCATCCTGG,0.21637255253954
CTTCCCGATCCACAGGGGCAGGG,0.141601792163365
TCCTTCTGGAACAAGGCCTCAGG,0.246551326834211
TGATCCATGCGCCCCCACAGCGG,0.23029429592512
TATTACCGGACAAAGCTGCGTGG,0.219065203887502
AGAGGCCACGCAGCTTTGTCCGG,0.177469199122612
TGGCCTCTACACAACCGCCAAGG,0.275313760627314
GTATCTCTGAGCCACATTGAGGG,0.197328215172769
TGACCCTGCCCCTGTGGATCGGG,0.0992721688404805
CCTTCTGGAACAAGGCCTCAGGG,0.153237162947064
ACATCCAGAAGACCCATGAGCGG,0.206724402194712
ACCAGGCTTCCCGATCCACAGGG,0.204138773291891
AAGTTCTGCAATGCGGGAATCGG,0.13794275423233
TTACCCGCTGTGGGGGCGCATGG,0.212914673730763
GATCCATGCGCCCCCACAGCGGG,0.141853092602236
TGGCCTTCCACTGGGGCAGCGGG,0.131839229655528
CTCCGGGTTGGCCTTCCACTGGG,0.222868961442361
TGTGAGAAGTTCTGCAATGCGGG,0.164037877116343
CCCTGCCTCAGGAGACTACGTGG,0.207007620878098
CCGTGGATGGGGACGAGCAGTGG,0.220007189279352
TCTCTGTCTGCATCCGCTCATGG,0.165632658746437
AGGCCTCAGGGTCCGTCTCCGGG,0.0719087376568822
CTCAGGGTCCGTCTCCGGGTTGG,0.0719087376568822
GTAGATGACATCGATGAAGAAGG,0.219628071183953
GCAGCGGGATGACACGGCGCCGG,0.186995799710599
CCTTACAGGAAGAGCGTTCGCGG,0.228778810180819
GGGGCGCATGGATCAGGGCGCGG,0.237400068237245
TCTCCGGGTTGGCCTTCCACTGG,0.0870989877356776
TGGGGACGAGCAGTGGATCCTGG,0.19243146723411
CGGCCTTGGCGGTTGTGTAGAGG,0.245128036575803
GGTTGGTGTCACTCACTTGTTGG,0.258278016325019
AAGGCCTCAGGGTCCGTCTCCGG,0.113489706983326
TGCCGGTCTCTACAATGACTCGG,0.248216189930035
TCAAGTCTCTGTTGGAAGAGAGG,0.218780171873609
TGCGGGAATCGGCAGACACGAGG,0.265308540212167
CTGTGAGAAGTTCTGCAATGCGG,0.210466493629094
GCTTCCCGATCCACAGGGGCAGG,0.246170331685521
GCGGTAGAAGCAGGTAGTCTGGG,0.313524304099314
CACCAGGCTTCCCGATCCACAGG,0.276168887484894
ATTGTAGAGACCGGCAATCTTGG,0.231407156199627
CCGGCTCAGGGTGTGTCTCCTGG,0.145778614883013
CGAGCAGTGGATCCTGGCCGAGG,0.264768875509972
GCTGTGGGGGCGCATGGATCAGG,0.313177294067966
GCGGGAATCGGCAGACACGAGGG,0.294744747296806
GGGTTTGTTTGATCAGCTGATGG,0.204923829114988
CTGCAGTTTCTCCCTATTACCGG,0.335696713629094
GCCCCAGTGGAAGGCCAACCCGG,0.166918315447276
CTGTTGGAAGAGAGGCGGATTGG,0.368611786419063
CGGCTCAGGGTGTGTCTCCTGGG,0.416581026168279
CGCGGAAATCAAGTCTCTGTTGG,0.356904312061696
GATCCACAGGGGCAGGGTCATGG,0.414542199647903
CGCAGCTTTGTCCGGTAATAGGG,0.375438304914361
TATCTCTGAGCCACATTGAGGGG,0.443184746293671
ACGCAGCTTTGTCCGGTAATAGG,0.447797529741947
GAGATACGTGGTGGCTTGTAAGG,0.44645479231248
CAATGTGGCTCAGAGATACGTGG,0.443115031560129
CGTATCTCTGAGCCACATTGAGG,0.445664843660442
CTCTGTCTGCATCCGCTCATGGG,0.467912643472355
CCCACAGCGGCCAAGATTGCCGG,0.475672543785834
CCAGCACGAGCTGCTCCTTCTGG,0.469827672187088
CCCTGAGGCCTTGTTCCAGAAGG,0.494431891936304
GCATCCGCTCATGGGTCTTCTGG,0.521032336826587
CGCGGTAGAAGCAGGTAGTCTGG,0.522625606732543
CCCCTGTGGATCGGGAAGCCTGG,0.562084516199627
CGAGGAGAGACTCACCGGAAAGG,0.340641324365346
GAGCATCTCAAACACAACGATGG,0.280287115964092
TGAGAGGTATTCAGGAGACCTGG,0.223480120478199
CAATTGTAAAGGTGGTTGAAAGG,0.320308825807352
TTTCCTCCACAGACTGAATGTGG,0.213066587625534
TTAGGTAACTCAGCAGTTGAAGG,0.249730411011114
TTTAACTGGTCCATAAAATGTGG,0.170897782170989
ACAGTCCGGGTGCTCACGACAGG,0.204643135964092
GCACTGCCTTGACAAATCAACGG,0.161630583863779
GGGTGCTCACGACAGGATATTGG,0.214314275274437
GCCCTACAGTCCCTCGCCTGTGG,0.204695256841835
AGAGCATTAATATGGTCATCTGG,0.0891993497809194
AAGCATGTCTTGGTGCTGGTGGG,0.235471351512682
GAGCTGTCGACCACTGTGTTTGG,0.076616034295026
GGTGTATTAGGGATCATCTACGG,0.196183886058136
GGATCTGAAGTTGGTGTTGGAGG,0.092328505956468
AGCTGAAAAAGGGAGTCAAAGGG,0.165535907625534
CTTTGGTGTGGCTGACTGAGTGG,0.236995689506412
TAGAGACATACTAATGTACATGG,0.17015283815845
TTGGATATTACAGATGACCATGG,0.154072871512682
AAGTAACTGGCTCTAATACACGG,0.161608020290111
GTTATTAAGAAACGTATTGAAGG,0.1195817558387
ACCACAGGCGAGGGACTGTAGGG,0.14828707922428
AGAGACTCACCGGAAAGGCCCGG,0.0854846447415218
TGAGCAAAGGCACGGGCAGCCGG,0.0788229790988885
TAATATGGTCATCTGGAAAGTGG,0.0843125201884429
ACACAACGATGGATGAATTCAGG,0.134776367147691
AGATAGAAGCTGCTATAGTGCGG,0.108916137053647
GCAGCACAATGTTCTAGTAGCGG,0.0842390226962799
TGTACGTTATGGGTGTATTAGGG,0.0961084054549006
TTCTACTTAGCCAAACACAGTGG,0.15566129285302
GCTCACACTCCAGCATCATATGG,0.067520982633584
CTTACCTGGATATAGTCAACAGG,0.122958312414148
CTCTAACAAGCTCTCTTTCAGGG,0.125117044953333
AGTTCCTATTTGAGGGAGCAAGG,0.0931032457683802
AAAGCTCTTGTTTCTGAAGAAGG,0.0725785191853081
TAGTAGAAATGGAGAATTCTGGG,0.0955158423201043
TCTCTTTAAACAAACTATTGCGG,0.0606027394598155
TGGGATGTTGCACTTTGGTGTGG,0.121583121755841
GTGGTGTTGATCTTACAGTCCGG,0.0907203121006686
CCTGTGGTAAACCAACACAGCGG,0.0968447577433018
GGTCATTGTTGAATGATTCCAGG,0.0633303887388124
TAGGTTCGATCGCTTCCTCCTGG,0.0674792103689064
CTGCAGAACCCATATGATGCTGG,0.122203672727628
GCTGAAAAAGGGAGTCAAAGGGG,0.104726333103803
GCTGGTGGGATGTTGCACTTTGG,0.0967736127903238
CAGTTCACGTCAAAACTGGAAGG,0.101211764639854
TACCACAGGCGAGGGACTGTAGG,0.0781387573281541
AATATCTCAAAAGCATGTCTTGG,0.143916104788969
AGTGTATGAGTTCCTATTTGAGG,0.130723664012894
TGAATTCAGGCAACATCTACAGG,0.0847925690912642
ATATTTGGCACGAACACCTGAGG,0.111185738809133
CAAAGGCACGGGCAGCCGGAAGG,0.125911580901822
TTTGGTGTGGCTGACTGAGTGGG,0.153966586583427
GACCACTGTTATTCTTACGCTGG,0.111011693417283
CTATAGAAATGCATATACAATGG,0.0995563315991012
AATATCCTGTCGTGAGCACCCGG,0.20807769561164
TCCGCATCTTGGTGTCCTTCCGG,0.14849275262596
AACGGAAGAACCAATTGTAAAGG,0.0782551284253328
ATAACTTGTACATGCAACCAAGG,0.194525058746437
TACAAAAGAACCCAAATCAAAGG,0.0827340907450819
TTTGTAAGAACCCGCTGTGTTGG,0.0791173208391258
AAGGTGAATCCGACCCAGAGAGG,0.16369790300976
GGAAAGGAGAAGTCGTAGACAGG,0.100956659835991
CATGGAGAAAAGCTCTACACTGG,0.102938767296806
GAATCCTGTTGACTATATCCAGG,0.122113632163365
GTTCTTCCGTTGATTTGTCAAGG,0.104677118056781
TTGAAAAATGGAAAGACAGAAGG,0.111998816740167
GGAAGAACCAATTGTAAAGGTGG,0.0901648979551133
AATTGTAAAGGTGGTTGAAAGGG,0.104309911975277
TGTTGGTTTACCACAGGCGAGGG,0.161868546583427
ATTATTAAAGAGCATTAATATGG,0.0887722446635773
TGGTGTTGATCTTACAGTCCGGG,0.159431521215301
TACCTTATTTATGAGATGTTCGG,0.105295035047377
GCTTATTGGATCTGAAGAGTAGG,0.0937929770773704
GAATGATCATCAAACAGCTATGG,0.137204747837346
GACCTAAAATCATTAACATCTGG,0.128599102030348
ATCCAGCGTAAGAATAACAGTGG,0.104547352351452
AAAGGCCCGGATCCGCATCTTGG,0.098899166481759
TGGGTCGGATTCACCTTGTTTGG,0.146580101591477
AACAATATTGGATAAAGCAATGG,0.1880524627827
CCGCTGTGTTGGTTTACCACAGG,0.157575839271728
TTTACCTTGCTCCCTCAAATAGG,0.13937254554132
TACCGAACATCTCATAAATAAGG,0.178060695196493
GATGGATCTGAAGTTGGTGTTGG,0.16173963030621
CAATAGTTTGTTTAAAGAGACGG,0.136689891183953
CAGGAAGATGGATCTGAAGTTGG,0.180242421505057
GTGTATGAGTTCCTATTTGAGGG,0.155308095447276
GCACAATGTTCTAGTAGCGGAGG,0.128435743660442
ATTCAGGAGACCTGGAGTTGAGG,0.104793065604016
CTGTGGTAAACCAACACAGCGGG,0.181001940940794
TGGATATGATTGCAAGAGAGCGG,0.163566801779565
GTATGTACAACAAAATAATGTGG,0.152497481591477
GTTGGAGGTGCACAAGTAACTGG,0.122895273503703
GCCGGAAGGACACCAAGATGCGG,0.152711375509972
ATGATTGCAAGAGAGCGGAAAGG,0.138472001528781
TAGAGAAAAATACACATTTGAGG,0.170332750870474
CATTGTTGAATGATTCCAGGAGG,0.141531682132017
GTGTTGGTTTACCACAGGCGAGG,0.144675451873609
AGGCAACATCTACAGGCAACTGG,0.137078063096179
GAGATCAAGTTGTACGTTATGGG,0.255052085415928
AGGACACCAAGATGCGGATCCGG,0.233280039522511
GTGGAGAACGTCTACAATTTGGG,0.160482911622825
ACGTTATTATAAACAACACTTGG,0.13898048215574
ATTATAAACAACACTTGGCAAGG,0.190585776951979
ACAAGAAGTAGAAACAATATTGG,0.244756247359502
AAAGCATGTCTTGGTGCTGGTGG,0.240810537829721
CATGAAGACTATAGTAGAAATGG,0.222632703723138
ATTGATGATAAGCTGAAAAAGGG,0.248025906983326
CACAGAGTCAAGATTCAAACAGG,0.274960635572668
TCAAAAGCATGTCTTGGTGCTGG,0.229729028676116
CTTGTTTCTGAAGAAGGAGAAGG,0.330513817453546
GTCGAATCTGAGCAAAGGCACGG,0.204339754694925
ATGTCAGTTCACGTCAAAACTGG,0.252032988738812
CTCACACTCCAGCATCATATGGG,0.283514827610286
GGACACCAAGATGCGGATCCGGG,0.329956284788969
AAGCTGAAAAAGGGAGTCAAAGG,0.248740618143201
AAAACTGGAAGGAATGTTTAGGG,0.349780896951978
AAAATATGTAAACAGCATTTGGG,0.312450908174549
GATGCGGATCCGGGCCTTTCCGG,0.350457753190223
GTGTATACTTTGCGATCCTCAGG,0.347562431622825
GCCTTTGCTCAGATTCGACATGG,0.336569847108718
CGAGATCAAGTTGTACGTTATGG,0.370380701089909
ATAGTAGAAATGGAGAATTCTGG,0.33690713538458
TCGAATCTGAGCAAAGGCACGGG,0.371670654130662
CAAAACTGGAAGGAATGTTTAGG,0.39117032108991
CTAGTACATATGTTGAAAAATGG,0.392084964663577
TACTATAGTCTTCATGTGCTTGG,0.404773675823452
ACTTATTGAGAGAGAATATTTGG,0.390880938205897
AATCTTGACTCTGTGTAGTTTGG,0.403827134820317
TCATCTACGGCAAACTCTATTGG,0.405043324977057
ACCATGTCGAATCTGAGCAAAGG,0.407809087046022
GCTCTAACAAGCTCTCTTTCAGG,0.450334223660443
AAACATGATATCTAAGTTAAAGG,0.439065567798374
ATAAATAATGAGAGGTATTCAGG,0.437854619773295
TTCTTAATAACAACTGGACTTGG,0.437692939961383
CTCTTTAAACAAACTATTGCGGG,0.466191450995866
TATTGATGATAAGCTGAAAAAGG,0.493631482720004
TGTGGAGAACGTCTACAATTTGG,0.470605695948844
CTTTCAACCACCTTTACAATTGG,0.467383771183953
ATACGTTTCTTAATAACAACTGG,0.431637939334424
TTTCTTGCATAAACCTAAAAAGG,0.444644302343828
TTGTACGTTATGGGTGTATTAGG,0.495964438456681
TCTGCAGACATTTCCAAAAAAGG,0.482442599585207
TTCAAACGCTAAATCAAGCTTGG,0.467558409114988
TTATTTAGTCGTGTGCCAAATGG,0.511371752249784
GACCCGCAGCCCTGGCGTCGTGG,0.0724869468579346
CGAGATGTGATGAAGGAGATGGG,0.0932653214660851
GCCCTCTGTGTGCTCAAGGGGGG,0.100427917328154
CTCATGGACTAATTATGGACAGG,0.115326385980192
GTTATGGCGACCCGCAGCCCTGG,0.142250503660442
AATAAATCAAGGTCATAACCTGG,0.142486344412794
CAGGCAGTATAATCCAAAGATGG,0.140328210243515
GTATAATCCAAAGATGGTCAAGG,0.136145745729408
CTAGAATGACCAGTCAACAGGGG,0.134839588425333
TAGCCCTCTGTGTGCTCAAGGGG,0.145049173817182
AGCTGCTCACCACGACGCCAGGG,0.142745140901822
GCCCCCCTTGAGCACACAGAGGG,0.149166724475489
CACAGAGGGCTACAATGTGATGG,0.147840722343828
AGCCCCCCTTGAGCACACAGAGG,0.147265740525646
ATTATGCTGAGGATTTGGAAAGG,0.146442410055427
TCACCACGACGCCAGGGCTGCGG,0.150658507861069
TGGATTATACTGCCTGACCAAGG,0.142800887986461
GAAAGGGTGTTTATTCCTCATGG,0.150485820149471
CTTATATCCAACACTTCGTGGGG,0.150085371497433
TCGAGATGTGATGAAGGAGATGG,0.149479147798373
TCTCTCAACTTTAACTGGAAAGG,0.160312586544455
CTTCTAGAATGTCTTGATTGTGG,0.156073446419063
GGGGACATAAAAGTAATTGGTGG,0.156428357892417
ACTAGAATGACCAGTCAACAGGG,0.15877471569806
AGCCCTCTGTGTGCTCAAGGGGG,0.15923795939712
GTAGCCCTCTGTGTGCTCAAGGG,0.158803418143201
TCTTGCTCGAGATGTGATGAAGG,0.164651076889283
AGGGCTGCGGGTCGCCATAACGG,0.169229541528781
CAGATTAGTGATGATGAACCAGG,0.167190690431602
AAAATCTACAGTCATAGGAATGG,0.174667986042888
GAAGTATTCATTATAGTCAAGGG,0.170473154256054
GTGCTTTGATGTAATCCAGCAGG,0.169337995509972
AGACTTTGCTTTCCTTGGTCAGG,0.179253890118123
CACCACGACGCCAGGGCTGCGGG,0.175099379522511
CTGTCCATAATTAGTCCATGAGG,0.178985872187088
AACTAGAATGACCAGTCAACAGG,0.197609772375176
GATGTGATGAAGGAGATGGGAGG,0.197692947484894
GAGCTGCTCACCACGACGCCAGG,0.195710165980192
GCTTATATCCAACACTTCGTGGG,0.211473522343828
AAAGTAATTCACTTACAGTCTGG,0.218660757767026
TTATGCTGAGGATTTGGAAAGGG,0.222606649052292
TGAAAGGATATAATTGACACTGG,0.221590712375176
AAAAGGACCCCACGAAGTGTTGG,0.231031634820317
CAAAGATGGTCAAGGTCGCAAGG,0.227907783096179
AAATCCTCAGCATAATGATTAGG,0.240911007171414
TATTCCTCATGGACTAATTATGG,0.253327184287402
TGAAGTATTCATTATAGTCAAGG,0.287734061842261
TGACTATAATGAATACTTCAGGG,0.279717372124392
AATGCAGACTTTGCTTTCCTTGG,0.320837924224706
CATACCTAATCATTATGCTGAGG,0.370779974883013
ACAGGGGACATAAAAGTAATTGG,0.378096827735678
CTTGCGACCTTGACCATCTTTGG,0.414417159209032
ATTCCAGACAAGTTTGTTGTAGG,0.373052500713734
GATGATCTCTCAACTTTAACTGG,0.359379183033483
TTGACTATAATGAATACTTCAGG,0.454926383409659
TATCCTACAACAAACTTGTCTGG,0.409627598331289
TAATCATTATGCTGAGGATTTGG,0.445024718582073
GGCTTATATCCAACACTTCGTGG,0.432296293252919
TTAACAGCTTGCTGGTGAAAAGG,0.461033096074235
CTGATAAAATCTACAGTCATAGG,0.469702307923765
TGTAGCCCTCTGTGTGCTCAAGG,0.499092354757621
GTTTGTGTCATTAGTGAAACTGG,0.524226964600881
TAAATTCTTTGCTGACCTGCTGG,0.51733303030621
TCACTGAGTGCAGAATGGCTAGG,0.458103895023654
ACACTGCCGAGCGATGAGGATGG,0.484024034710174
GGAAGGTGAAACTGACCTGTTGG,0.426544912265033
CCCGCCTAGTACCTACCTGTAGG,0.458842915337133
TGAAAAGGTGAAGGAGGATGCGG,0.436087043174124
TGTGCATCGTGGCTGTCCTGCGG,0.440475825807352
AGATGGCACAGGTCTTTGAGGGG,0.440525208942149
AGCATTAAGGAGTGAAGGGATGG,0.425430647312055
AGTCTGCATACCTGTCCCGCCGG,0.417466566434312
CCTGAGCCGTGACCTGGTGTTGG,0.431616311763465
GTGTCTTGAAAAGGTGAAGGAGG,0.427499006685095
GGTGTTGGTCATAATGTGAAAGG,0.435255357218011
CTCAGCTGTATCCTACAGGTAGG,0.434640557719578
TGGTCGGCATCGTGCTATGGTGG,0.416332221042462
TGAACAGGACTCTGAGCCAGGGG,0.410564423612995
AAGACTGGCGCATGGTCCACTGG,0.445410434208606
GCAAACACTGCCGAGCGATGAGG,0.410528253142776
TTGTTGCCATCCTCATCGCTCGG,0.431866391136506
GCGGTGTCTTGAAAAGGTGAAGG,0.420672862233685
GCAAGTCACTGAGTGCAGAATGG,0.448692043048732
TGGCATGGGCAGGTTGGACGGGG,0.41918876430265
TACAGAAGTAGGCAAGCCGGCGG,0.391466637907666
TGCTGAGTGAATATTCCATGAGG,0.417956255462525
CTGTTGGAAAACCTCGATTGTGG,0.389012658409233
GCTTCTTCATGCAGGCTGTGTGG,0.408048053330863
ATAAAGCGCATTCTCCAGGTAGG,0.400196800102023
AGCCGGTCAGCTCTGCACACAGG,0.39767180630892
AGCCAGGCAGCCCGCATCACAGG,0.418557182484468
CCATGAGTGCAACCAGCGGTTGG,0.411273901481334
GCATTGGTAAGCGCACAGGACGG,0.433018339475064
TCAGCTGCAAGCGTTCTGGTCGG,0.378359058848105
TCTGGCATGGGCAGGTTGGACGG,0.395253233957823
GCAGGACAGCCACGATGCACAGG,0.369580545305785
AGTATGAAGTACCCGTCCAATGG,0.400482446747791
AAGGTGAAGGAGGATGCGGCAGG,0.436789566120832
GTGGCGTACTGCACGTGTCGTGG,0.367700044428042
AATACACAGTGCCTGTGATGCGG,0.394933518471929
TAGCCTGTGCCTGTGCATCGTGG,0.377065028252494
CAGACATACCTGCTGAGTGAAGG,0.372999721355942
TATCACAGAACTTGGACCAGTGG,0.367718219725848
GTGTACAGAAGTAGGCAAGCCGG,0.37179677414591
ATTGTTAGAGGAGCAGCACAAGG,0.378509506622399
CCAGAGCACAAGGAGGCTGAAGG,0.383352451575377
TTCACATTATGACCAACACCAGG,0.406781307625534
GCAGCCATGAGTGCAACCAGCGG,0.358995295776004
CACCAGCATTAAGGAGTGAAGGG,0.364322639098889
TTATGACCAACACCAGGTCACGG,0.396065961042462
ACCCTCTGGCATGGGCAGGTTGG,0.383078165305785
CAGACATGAGTTCCTGACCTGGG,0.347753845493873
GCTGCAGCTCCAAGGAAGACTGG,0.362462244428042
AAGGGACAGCAGAAACTGGTGGG,0.361890787123967
CAAACAGTACGACCAACCGCTGG,0.365691078534625
GTAGGGGTCCGTACTCAGCATGG,0.439504923738387
CCCACACCTGAGCCGTGACCTGG,0.343815867061271
GAGGAGCGGATTCCTACTGTAGG,0.356481405744656
CCAGCGAGTCATGAAAAGATAGG,0.361370670446851
TTCTGGTCGGCATCGTGCTATGG,0.369957629631804
CCAAGGCACTAGGACAGCACAGG,0.36461620800171
CTCTACCTGAAACATGAACATGG,0.357758617970362
GAAAAGATAGGTCACTGACCTGG,0.421932472891992
ACTTGCACTCTCATCTCCCGAGG,0.344836566998575
CGATGACCCAGAGCACAAGGAGG,0.346929750823026
CCTGTGTATCCAGAAACTGCAGG,0.361235092390425
GCAATAGGCAAGTGGTCAAGTGG,0.362863100854374
GTGGGCAGTTTAGCAATGAGGGG,0.398354508064406
CAGCTGAGGCCAAAAACCAGGGG,0.366002917970362
GATCATGAGCTGCAGCTCCAAGG,0.377083554835566
CCCTTATGCACGTCTGTGTGGGG,0.335814878785409
ACAGAAGTAGGCAAGCCGGCGGG,0.335176698973497
CCAACACCAGGTCACGGCTCAGG,0.399560954333998
CCTCTTGGAGAACATCGCCAAGG,0.370390868127102
CAGTGAGTAGTGCCAAACCAAGG,0.321075653017384
TTGCACTCTCATCTCCCGAGGGG,0.341475303863779
ATCCTGTGTGCAGAGCTGACCGG,0.345063504051866
GGAGTTACTCACCCATGAAAGGG,0.335740497280707
GGCAGGCATGATAGTGCCGCAGG,0.351762934083215
TGGCCTCAGCTGTATCCTACAGG,0.385351099475064
GGTGGGCAGTTTAGCAATGAGGG,0.309146739412368
CAGTGGGGAAGGCTTCAGGCCGG,0.330151535650613
GATGGAACCCTTCTCATCTGCGG,0.358480406058136
GGCTTGCCTACTTCTGTACACGG,0.355151857280707
CTTGCACTCTCATCTCCCGAGGG,0.353779924992305
AGGAGTTACTCACCCATGAAAGG,0.368830736904531
ATACACAGTGCCTGTGATGCGGG,0.317093426058136
ACAGATCATAGAGATAAGCAAGG,0.322687064741522
AGAATGGCTAGGAGTGCTTAAGG,0.3549765327666
TCACCAGCATTAAGGAGTGAAGG,0.366001720791678
GCTGGGGAAGAATTGGAGAAGGG,0.327933731951553
TAAGCAATTCATCCTCTCCAGGG,0.340504592265033
GGAGGATGCGGCAGGTAAGCCGG,0.323369969130236
ATGATGTAGAGGTGGCAATCCGG,0.315752475462525
TGCTGGGGAATAGTACCTGGGGG,0.352347982735252
TCAGAAGCCGCAGATGAGAAGGG,0.339863789757196
ACAGACATGAGTTCCTGACCTGG,0.326778116653747
AGGCACTAGGACAGCACAGGAGG,0.326843551763465
GATGATCTCCAGGAGGAGCATGG,0.307208144741522
CTCCAAGGAAGACTGGCGCATGG,0.320922280854374
GTGTATCCAGAAACTGCAGGAGG,0.309473131512682
CTCCTGGAGATCATCATCAGCGG,0.305489799161584
GTGAAGGCACTGTTACCCTCTGG,0.334898497280707
CTGTCTCTTCTCCAGGAGCTTGG,0.340693517782274
TGAGCTGCGGTGTCTTGAAAAGG,0.294403922547164
CAAGTGGTATGACATGCCAAGGG,0.310241503675691
CCTGCAGTTTCTGGATACACAGG,0.299295056402964
GGTTCTGGGAGGCAGCCAGCAGG,0.317810894208606
TCTGTCATCTTGCAGCGTTGTGG,0.338451164678826
AGACTGGCCCTGCAGCTGGATGG,0.346028258910801
CATCCTCAACCAGGACCAGATGG,0.308418416779139
GAGGGTGTGCTGCTAGTTGGGGG,0.330028619788544
ACAGGTCATCTTAATGAGCCAGG,0.317422051575377
CGTGTCTTCACAGTACTCTGGGG,0.325704160227415
GCGCTCTGGTGTATGGCTGGTGG,0.322132064741522
TAACACATGTCCCTGGACTGAGG,0.317224802296381
ACAGCTGAGGCCAAAAACCAGGG,0.356761563738387
AGGATGGGGAAAACCCCCAGCGG,0.294580852829296
GTTCTTTAAATGGCTACAGGAGG,0.313037430070675
TATGGTGGTAGCCAAGCTCCTGG,0.331336823550299
GTGAACAGGACTCTGAGCCAGGG,0.310185383111428
GCGCAGCACCCAGCAGACCACGG,0.287651183048732
GCTGGTCGTAAAGAACCCCAAGG,0.29988483076033
ACGGCCTTGAATGTAAAACAAGG,0.29613852599544
CCTTTGGAGCCCCTGGTCCCCGG,0.286077750196067
CACAGCGAATCAGATCTTCCAGG,0.32707156800171
GCCCTTATGCACGTCTGTGTGGG,0.310254530133371
AACACTCAAGCACCCAGGTCAGG,0.292564036214876
AGGTGGGCAGTTTAGCAATGAGG,0.269845454835566
GTCATCACGTGTGAGCCACAGGG,0.317562769004845
GCACTGTTACCCTCTGGCATGGG,0.335964521794813
TGGGAGCACTGGGAGCAGAAAGG,0.331262977280707
GCTTTATGCGCTGCCGCTGGGGG,0.280333556779139
TCCAACCTGCCCATGCCAGAGGG,0.327382455901396
AGTGCAAGTATACATGTTGTGGG,0.279148558346537
CTTTGCGTGAAGAGGAACCCAGG,0.301527560290111
AGACATGTTGACCCTTTCATGGG,0.30183076461613
GAGGATGCGGCAGGTAAGCCGGG,0.319277600854374
GGAGGCGCTCACCTCTGTCTTGG,0.27856631615218
ATCCACGATGCGGTTCTGGGAGG,0.283003277218011
CAAACAGAAGATCTCGCCCTGGG,0.283590056089484
ACTGCCCTTATCAGGTCTCCCGG,0.310220402797948
GTCCTGGTTGAGGATGAGGCAGG,0.281480422170989
CTGGCATGGGCAGGTTGGACGGG,0.300953724866914
GATTGGGACCTAGCAAGGATGGG,0.302357433268167
CGGCAGGTAAGCCGGGCCCCTGG,0.270400669819892
TTGTAACCGAATCTTTGGATTGG,0.284831905180393
CCAAACAGAAGATCTCGCCCTGG,0.268178734522086
GCGGTTGGTCGTACTGTTTGGGG,0.274471925117697
ACTCAGTGACTTGCAATAGCCGG,0.276582580164719
GGCAGGTTGGACGGGGCAATAGG,0.293922349506412
GAAGCCCCAAGTGAACCAGAAGG,0.272906538283842
CATCGCCAAGGCCACAATCGAGG,0.282794284741522
CTGGTCTTTCGATAAATGCCAGG,0.305565999286976
CATCTCGCAAGGTAGCATGGAGG,0.282369264992305
ATTGCGATGTCATTCACCCTAGG,0.305263797092619
CAAGTGGTCAAGTGGTGAGCCGG,0.287663289882588
TCCCAGAACCGCATCGTGGATGG,0.309628587186663
GTCCAACCTGCCCATGCCAGAGG,0.291350916967227
ACACGGCTCCATCCACGATGCGG,0.263276664239954
CCAAACCAGCCCCAAGAGAGTGG,0.281867589757196
CACCTCTACATCATGGGGCAAGG,0.279796944177258
TGCCTCCCAGAACCGCATCGTGG,0.300304774208606
GAACACCATCTACTGCAACGTGG,0.287692866747791
TCCAAAGGCAAGGTCCCCTCGGG,0.291896813017384
CAACCCCTCAAAAAGATCCCAGG,0.260826056528356
GGGGCCTCTATCACAGAACTTGG,0.265696204239954
CCCCTACTATGCCCTGTGAGGGG,0.276529213330863
CTCAAATCCTCGGATCTGGTGGG,0.252006679913935
TGCTCTACCACACACACCTGAGG,0.269432731888857
GGGTCCTGAGGGTAAACATCGGG,0.245892162484468
CTGGTCGTAAAGAACCCCAAGGG,0.274507250196067
ACTCTTGCCTAGCCCCGTGTAGG,0.283398361794813
GAGAAGGGTTCCATCGCCTCTGG,0.267385305305785
GCTCACACCATCCAGCTGCAGGG,0.266846563989171
TACAGCTGAGGCCAAAAACCAGG,0.261496442484468
TGAGCTGCTTCTCAAATCCTCGG,0.283436030697635
TGGACGGGTACTTCATACTTTGG,0.263451968315189
CTTGGCATAGACATCCAGACTGG,0.295520970885722
TAGGGGTCCGTACTCAGCATGGG,0.283800116277572
ACCTCTACATCATGGGGCAAGGG,0.29552781784497
AAATGCCAGGAAGCTACTGCAGG,0.300248995964092
AACCCCTCAAAAAGATCCCAGGG,0.26493084292334
ATCCCTTCACTCCTTAATGCTGG,0.269975222045597
GCCAGGGCCTGCAGGAAGTGGGG,0.268645908252493
CAGAACCAGCCACTACCTGCAGG,0.277353619788544
TAGTTGGGGGCTGAGGAGCAGGG,0.276588987876318
AACAGAAGAACTTCCAGAGGAGG,0.288254500979766
TCCCCAGACAAGCCTACAGTAGG,0.275414604239954
ACCTAGCAAGGATGGGCATGAGG,0.269534206183528
CTGTGTGGCGTCGTGAAGCATGG,0.285764006998575
GCTGTCCTAGTGCCTTGGTTTGG,0.273617567312055
CATGGGATGAACCGGTCCGATGG,0.283730153017384
CCCCACACAGACGTGCATAAGGG,0.252523348252493
GGCACTACTCACATTGTTAGGGG,0.288397575964092
CACCACAGCATCATCATCTGAGG,0.259431206120832
GACATGTCTAGCATCTCGCAAGG,0.25549667985124
GTTGTGGCCCTGGCAGGTGGGGG,0.297078087249359
TGGTTGTGGGCAGCACTCCAGGG,0.26820816461613
TCAGGCTTCACTGTGACAGGAGG,0.227493864428042
TGCTGGGGAAGAATTGGAGAAGG,0.245340890384155
CGCTGATGATGATCTCCAGGAGG,0.251524774020519
CTCCCCTACTATGCCCTGTGAGG,0.249468592076945
GTCTCACATCAACATTGCAGAGG,0.257973101920205
GATGACATCTCGGGTCTGCTTGG,0.253455810572243
GGGCAGTTTAGCAATGAGGGGGG,0.239272564239954
CAAAGATATCTTCAGCAGTGGGG,0.339656161167854
CTCGACATCTGGCTTCTCAGGGG,0.249966142359076
GGGTGGCCGCAACATCTCTGTGG,0.258393590384155
CTCAAAACACTCAAGCACCCAGG,0.270819403801083
TGGGCAGTTTAGCAATGAGGGGG,0.247211288315189
CGTGCTCATCAATGGGACATTGG,0.266444092327729
TGCCTGCCTCATCCTCAACCAGG,0.242570584428042
AGGTGAAGGTGTGAGCTGCAGGG,0.253589333581647
CTTCGATTCCATCTTCAAGAAGG,0.237872337656882
TCTTACTGAAAATGGGGACCTGG,0.274255512139641
CCAAGAGGGAGTTCATCTCCTGG,0.261150271951553
ACCTTCACCTACACGGGGCTAGG,0.226093383174124
CTCCAAAGGCAAGGTCCCCTCGG,0.256236446371616
GAACTTCCAGAGGAGGAGGGAGG,0.278904293518951
CCTGAATGGCAAAGTCGATGAGG,0.259990992265033
CTGCAGAGGAGCCATCGGACCGG,0.247670123675691
AAGGATACAGCGCTCTGCAGAGG,0.289442651700769
ACCTCATGCCCATCCTTGCTAGG,0.259369534333998
ACATCGACTGCTGGACAATGAGG,0.245670688064406
CATGCTGCACCAGAGGCAAGTGG,0.260412481293246
GATTGCTGCATAGTAGGCACAGG,0.256652005493873
GTCACTTACTTCCATCAGACTGG,0.225636333205472
GCTAACATGTCTGAAAGGGCAGG,0.245573580352807
GGGCAGGATGAACAACGCGAGGG,0.231265621105158
GTAAGAAGGAAGAGGTGTTTGGG,0.270730743236819
CATTGCAGACAAAGCTGTAGCGG,0.242177707813622
CAGTACACCCCATACCTATCGGG,0.237372494396694
CGTACTGCACGTGTCGTGGCTGG,0.219512541606725
CGAGGGTGTGCTGCTAGTTGGGG,0.264268280415503
ACCAAAGCAGCTTATGCATGAGG,0.220299561042462
GGATCTTGAGCTACGAACACCGG,0.250303865055001
GCCGGGGCCTCAGGTGTGTGTGG,0.240670627061271
GTATCGATAAGGGAGCCCTGTGG,0.22711341615218
ACTCAAACTGCGGCTCAACCTGG,0.222611429882588
ACATGTCCCTGGACTGAGGTGGG,0.222718362547164
TAACTGCTCCCATAAGTACTTGG,0.232357617343403
CCTTAGGCTTCACCATTGGACGG,0.231012710258763
TCGAAGTGAGAGTGAGCGGGTGG,0.217768816967227
AGAGCGCTCTGGTGTATGGCTGG,0.229958543863779
CTCACACCTTCACCTACACGGGG,0.264143317970362
AGCCTTACTCGGAGAAGCAGAGG,0.244040631136506
CATCGACTTTGCCATTCAGGTGG,0.219743616402964
GCTTGGGCAGTGGCAGCAGCTGG,0.194335299686875
GGCACTGTTACCCTCTGGCATGG,0.204101935713309
AGAGGTGGCAATCCGGCAGTGGG,0.219831785744657
TTGGTCGTACTGTTTGGGGTGGG,0.218070059976631
TGCTCATCCCCAGAGACAGCAGG,0.223800274083214
GGGGTCCTGAGGGTAAACATCGG,0.219847125117697
CCTGTGCTGTCCTAGTGCCTTGG,0.239803731011114
GGCTAGTTGCGTGAGTGGCTTGG,0.241924086685095
ACTGATAGCAGAATTAAGACCGG,0.220051960728982
GTAGCTGCCCACCAGATCCGAGG,0.239750525870048
GACCAAGCCTGTGCTCAGGTCGG,0.23476384154403
GGTGGCGGTCGCAGGAGGAGCGG,0.24120330568196
AGGAACAGAAGAACTTCCAGAGG,0.210009122170989
GGCAGGATCATCAAAGGGAGAGG,0.248740414835566
TGGACGGGGCAATAGGCAAGTGG,0.226329114647478
TGAACCAGAAGGATAACTTCTGG,0.236090684992305
TGAGAAGATCCGCCCTGGAGAGG,0.230039305744656
TCCAGCTCTCTAGAGCGCTCTGG,0.218009474835566
GGATCATCAAAGGGAGAGGGAGG,0.255278495399829
ATTGCCACCTCTACATCATGGGG,0.2125221527666
CAGTCTCCGTGTACAGAAGTAGG,0.253076712829296
GAATGAACTGAGTGTAGTTGAGG,0.232931723111428
TTGGAGAAGGGTCAGCACCTGGG,0.215615971575377
CTCACACAGGACTATGGAATGGG,0.21480449784497
ACAGAGGTCTTATAAGAGGAGGG,0.193306667876318
GGTGTCATTGCTATGTGAATGGG,0.214282918534625
AAAGGGACAGCAGAAACTGGTGG,0.218533165681961
CCTTACCTCCCTCTACAGCCAGG,0.282173296716443
CACCCAGCAGACCACGGAGTGGG,0.220163646873183
GGCCAGGGCCTGCAGGAAGTGGG,0.217275529882588
TTGTGCTGCTCCTCTAACAATGG,0.209753571638073
GGATTGGGACCTAGCAAGGATGG,0.234972543675691
GGTCATAATGTGAAAGGTGCTGG,0.235751507437446
TCCCCTACTATGCCCTGTGAGGG,0.228830599098888
GAGCAGCAGATCAAGGAGCGGGG,0.224763801105158
CCCTTCCTGACACTGGTCGCAGG,0.210749904866914
ACCACAAGTGCCATTGTTAGAGG,0.205578862421772
CATGTCCTCAAAGAGAACACTGG,0.244074626120832
CTGTCTCCACAGAGATGTTGCGG,0.251351939976632
AATCACCAAGGATATCTTGAAGG,0.188413346873183
TCCAGGGTAAGTTGGTCGGGTGG,0.197298658471929
TGTCCTCACACAGAGACTTAAGG,0.198837669004845
CTACGGGCTGGGCAAGATGGCGG,0.17408371253954
ACCAGAGCGCTCTAGAGAGCTGG,0.190192045180393
ACCCTCGAAGTGAGAGTGAGCGG,0.217132517468794
GACCTTGCCTTTGGAGCCCCTGG,0.213797091136506
CTTTGGGTACCTTTGAGTGGAGG,0.216563646120832
CCAGCCAGCTACCAAGACAGAGG,0.169268210282487
AGTCAGAGCGTTCAAAACTATGG,0.204114717406098
CAAAGCTGTAGCGGTTAGCAGGG,0.214790731449986
CAGCAACCTGCGGTGCCCCAAGG,0.217128479913935
TTGTCAGCTTCCTCAGGAATGGG,0.206405493644343
CAGATGGCACAGGTCTTTGAGGG,0.200222555901396
AGTAGGCAAGCCGGCGGGACAGG,0.209930379036192
TCCTCCTTAGGCTTCACCATTGG,0.219094788565973
CACATGTCCCTGGACTGAGGTGG,0.250163008628669
CTGGTTTGGAACAGTCCGAGTGG,0.210568296591051
GGGTGGTGCAGGAGGTCCGGAGG,0.200068003385935
GTTGGTCGTACTGTTTGGGGTGG,0.183447150572243
TGCCGCTGATGATGATCTCCAGG,0.184857953832431
TCATCGGCAGGATCATCAAAGGG,0.248525382797948
TTGCGTTCCTCAGTACTGGGTGG,0.173332727962738
TGAAGGTTCTGAACCGCAAAGGG,0.194366760979766
TCCTGCGACCAGTGTCAGGAAGG,0.184962826873183
TCCATCCACGATGCGGTTCTGGG,0.207729923675691
GAGAGGGAGGCCGGGGACCAGGG,0.208087396716443
TCTCAAATCCTCGGATCTGGTGG,0.177029337680606
GAAGATTGAAGGGACCCTTGGGG,0.219191963550299
TTGCCTTAAGTCTCTGTGTGAGG,0.214543491324594
AAAGGCTGCTGGGGAAGAATTGG,0.232145500540895
CGATTCCATCTTCAAGAAGGAGG,0.20247488768823
CCCTCGAAGTGAGAGTGAGCGGG,0.237846548252493
GCTCACACGTGATGACATCTCGG,0.228361298848105
TTGGTAGTTCACCAGCATTAAGG,0.181007728377885
GCACCCAGCAGACCACGGAGTGG,0.194796648628669
AGAGTGTCGATCATGAACTCAGG,0.200640640415503
GGCTCCCTTATCGATACCAAGGG,0.18584135477287
GGGAATAGTACCTGGGGGATGGG,0.188845229819892
TACTATGCCCTGTGAGGGGAAGG,0.21704956154403
ACACACCTTAACTACAGGCAAGG,0.179395912390425
CCTCTCCTCGAGCCACTCGCCGG,0.23956170091707
TCATTGTCCAGCAGTCGATGTGG,0.18709643615218
GAAGAACTTCCAGAGGAGGAGGG,0.162561203072455
ACTATGCCCTGTGAGGGGAAGGG,0.177962023989171
GCCTGGGCACTACTCAACACTGG,0.19575205784497
ACGCAAGAAGAAGTCCACCAAGG,0.228657362170989
TTGTGGCCCTGGCAGGTGGGGGG,0.161747836802863
CCTGCGACCAGTGTCAGGAAGGG,0.184143409443716
TTATCCTTCTGGTTCACTTGGGG,0.197660874710174
ATCGACTTTGCCATTCAGGTGGG,0.204667475086349
CCTTGGCGATGTTCTCCAAGAGG,0.189119025368481
TCAGTACACCCCATACCTATCGG,0.167769041442361
CAGATCACGAGCTTTGCCCTTGG,0.213404955901396
TTAGCAGAGTCAGGGCATGTTGG,0.240729626497008
ACAGGACTATGGAATGGGCCCGG,0.198884009882588
CTCCTCAGATGATGATGCTGTGG,0.172755890885722
AGAAGATTGAAGGGACCCTTGGG,0.174640364741522
CCTCTGTCTTGGTAGCTGGCTGG,0.159389831097534
ACTCACCTGCAGGTAGTGGCTGG,0.238068109192932
CTCCTGCACCACCCAAACCCTGG,0.187618351638074
AGTAAGAAGGAAGAGGTGTTTGG,0.185899880728983
AGGGCAGGATGAACAACGCGAGG,0.190334136277572
TCCTGAGGGTAAACATCGGGAGG,0.168922452727628
TAGAGGTGGCAATCCGGCAGTGG,0.186434116591052
ACAGGGGATGCGGAACTGAAAGG,0.186302035525221
ATTCCTACTGTAGGCTTGTCTGG,0.189750802484468
ACTCACACAGGACTATGGAATGG,0.174258108816757
TTCTCAGGCTCTAGCAGGGTAGG,0.151718981755841
TAACCAGCCTGCTGTCTCTGGGG,0.171404669945284
AGGACTCTGAGCCAGGGGCCCGG,0.184847001191578
CAGCCTTTAACACATGTCCCTGG,0.169590859812267
GAATATTCACTCAGCATCAGTGG,0.202479022986036
TTATAGAACCAGGGTTTGGGTGG,0.179729142986036
CTACTTTGGGTACCTTTGAGTGG,0.188417523048732
TCAGGACCCCAAACAGAAGGAGG,0.170377757343403
CAGCTTCCTCAGGAATGGGTAGG,0.154355893668067
GGGAGCACTGGGAGCAGAAAGGG,0.148831711222926
GAACCTGGCGAAGAAGTTGCAGG,0.154879138056781
GACATGTGTTAAAGGCTGCTGGG,0.184713622484468
CTACTGCAACGTGGAGCCATCGG,0.176141876528356
AACATGTCTCTTCTTAACCTTGG,0.199167014835566
AGCTCACACCTTCACCTACACGG,0.200567337280707
CTTAGGCTTCACCATTGGACGGG,0.196621307123967
GTGATCGACAAAAGCAGAAGAGG,0.19128524091707
TAGGTCCCAATCCAAAGATTCGG,0.147613286269948
GAGGTGGCAGTGGTGGTCGGAGG,0.191160006497008
CAAGAGGGAGTTCATCTCCTGGG,0.161300764514462
CCGGCGAGTGGCTCGAGGAGAGG,0.19311003922428
TTAAGCAATTCATCCTCTCCAGG,0.18619968938102
TAGCAGAGTCAGGGCATGTTGGG,0.178011565329509
GTTAGCACCAGCGATAAGAAGGG,0.145840639059916
GACGGTATGGGTCCACACGAGGG,0.172074064114563
ACATCTGGCTTCTCAGGGGATGG,0.177788834647478
GCAAGACCAAGCCTGTGCTCAGG,0.148313874169634
AAAACCAGGGGCCGGTGCTGAGG,0.177413439098889
AGAAGATGGCTGAATACTACCGG,0.172313345180393
TAACAGTGCCTTCACTCAGCAGG,0.146200272100669
ATGGACTGACCTCCACTCAAAGG,0.151050322194712
GCCTCCCGATGTTTACCCTCAGG,0.200428305431177
TAAGGTGTGTTATAGAACCAGGG,0.145367436363992
TTTCTATCCGACCTGAGCACAGG,0.173431344365346
CCCGCTCACTCTCACTTCGAGGG,0.170823237218011
ATCCAAAGATTCGGTTACAAAGG,0.175306833832431
GGCAGCACTCCAGGGTAAGTTGG,0.205287073832431
GCTTCTCAAATCCTCGGATCTGG,0.144852162257408
GTGCACCTGGCTGTAGAGGGAGG,0.144992019122612
CCCTCAGGACCCCAAACAGAAGG,0.161594248252494
GGCTGCTCCACCCAGTACTGAGG,0.168520923511327
TCAGCAGTGGGGAAGGCTTCAGG,0.154720153354587
TCTAGCAGGGTAGGAGCAGGCGG,0.169697171348318
TCCAACAGTCAGCAGAGACAGGG,0.17453560938102
CCCCAAGAGAGTGGTGCTGACGG,0.153524212351452
TTAAGGTGTGTTATAGAACCAGG,0.149844842884368
GCGCTCTGCAGAGGAGCCATCGG,0.150570067962738
TTCTGCATTGGTAAGCGCACAGG,0.183335753017384
CCAGGTAATAGGCGCGGGGCCGG,0.15709199454581
TGCAGCAATCTCTGAGACCAAGG,0.159858392829296
CTTGCCCCATGATGTAGAGGTGG,0.143180694169634
GGAGTGGGCCATGCTCCTCCTGG,0.162663192202337
CACAGAGGTCTTATAAGAGGAGG,0.171790204765245
CTTCCTTCTTACTGAAAATGGGG,0.148388657743302
TTGCTGCTGCCGGTACACAGAGG,0.180100666959603
TACTACCGGCCAGGGCCTGCAGG,0.17336789053327
ACCAAGTGTTAATGGCACTCTGG,0.141326894921985
GTTATCCTTCTGGTTCACTTGGG,0.144419858621045
CCCAGCCGCGGCCGCTTCAGGGG,0.176858525681961
CCCCCCAAAACTGACAAACCGGG,0.151557231536405
GCACTCCAGGGTAAGTTGGTCGG,0.169988603072455
TAAACCCATGACGCCAGTCATGG,0.150180668025433
GTCATCGGCAGGATCATCAAAGG,0.15083577423233
GAAGGGCTGCTGGCTCAATAGGG,0.164243304177258
CCTGCCTCAGGATGAACTGACGG,0.151617126520731
GTGCTGCCCACAACCATGACTGG,0.149631669404744
GCTGTCTCTGGGGATGAGCATGG,0.158875948213521
CTTATAAGACCTCTGTGTACCGG,0.19985189730443
CCAGGGTAAGTTGGTCGGGTGGG,0.162866940063051
GACTGGCAAGGATTGAGCTGCGG,0.175414547939014
GTAAGCGCACAGGACGGTATGGG,0.148901633793459
CTCACACGTGATGACATCTCGGG,0.146677570345183
GTCGTGTCTTCACAGTACTCTGG,0.150505588777785
CTTGGCGATGTTCTCCAAGAGGG,0.167682959913936
CATCATCATCTGAGGAGATCTGG,0.135091268088129
CAGCAGGTGGCGGTCGCAGGAGG,0.149945038056782
GTTCTGGGTGTACAGGCCTATGG,0.145220358182173
GCAGATCAAGGAGCGGGGACAGG,0.143472349404744
TCGTGAAGCATGGGATGAACCGG,0.176598903612995
ACGAACACCGGCCCCTGAAGCGG,0.167617228589697
ATCAGAAGCCGCAGATGAGAAGG,0.152955410282487
ATGGCTGAATACTACCGGCCAGG,0.175727416904531
TGTGTTATAGAACCAGGGTTTGG,0.182933130634939
ACCACACACACCTGAGGCCCCGG,0.14254335454581
ATGACATCTCGGGTCTGCTTGGG,0.159611556489383
AGAAGAACTTCCAGAGGAGGAGG,0.138766804890637
GTGCCTGCAGAAGGAGTTGGGGG,0.225217366646123
CCCCAAAACTGACAAACCGGGGG,0.174785505956468
GGCTCCAGGTAATAGGCGCGGGG,0.161305662508192
CAGGACTATGGAATGGGCCCGGG,0.148624359349672
TGCATGAGGCACTCAAACTGCGG,0.13749092407559
ACTGCTGGACAATGAGGATGGGG,0.136046527147691
ATGGGAGCAGTTACAGAAGATGG,0.149333288715089
TGGCACTCACCTGCAGGTAGTGG,0.145365724953333
TTATGGTGTGACAGTGCCTCCGG,0.144441366896907
TGCTTATGTGCCCTCAGCACCGG,0.178133286747791
TTACTTCCATCAGACTGGCAAGG,0.133952508840481
TGGTGCTAACATGTCTGAAAGGG,0.142542187022299
AACTGCACATGCTGCACCAGAGG,0.185758717970362
CGCAAAGGGACAGCAGAAACTGG,0.142712601943929
TGGAGCCTTGCCTGTAGTTAAGG,0.162434577994086
TAACACTTGGTTCACTGACTTGG,0.143269102570888
CAGGTCACTAAAGGGAGTCGAGG,0.148217568150825
GGACTGCCCTTCCCCTCACAGGG,0.157640723323239
GAGAAGATTGAAGGGACCCTTGG,0.146556390823026
GGGCTCCCTTATCGATACCAAGG,0.155988283824807
CCTGGCTGTAGAGGGAGGTAAGG,0.138868646771515
CCCCCAAAACTGACAAACCGGGG,0.145450438683741
CAGCCACGATGCACAGGCACAGG,0.150297856277572
TTCCTACTGTAGGCTTGTCTGGG,0.145438125705684
TCCCCTCACAGGGCATAGTAGGG,0.170491773542675
GGCAGTGGTGGTCGGAGGCAGGG,0.133269945956468
ACATCGGGAGGCCCCAGCCGCGG,0.162603296928255
GGTAAGCGCACAGGACGGTATGG,0.128003792978412
GCCGCGGCCGCTTCAGGGGCCGG,0.157634351536405
CAGAACCTTCAAGATATCCTTGG,0.133842494733897
CCAGCGATAAGAAGGGCTGCTGG,0.155545152100669
CACCCAAGGAGAAGATTGAAGGG,0.142345738871828
AAACCAGGGGCCGGTGCTGAGGG,0.127544960627314
TAGGTGAAGGTGTGAGCTGCAGG,0.141736136363991
GACCAGGGGCTCCAAAGGCAAGG,0.120376378307565
CCCCATACCTATCGGGATCATGG,0.134037817116343
ACTTGGTTCACTGACTTGGCTGG,0.147310958119477
ATCGGAATCAAATATGCGCTGGG,0.156352596050512
TGCCGATGACCCAGAGCACAAGG,0.161665163487603
CATGACGCCAGTCATGGTTGTGG,0.147076089882588
TCGAGCAGCAGATCAAGGAGCGG,0.131336316740167
CAAGCTCCTGGAGAAGAGACAGG,0.181362777594186
ACTTCATACTTTGGAAGTGCTGG,0.148666367312055
ACATACCTGCAGTAGCTTCCTGG,0.161761250282487
CTCAATCCTTGCCAGTCTGATGG,0.142351496426687
ATGACGCCAGTCATGGTTGTGGG,0.149840048840481
GCACATAAGCAGGTCACTAAAGG,0.145695205642988
TCCATAGATTCTGAGAGCCCTGG,0.144991929028568
GAGACATGTTGACCCTTTCATGG,0.149082993518951
GGTGGGGGGCATGTTTGACACGG,0.155694943111428
GCTGCATGAGGCGCTGCGCCTGG,0.152899089192932
CATGTCATACCACTTGCCTCTGG,0.129920456865559
TGAGGCCAAAAACCAGGGGCCGG,0.127205883448631
TCTCGGTGTAATCCCACTGCCGG,0.154420581982901
GAGTGCAAGTATACATGTTGTGG,0.164526952288756
TTTGGGTGGTGCAGGAGGTCCGG,0.142760358683741
TGTGTGGCGTCGTGAAGCATGGG,0.118469718432957
CCAGGGCCTGCAGGAAGTGGGGG,0.152806122296381
CCATAAGGGCCGCTCCGACCCGG,0.178366731034838
TCTCGGGTCTGCTTGGGCAGTGG,0.175121309757196
CTCAGAGATTGCTGCATAGTAGG,0.124623103448631
GTACACAGAGGTCTTATAAGAGG,0.166215431912581
AGGATTGAAGCTGACGTTCTTGG,0.159836805141421
AATAACCAGCCTGCTGTCTCTGG,0.151575428527001
CCTTCTGTTTGGGGTCCTGAGGG,0.150982833166499
TGCCATCAAGAAAATCACCAAGG,0.127927047711954
AGAAAGGGAGCCAGAGGCGATGG,0.122294141254274
GAAGCCAGATGTCGAGAAGGAGG,0.129818955548944
TCTGGTCCTGGTTGAGGATGAGG,0.148905168338913
CAGCACCACTCTCTTGGGGCTGG,0.135598797367126
GTGGGGAGGATGGGCAGAAGCGG,0.117759709404744
CATAAGGGCCGCTCCGACCCGGG,0.183454978558349
CACTCCAGGGTAAGTTGGTCGGG,0.129415572790324
ATGGTTGTGGGCAGCACTCCAGG,0.160099098119477
CCGTCAGCACCACTCTCTTGGGG,0.14764483761791
GATTGCCACCTCTACATCATGGG,0.128228318871828
GCAGGATCATCAAAGGGAGAGGG,0.146069135047377
TGGCTCCACGTTGCAGTAGATGG,0.132044277429822
GTTGCCCTTGGTATCGATAAGGG,0.156956783824807
ACTAGGACAGCACAGGAGGATGG,0.143104726458035
CCAGTCAGACAGTCTGGAAAAGG,0.157188418495653
GGATTGCCACCTCTACATCATGG,0.138538862570888
GAAACTGCAGGAGGACATCCTGG,0.145771058621045
GGCTCTAGCAGGGTAGGAGCAGG,0.167584515423553
ATCCGACCTGAGCACAGGCTTGG,0.111617126896907
GTGGACCGGCGAGTGGCTCGAGG,0.150896438432957
TGGACTGCCCTTCCCCTCACAGG,0.1559356393107
TGAGAAGCCAGATGTCGAGAAGG,0.13886665899722
TGTAATACCCTTCCTGACACTGG,0.153751038119477
AGGTCACTAAAGGGAGTCGAGGG,0.149269007249359
CCCCTGAAGCGGCCGCGGCTGGG,0.191866854733897
CCCTGAAGCGGCCGCGGCTGGGG,0.12588186438907
TCCTTCTGTTTGGGGTCCTGAGG,0.15155115253954
GGCCCACTCCGTGGTCTGCTGGG,0.122388552265033
GGGGCTGTGGTTCCACGATAGGG,0.138126187084995
CCCCCACTTCCTGCAGGCCCTGG,0.159804300313835
CACTTCCTGCAGGCCCTGGCCGG,0.132495653668067
CGTCAGCTTCAATCCTGCCAAGG,0.152173028777785
ATAACCAGCCTGCTGTCTCTGGG,0.125283419059916
CTGGTGCTAACATGTCTGAAAGG,0.146916588213521
CCCCTCACAGGGCATAGTAGGGG,0.151169430470575
TCTCGACATCTGGCTTCTCAGGG,0.200775238558349
GGCTTCCTGCGACCAGTGTCAGG,0.147283924953333
GCTCACACCTTCACCTACACGGG,0.147490417116343
GGACGGTATGGGTCCACACGAGG,0.150629503636719
GGAGGCACTGTCACACCATAAGG,0.164986879436092
CCACCCAAGGAGAAGATTGAAGG,0.116281247210387
GACAGGCAGTTGAAGTTCGCTGG,0.154908023762111
ACATGTGTTAAAGGCTGCTGGGG,0.144928662821672
GTTTGCAATCATCTAAGTACTGG,0.149743398871828
GGGAGCAGAAAGGGAGCCAGAGG,0.145255631912581
GACTGCTGGACAATGAGGATGGG,0.133930958683741
TCCTCTAACAATGGCACTTGTGG,0.161761199937659
ATGACTCCCAGCTCTTCCTACGG,0.163753178809133
CTCCTGCGACCGCCACCTGCTGG,0.144029418785409
GGAGGTCAGTCCATGTCCATAGG,0.138846697555214
GGCGGCTCCTCATCTTCTGGGGG,0.115250936050512
GTACTGGGTGGAGCAGCCCCCGG,0.149187036489383
TGTTAGCACCAGCGATAAGAAGG,0.146005299749571
AACCAGGGTTTGGGTGGTGCAGG,0.145458050909446
GGTCCCTTCAATCTTCTCCTTGG,0.147576913730763
CGAGCAGCAGATCAAGGAGCGGG,0.146211859937659
CGGGTGGGCAGCTTCTGCATTGG,0.165190578558349
GGTGGGGATGCTTTACTTGTTGG,0.13672976269628
CCCACCCGACCAACTTACCCTGG,0.138190644639854
TCCTGGAAAATGGGAGCACTGGG,0.135038587210386
CTGGGAAGTCTGCAAACCGTAGG,0.161754891724493
CAGGGTTTGGGTGGTGCAGGAGG,0.163290727335778
CGACTGCTGGACAATGAGGATGG,0.156275932790324
TGTTACCCTCTGGCATGGGCAGG,0.136044957492518
CATCGGAATCAAATATGCGCTGG,0.114471364138286
CTATAACACACCTTAACTACAGG,0.15045249222606
GTGGCTCCAGGTAATAGGCGCGG,0.130914277179039
GGAGATCGAGCAGCAGATCAAGG,0.1308036762386
GAGGCACTGTCACACCATAAGGG,0.118610001254274
GTGATGATCTGAGTCCATTCTGG,0.162633393542675
GAAGAGACAGGCGGAGATTGAGG,0.132067768715089
CCAAGTGTTAATGGCACTCTGGG,0.137517490972142
TGGCGAAGGCGCTGTCCTTGGGG,0.128329980439227
CTCCTTGTGCTCTGGGTCATCGG,0.0886601741069382
GGTTCAGGCTTCACTGTGACAGG,0.170148660501923
GGAGCGCCAGTCAGACAGTCTGG,0.164801467084995
TACCTGGGGGATGGGAAAATGGG,0.113506763636719
TCAATCTTCTCCTTGGGTGGGGG,0.127029710533271
TTCGTAGCTCAAGATCCCGAAGG,0.161583307586562
GATCTGCTCCAGAACATTCCGGG,0.14006518100349
CCTCTACAGCCAGGTGCACCAGG,0.116965537492518
GCCACTGCCCCCAGAAGATGAGG,0.169808261755841
GGTCAGTCCATGTCCATAGGTGG,0.178781130031703
CCTGGTGCACCTGGCTGTAGAGG,0.157344843072455
GATATCTTCAGCAGTGGGGAAGG,0.139956981630449
GCCCCACACAGACGTGCATAAGG,0.159752315047377
GGCTGAGGAGCAGGGGTGGTGGG,0.100987595862424
CCTTCAATCTTCTCCTTGGGTGG,0.14996884407559
CAGTCCATGTCCATAGGTGGGGG,0.161393661881233
TGGCTCCAGGTAATAGGCGCGGG,0.125794213542675
AGCCGTCAGCACCACTCTCTTGG,0.133439398495653
ACTCCTTATGTTTCTCATGTGGG,0.104247042947064
CCGGGGACCAGGGGCTCCAAAGG,0.130677537367126
GGGGGCACCATGGTACCTGCAGG,0.151459773041108
CCAGCCAGAAGTTATCCTTCTGG,0.0981520480881295
CAGCGGTTGGTCGTACTGTTTGG,0.168031575360857
GGGCGAGATCTTCTGTTTGGTGG,0.157436200063051
AGTTGGGGGCTGAGGAGCAGGGG,0.11628323084675
TCCCTTTGTAACCGAATCTTTGG,0.155133063824807
CACATAAGCAGGTCACTAAAGGG,0.145557725266813
GATGCTGCGCAGCACGTACTTGG,0.107393731285622
CCACAGCCCCCACTTCCTGCAGG,0.0897819873984743
TGTGCCTGCAGAAGGAGTTGGGG,0.130308425204117
TTACCTGCAACTTCTTCGCCAGG,0.109066955423553
ACTATGGAATGGGCCCGGGTCGG,0.124210036928255
TGCAAACCGTAGGAAGAGCTGGG,0.1820413162386
TCAGGTCTCCCGGAATGTTCTGG,0.149707445454901
GCAAAGATATCTTCAGCAGTGGG,0.143942381881233
GTGGCTGGTTCTGGGTGTACAGG,0.158491527335778
CTGGTGCACCTGGCTGTAGAGGG,0.136667973103803
TCCTCATCTTCTGGGGGCAGTGG,0.168538034671202
GTCAGTCCATGTCCATAGGTGGG,0.196335372915716
ATTGGAGAAGGGTCAGCACCTGG,0.0982656033859351
CTATCTTTGCCTGGAGCTGTTGG,0.158635035110073
TTGTGCTCTGGGTCATCGGCAGG,0.110397900125747
GGGGGCTGTGGTTCCACGATAGG,0.167959860188443
CGCAAGAAGAAGTCCACCAAGGG,0.189957552288756
TGGGTGTCTGCTGCAGTGTCTGG,0.151715771411013
CCAGGAGATGAACTCCCTCTTGG,0.140305181379665
AGTGGCTGGCACTCACCTGCAGG,0.185431155737032
GTGGGATTACACCGAGAAGCTGG,0.148586651097534
CCAACCGCTGGTTGCACTCATGG,0.15871573561164
AGGCACTACTCACATTGTTAGGG,0.103940600815402
GGCAGAAGCGGCGACGCAACCGG,0.145524690721358
TGTTGCCCTTGGTATCGATAAGG,0.0923928036994147
CCCGTGAACCACAGGGGATGCGG,0.139577239059916
CTAGTTGGGGGCTGAGGAGCAGG,0.142308020188443
TCAGTCCATGTCCATAGGTGGGG,0.145431933354587
GCAAGTGGTATGACATGCCAAGG,0.132245084012894
AGTCCGAGTGGACCGGCGAGTGG,0.157442248213521
GAGCCACTCGCCGGTCCACTCGG,0.129625132476844
CACCTGCAACAGCGGCCCAGTGG,0.16614696269628
CCCCAGCCGCGGCCGCTTCAGGG,0.165472228965872
AAGAGCTGGGAGTCATCTGATGG,0.090223503448631
GTACCTGGGGGATGGGAAAATGG,0.0630214016304492
CACCAGCAGGCCCCCACCTATGG,0.152535019686876
TTCTTGCGTTCCTCAGTACTGGG,0.154618153542675
AACTACAGGCAAGGCTCCATAGG,0.131073143699415
CTTCAATCTTCTCCTTGGGTGGG,0.140626724765245
CACAACCATGACTGGCGTCATGG,0.140967503448631
GGGGCACCATGGTACCTGCAGGG,0.0611084943577219
AGTTATCCTTCTGGTTCACTTGG,0.134010884765245
CTACCTGTAGGATACAGCTGAGG,0.0719087376568822
GTACCCATAGGATGGAATGCTGG,0.0719087376568822
CCTGTGCCTGCAGAAGGAGTTGG,0.164409824726273
GCTGCGTTTCTTGCCCTTGGTGG,0.151563128425333
GAGGCACAATAGGAGCAAGCTGG,0.186187817578938
GGAATGGGCCCGGGTCGGAGCGG,0.13684859093317
TTCTATGCCCTCAGGATCCAGGG,0.150146682406524
AGTGGTGGTCGGAGGCAGGGTGG,0.122082063409659
GCCTAGCCCCGTGTAGGTGAAGG,0.115342906168279
TTGGAACAGTCCGAGTGGACCGG,0.155910174883013
ACAACCATGACTGGCGTCATGGG,0.138853560149471
AGCAAAGATATCTTCAGCAGTGG,0.121019241528781
TGCCCTTATGCACGTCTGTGTGG,0.136509187359502
TCTGGGAGGCAGCCAGCAGGTGG,0.117361117578938
CAGCGCATATTTGATTCCGATGG,0.130275407735678
CCAGGGCGAGATCTTCTGTTTGG,0.152545975447276
GATAGCAAATGAGCTGCATGAGG,0.152287791058562
AGAGGGAGGCCGGGGACCAGGGG,0.110020226795239
AATATGTTGGTACTGGGCTGTGG,0.163382749992731
CGGCCAGGGCCTGCAGGAAGTGG,0.114452167359502
GTACCGGCAGCAGCAACCTGCGG,0.0566588696165553
TGCAGGTAGTGGCTGGTTCTGGG,0.11695148246922
GGCTTGGTCTTGCTGCTGCTGGG,0.138215351873609
TTCTCCCTTTAGCAGAGTCAGGG,0.170523935635364
TCTCCGCCTGTCTCTTCTCCAGG,0.0671724795225114
TGCTCACACCATCCAGCTGCAGG,0.156620961027214
GGTGGGTGCTCTGGTAAGGCTGG,0.185527843284267
CTACGGTTTGCAGACTTCCCAGG,0.181203021779565
TTCCCCTCACAGGGCATAGTAGG,0.130782005290536
GCACCGCAGGTTGCTGCTGCCGG,0.177690035133797
AGCCAGCAGGTGGCGGTCGCAGG,0.184452080525646
CAGCAACACACAGGCCCTGCAGG,0.170379889616555
ACAGGCGGAGATTGAGGCTGAGG,0.214127128174549
CAGAGTTGTCTCACCTTGGCAGG,0.170567844412794
CTGCTGGTGCACATAGCCACTGG,0.218281052124392
CTGGGCACTCATTGGAGTCATGG,0.183173412437872
TGGGGCACCATGATCCCGATAGG,0.225018036136931
ATCCTGGAAAATGGGAGCACTGG,0.178436818393985
GTGCTGCTAGTTGGGGGCTGAGG,0.209418837202762
CTTTGGATTGGGACCTAGCAAGG,0.196799879647903
CCCAGAGTGCCATTAACACTTGG,0.147763434820317
GTGAGGTACCTAAGAATGTCAGG,0.226652520651038
AGGAGGACATCCTGGAAAATGGG,0.174203013817182
GGGCCGCTGTTGCAGGTGGCGGG,0.134518699585207
CCTGCAGGAAGTGGGGGCTGTGG,0.159838645604016
GCTCCTGGAGAAGAGACAGGCGG,0.164665761340693
CCCCAACTTCCCCACCTGAATGG,0.209084485039753
GGACATGTGTTAAAGGCTGCTGG,0.213081233378311
CAGGAGGACATCCTGGAAAATGG,0.212815041340693
GTGTTATAGAACCAGGGTTTGGG,0.203930958205897
TGGGCCGCTGTTGCAGGTGGCGG,0.243417553441007
TCAAAGAGAACACTGGAACTAGG,0.194762200400254
TGGGGGCTGAGGAGCAGGGGTGG,0.171898469553859
AGATCATCACCAAGTACTTATGG,0.192184857955113
TTGCCTGGAGCTGTTGGCGAAGG,0.229649443033483
ATGCTGAGCGTGCTCATCAATGG,0.179127199522511
GCGCCTTCGCCAACAGCTCCAGG,0.196481375071101
TGGCAGTGGTGGTCGGAGGCAGG,0.197867958331289
CAGGCCCCCACCTATGGACATGG,0.195683091685521
GATGCGGAACTGAAAGGTTCAGG,0.204323029741947
TGCTGGTGCACATAGCCACTGGG,0.194350766983326
CTCGAGGAGAGGAGCAGCAGCGG,0.220714755572668
AAGGCTGGCTGGAGTAGCTGGGG,0.236828525604016
AGGCGGCTCCTCATCTTCTGGGG,0.207799213190223
TCTTCTGGGGGCAGTGGCAGTGG,0.204060500274862
CGCTGTCCTTGGGGCACCGCAGG,0.245307587359502
CTGCAAACCGTAGGAAGAGCTGG,0.257188196889283
AGCGGTTGGTCGTACTGTTTGGG,0.223716554883013
CCTTCAGCCTCCTTGTGCTCTGG,0.21447523877016
GAGGAGGTGGCAGTGGTGGTCGG,0.190890458080505
CGTCCAAATATGTTGGTACTGGG,0.247830560525646
CACTGGGCCGCTGTTGCAGGTGG,0.282782433503703
ACTCACGCAACTAGCCAAAAAGG,0.170640341340693
TGTAACCGAATCTTTGGATTGGG,0.215585066105583
CCAGGATTCAGAGGCACAATAGG,0.260580189365772
CTACCCGCCACCTGCAACAGCGG,0.241404946168279
AGGATCTACAAGAGTAGGATTGG,0.267875681716869
ACGGAGACTGGCCCTGCAGCTGG,0.152215975196493
AGTGAACAGGACTCTGAGCCAGG,0.223878076450411
AGTAGGATTGGTAGAAGGGTGGG,0.254446157578938
TGGGCAAGATGGCGGCCTTCGGG,0.203128864600881
GTTGGTACTGGGCTGTGGCTGGG,0.263659833754486
CCTCAAAGACCTGTGCCATCTGG,0.211909276951978
CAGGTAGGATGGCTGTTGAACGG,0.254096525729408
GATCATCACCAAGTACTTATGGG,0.254856407672982
TAGCATCTCGCAAGGTAGCATGG,0.247167437202762
AAACATAAGGAGTATAGCCCTGG,0.280247533190223
TCGTGTCTTCACAGTACTCTGGG,0.216413849365772
CGATCTCCCGCAACTTTGCACGG,0.255272438832856
GTCAGGTCTCCAGGATTCAGAGG,0.256048513503703
CTGCATGAGGCGCTGCGCCTGGG,0.26432679431875
GCCCCTGAAGCGGCCGCGGCTGG,0.304049320212167
AGATCTGTACCTGGTGCACCTGG,0.238806202845395
CAGGCACTACTCACATTGTTAGG,0.294106219710599
GTTGGCGAAGGCGCTGTCCTTGG,0.28062639262596
CAAAGAGAACACTGGAACTAGGG,0.251979639020944
GACCATGCGCCAGTCTTCCTTGG,0.276021960713734
GCCGTCAGCACCACTCTCTTGGG,0.285353020149471
GGAGTCATGGTACTTATCATGGG,0.307157926857935
GCGTCCAAATATGTTGGTACTGG,0.288638576826587
TAAGGCTGGCTGGAGTAGCTGGG,0.272825909679251
GTCAGTGAACCAAGTGTTAATGG,0.299537186042888
GAGGAGGGAGGAGGTGGCAGTGG,0.201204505792104
ATGACTCCAATGAGTGCCCAGGG,0.315107182281132
TGTTGGTACTGGGCTGTGGCTGG,0.294598559773295
TGTCATCACGTGTGAGCCACAGG,0.243510780400254
ATTGAACTTACTGAGAAATCAGG,0.295508791999
GAGGAGCATGGCCCACTCCGTGG,0.296224478582073
GCTGTCAGCTGCAAGCGTTCTGG,0.263932883158875
AGTCCAGGGACATGTGTTAAAGG,0.318801809616555
CTGGCTGCGTTTCTTGCCCTTGG,0.301043935948844
CGCTTTATGCGCTGCCGCTGGGG,0.181907230306211
TGGTAGAAGGGTGGGTGCTCTGG,0.291029206795239
CAGGTAATAGGCGCGGGGCCGGG,0.289402440713734
TTGCTATCCACATCGACTGCTGG,0.22574988924038
CATGAACATGGCCAGCTTCTCGG,0.282319373252919
CGGGTAGGATCTACAAGAGTAGG,0.306004886168279
CAGTGGCTATGTGCACCAGCAGG,0.273450736889283
CTCCATCCACGATGCGGTTCTGG,0.322444012939439
TAGTTCCAGTGTTCTCTTTGAGG,0.329993292688656
GTCCCTTCAATCTTCTCCTTGGG,0.295722426230975
TGCTGAGCGTGCTCATCAATGGG,0.322587952751352
ACATGCCTCCTTCTTGAAGATGG,0.298785048237245
TCAGTAGCGTCCAAATATGTTGG,0.353169842657308
CATGACTCCAATGAGTGCCCAGG,0.314547559898687
AACGCACCTCCTTCTGTTTGGGG,0.272940936325019
ACCCGCTCACTCTCACTTCGAGG,0.324466486356367
CACAGGCCCTGCAGGTACCATGG,0.23351053739085
CAAGAGTAGGATTGGTAGAAGGG,0.329599824663577
GTTCTATGCCCTCAGGATCCAGG,0.34458917538458
CCTATTGTGCCTCTGAATCCTGG,0.245609440337558
GAAGGGTGGGTGCTCTGGTAAGG,0.364899836826587
GCTGGGACTGGGGCTGGGGTTGG,0.244493272876743
CTGGGACTGGGGCTGGGGTTGGG,0.211119465165145
CTCTAGAGCGCTCTGGTGTATGG,0.330869261277997
TGGCTGAATACTACCGGCCAGGG,0.33769004384853
GGGGAATAGTACCTGGGGGATGG,0.346771878519377
CTGGGGGATGGGAAAATGGGTGG,0.252372439710599
CTTCTTGCGTTCCTCAGTACTGG,0.339519610431602
TCCAGGGCTCTCAGAATCTATGG,0.360244790431602
TGGAGTCATGGTACTTATCATGG,0.346136015321884
TACTCCTTATGTTTCTCATGTGG,0.322639664538185
GGTGCTGAGGGCACATAAGCAGG,0.373006166042888
ACAAGAGTAGGATTGGTAGAAGG,0.349722597829721
CCTAAGAATGTCAGGTCTCCAGG,0.336034601967652
CTGCCACTCACACAGGACTATGG,0.340626056136932
GCCCCCCAAAACTGACAAACCGG,0.34067544108991
TGCAGGTCCGTGCAAAGTTGCGG,0.267408148111853
TTCTCGACATCTGGCTTCTCAGG,0.275285927798373
GAACGCACCTCCTTCTGTTTGGG,0.34930043601154
GTCCATAGGTGGGGGCCTGCTGG,0.386487667798374
AGCCACTGGGCCGCTGTTGCAGG,0.420604306419063
TCCAAAGATTCGGTTACAAAGGG,0.309924982343828
GCCCTTGCCCCATGATGTAGAGG,0.36468160046295
TTGGCGAAGGCGCTGTCCTTGGG,0.366714410180819
CTGCTGCTGCTCAGGTAGGATGG,0.379509427986461
CCAGCAGCCCTTCTTATCGCTGG,0.382695528801508
CCAGAAGGATAACTTCTGGCTGG,0.372397321152605
CTGTGCCTGCAGAAGGAGTTGGG,0.404009395259189
TGATCTGCTCCAGAACATTCCGG,0.35935203538458
TGGCAGTGGCTCCAGGTAATAGG,0.36731380924038
CGCTCGGCAGTGTTTGCTCCTGG,0.380403679647903
TGGACGCCCTGGGCACTCATTGG,0.41120333262596
TTCAATCTTCTCCTTGGGTGGGG,0.277522094067966
GTGCCCTCAGCACCGGCCCCTGG,0.359382561277997
CAGGCGGCTCCTCATCTTCTGGG,0.330109409114988
GTCCAGCAGCTACCTGGGGCTGG,0.399600359209032
TGCCTGTGATGCGGGCTGCCTGG,0.330724698205897
TGGTGTCATTGCTATGTGAATGG,0.333182629992731
CCTGGGGCTGGGACTGGGGCTGG,0.324306203785834
CTCTCACTTCGAGGGTCCGCTGG,0.324891498331289
AGTGCCCAGGGCGTCCAGGCAGG,0.397468224538185
CTGGGCAAGATGGCGGCCTTCGG,0.397407081967653
GCTGGCCATGTTCATGTTTCAGG,0.381576434883013
CAGCTACCTGGGGCTGGGACTGG,0.423918351434737
CTACTTCTGTACACGGAGACTGG,0.313423619835991
ACAAATTTGGGGAGCTCTTCAGG,0.39384636384853
GGAGGTGAAGCCCCCACCCAAGG,0.402490537641634
TTGAAGGTTCTGAACCGCAAAGG,0.321704692187088
GAGTAGGATTGGTAGAAGGGTGG,0.371585763096179
GACGCCTGCCTGGACGCCCTGGG,0.437176325478624
CGCTGTTGCAGGTGGCGGGTAGG,0.485810527484894
TCGAGGGTGTGCTGCTAGTTGGG,0.381061829303076
GCCTCATGCATAAGCTGCTTTGG,0.424062773503703
TAGTGCCAAACCAAGGCACTAGG,0.391454769428468
CAGCCCAGTACCAACATATTTGG,0.408796673190223
CCTGTTGCTGCTGTTGCTGCTGG,0.393097129303076
TTTCTCCCTTTAGCAGAGTCAGG,0.410993938331289
GACTGGGGCTGGGGTTGGGGAGG,0.394830463284267
CGAACGCACCTCCTTCTGTTTGG,0.421766805227841
TGGGACTGGGGCTGGGGTTGGGG,0.402958244977057
TGGCCCACTCCGTGGTCTGCTGG,0.433849930745082
CAGTTTCTGCTGTCCCTTTGCGG,0.421082868550725
CCTCATCGACTTTGCCATTCAGG,0.451633823472355
AGAGCTGTTGTTGAAGTTGCCGG,0.392212273064831
CTGCAGGTAGTGGCTGGTTCTGG,0.435935075321884
CCTGGAGACCTGACATTCTTAGG,0.450698541842261
GTCCCCTCAGGTGGGGAGGATGG,0.431343498143201
CCGGCCCCGCGCCTATTACCTGG,0.468637751058562
TACTCAACACTGGGTCTTGCAGG,0.459215615133797
GTCGAGGGTGTGCTGCTAGTTGG,0.440314240651038
ATCACGTTCTTTGCGTGAAGAGG,0.432439013817182
ACCGGCCCCTGAAGCGGCCGCGG,0.462567525792104
TTCCACCCAGTTCCAGCGCCAGG,0.416892563911226
TGCAATAATGCTGCTGAAGTTGG,0.476188549553859
AACTGTCCCCTCAGGTGGGGAGG,0.448915263346963
GCGCATAAAGCGCATTCTCCAGG,0.463350664099314
GCAGTTCATCTTCGACCTCATGG,0.489779887422198
AGCAGCAGCAGTACCACATCCGG,0.425656997265458
CTGTTGAACGGACGCCTGCCTGG,0.446040322908091
AATGAGTGCCCAGGGCGTCCAGG,0.447463778582073
CCACCCAGTTCCAGCGCCAGGGG,0.462724360901822
CCTGGGCACTACTCAACACTGGG,0.44466544246922
CCTGCTAGAGCCTGAGAAAAAGG,0.483234967986461
CTTCAGCCTCCTTGTGCTCTGGG,0.469398865917496
TATTCTAGATTGTGAATAATTGG,0.454787014883013
TTCACCTCCTTCTCGACATCTGG,0.475951453378311
TCCACCCAGTTCCAGCGCCAGGG,0.468030658456681
CATCACAGGCACTGTGTATTTGG,0.46735876786107
AAGCCCCTGGCGCTGGAACTGGG,0.484171406732543
AGCCCCCGGTTTGTCAGTTTTGG,0.445821582845395
ATGGGGCAAGGGCCCTATCGTGG,0.463201971309345
AGGCTTGGTCTTGCTGCTGCTGG,0.460393601779565
CCAGATGGCACAGGTCTTTGAGG,0.471337766920631
AGGTAATAGGCGCGGGGCCGGGG,0.436258528174549
CTCAAGGCTGTGTTTGTACTTGG,0.458930039271728
AGAAGGGCTGCTGGCTCAATAGG,0.450282036387715
TCCAGCAGCTACCTGGGGCTGGG,0.486180871685521
CCCAGTGTTGAGTAGTGCCCAGG,0.470338327108718
GCAGGCGGCTCCTCATCTTCTGG,0.48972165538458
GAAGCCCCTGGCGCTGGAACTGG,0.472830992249784
TCCCCTCAGGTGGGGAGGATGGG,0.438037630870474
GCAGCAACAGCAGCAACAGGCGG,0.439673183973922
GCTACCTGGGGCTGGGACTGGGG,0.460932462406524
TTTGTTCTTTAAATGGCTACAGG,0.476886534193358
GAAAACCTCGATTGTGGCCTTGG,0.475461786607151
GGGCTGAGGAGCAGGGGTGGTGG,0.45785868246922
ACAAAGCTGTAGCGGTTAGCAGG,0.478460268550725
CTCTGTGGAGACAGCCAGTCTGG,0.493755650368906
GCAGGTCCGTGCAAAGTTGCGGG,0.522974120400254
GTAAGGCTGGCTGGAGTAGCTGG,0.502069616199627
TCTGCTGAAGCCCCTGGCGCTGG,0.423343403660442
ACCCTGTCTCTGCTGACTGTTGG,0.505107999334424
CAGTGTTCTCTTTGAGGACATGG,0.513807485604016
GCCCCAGCCGCGGCCGCTTCAGG,0.500517607986461
CCACTCTCTTGGGGCTGGTTTGG,0.495657498205897
TGCGCTTTATGCGCTGCCGCTGG,0.528960747986461
GGATGTCCTCCTGCAGTTTCTGG,0.503005719209032
GCTGCGCAGCATCTGCCAACAGG,0.48805098077643
GGACGCCTGCCTGGACGCCCTGG,0.528215601716869
CCGGGTCGGAGCGGCCCTTATGG,0.505249562657308
GGTGCTCTGGTAAGGCTGGCTGG,0.487147031748217
CTGCTGTCTGTTGCTGCTGCTGG,0.530775309177684
TGCTGTCTGTTGCTGCTGCTGGG,0.538612964287402
AACAGACAGCAGCTTTGGTCCGG,0.517524162030348
GCAGCAACAGACAGCAGCTTTGG,0.522967920901822
GCGCTTTATGCGCTGCCGCTGGG,0.517910368049157
TTCCAACAGTCAGCAGAGACAGG,0.505676599898687
CTCACCTCTGTCTTGGTAGCTGG,0.541635383096179
AGGCGCGGGGCCGGGGCCTCAGG,0.541830536701195
AGCTACCTGGGGCTGGGACTGGG,0.539512993441007
AATCCCAGTGCCTTACCCGCAGG,0.561806144412794
TCCCGAGGGGACCTTGCCTTTGG,0.559090950431602
GCTGGGTCTGCTGAAGCCCCTGG,0.549907155133797
GTGACAGTTCCCAGCGGGTCCGG,0.306998630885722
AGGAGGAACTGATGATGGCATGG,0.323356033330863
TCCGAAGTTCAGCTGCATGCTGG,0.360093548628669
TTACATTGGTGATGATTCGATGG,0.243988637468794
TTAGAAAGACTGATTGCCCTAGG,0.267248762672556
TGAACTGGTTCTCATCTACTAGG,0.278575885619265
CAAGCTGGGACTTCCAAAGCTGG,0.239081548252493
AGAAAGTAACAACGTGGAAGAGG,0.256029622860644
AATCCACTTACCTATAGGAAGGG,0.234620635274437
GTAACAACGTGGAAGAGGTAGGG,0.229302854898262
TCATACGGTGAGACAATGGCAGG,0.187762894396694
AAAGCCATATGAAATTGTAGTGG,0.233928825305785
TGTGTGCCACTGTTTATACCAGG,0.20589001815845
TTTAAAGCGATTGCTAGGCCCGG,0.281383675964092
AGCCAAAATGGAAGATGGCCAGG,0.196831250070675
GTACAGCAGAATTAATTACAGGG,0.241154710572243
ACAGTTATAGATATAGACTGCGG,0.234559640478199
ATTCGGCCAAAAGATGTCCCTGG,0.168285102860644
GCAACTTTGATGCAGCACGCAGG,0.16164220599544
CTTGTGTCCAGAAATAATCCAGG,0.217419584678826
AATAGCATTGGATACAGAGCAGG,0.206306548503277
AGCCACCACCTAGAATCGAAAGG,0.202371275337133
TTCACACTCCTGGTGCATGAAGG,0.181548573644343
TGATCGGTTTGAGAGATTGGTGG,0.190011776716443
AGCACATAGTGAAATGTAGAAGG,0.21257529815845
GTGGAACTGGTCACAATGATGGG,0.169022953769735
TGCAGAAAAGCTATTTGACTTGG,0.229777137343403
ATCTCTGGCATGTGTGACTGAGG,0.19900495107381
GTTTGGAATACATGACTCCATGG,0.202160788377885
AAATTAAAACGACTCCTGAAGGG,0.188701699475064
TGAAGGTGAGCGGCGTGCCCTGG,0.190174421167854
TTGTTCTACAAATTGAGTATTGG,0.2169245158387
AGTGCCACTCCAGAGGATTCCGG,0.265172438785409
AGCACTTCAGAAAAGAGTGATGG,0.177984028189798
AGTAACAACGTGGAAGAGGTAGG,0.185706744365346
TCACAAAAGAAGAACATATGCGG,0.12352683308008
ATTAGGCTTAGGTTACCACAAGG,0.167579031261898
AAGTTGAGGGGGGAATTCTGAGG,0.179411794396694
AGAGATTGCTCAGGAAGCAATGG,0.18034401985124
TTGGCCGAATCTTGGTGTGTTGG,0.191993555211741
TTATACGAAAGCAAGAAACAAGG,0.123963241606726
CTACTAAGAAAGTAACAACGTGG,0.163769255211741
TTACCAGCCATATCAGTCTGTGG,0.191226891261898
TAGAGCTTCCACACATGGACTGG,0.213962744929609
GGAAGCAGATATCCGGTGTGGGG,0.193474913895127
CCACCACCTAGAATCGAAAGGGG,0.161893638910801
GCAGTTCTGACCCGAGTTTACGG,0.170877177029923
TGTGTGACTGAGGGACCAGTTGG,0.154512159475064
TTGCAATGGTTAAGGTGAACTGG,0.161648838597321
CAGGTCCTCTTCTAAAGCCAAGG,0.146579027750926
GGACAATGGCTTCACACTCCTGG,0.169621460540895
GGGCTGTGACAGTTCCCAGCGGG,0.196838379475064
CGCGCACAGGCCGGTGGAATGGG,0.163093621794813
ACACACTTCGAAGTTGAGGGGGG,0.247557111638073
ACTTCGGAATTCTGCCTCTGGGG,0.179877810446851
CTGACAAAAATCCTTCAACAAGG,0.179590346120832
TTGAGGGGGGAATTCTGAGGAGG,0.19929239477287
TTCTGACCCGAGTTTACGGTAGG,0.189450487500142
CATAGACTGTCCTGGGAAACTGG,0.0990729073357783
TCAATTAGTTGAAGTAATGATGG,0.180167807939014
AATATCGCATTACTTAATTTAGG,0.185842024929609
AGTACACCAAGTATCATGAGCGG,0.12373184938102
TGGCACACACTTCGAAGTTGAGG,0.140516705431177
TGCTTCATACGGTGAGACAATGG,0.123574073017384
ATTGTTACAGTATATCAATGTGG,0.149966966183528
AACCTGTGGCAGATACACACTGG,0.158423298409233
GCGATATTGAGCAGTGTCCCAGG,0.132438741732117
TCTAAAGCCAAGGTGGCAGCAGG,0.15596959922428
TCCTTCAGAACCTTTGGGAGAGG,0.0923039288404805
GTTTGAGAGATTGGTGGAACTGG,0.108424673707039
AAAAAACCTACCGTAAACTCGGG,0.161667969631804
TTGTCTCACCGTATGAAGCAGGG,0.139639439036193
TGGCAGGATTGATAAATCTGAGG,0.183396639913935
ATGCTCTCACCTTAAAGTGTTGG,0.146091673895127
ATTGATAAATCTGAGGAACATGG,0.179110384428042
GACAATCAGATGCTATATCAAGG,0.213633158346537
CTGGCCTCAAAGGTAGCAAAAGG,0.115142554584782
TTATTTCTGGACACAAGATAAGG,0.144122532139641
AGATTATAGGCAGCTGACCTAGG,0.116820653644343
TTCTACATTTCACTATGTGCTGG,0.151589561857509
TCCGGATATGAATGATAGACTGG,0.189748818848105
AGTCTACGAAAAGCTCTTGCTGG,0.178775604992305
CGGGCTGTGACAGTTCCCAGCGG,0.142152083675691
TAGTGGACCTTACCCATACCGGG,0.154717957719578
TACTAATAGAGACAATAAAGAGG,0.151010177782274
GCACACACTTCGAAGTTGAGGGG,0.121159650697635
ACTTATAGCTTCTTGTCTCCAGG,0.202214916716443
GCTAACATGTTGCCAATCAGAGG,0.125249155337133
TTAGCAAACGAGTGTCTCATGGG,0.163587227939014
TGCTAGGCCCGGTATGGGTAAGG,0.138433625180393
CAGAGCGAACAAAAGTCCTAGGG,0.111803338660017
GTTGTGCTCAGTACTGACTTTGG,0.150087380164719
TCCTGGTGCATGAAGGTGAGCGG,0.100485184051867
AGTTTGAGGAATTTATGACTAGG,0.166942220791678
CGAAGCGGCTGACCACGGCCTGG,0.130837679161584
GCTTTAAAGTCAGTAAGACATGG,0.22941468938102
ATGTGCTCAGCCAGTTTCCCAGG,0.111472068565973
AGAACACTTTACCTGTCCTTGGG,0.0833322352981608
GCCGAATCTTGGTGTGTTGGGGG,0.138023761418638
TTGCTGGCCATGGAGGAAGTAGG,0.116957059600456
TAACTGTAACTCCTGGGTCAGGG,0.146929896277572
GATTGCTCAGGAAGCAATGGAGG,0.145063928879453
GGCTTTAGAAGAGGACCTGAAGG,0.121143094333998
CGTGCAAGTGGCTGGACCAGTGG,0.118117138534625
AGTGGACAGAACTAGCTCAAAGG,0.152008045619265
AGAACCATCAGAGAGCCTTGAGG,0.157492150196067
GGACAGCAGTAGAACCAACCTGG,0.122395080039327
ATATCTATAACTGTAACTCCTGG,0.0997215675628384
GGCACACACTTCGAAGTTGAGGG,0.111217057970362
CGAACTAGATTTGACAGCCATGG,0.111980798597321
TCCATGCAGACTCTCTTCCGAGG,0.176608607562838
CTTAGGCCACCAATCCAATGCGG,0.183531963550299
AGCATACCTGGTATAAACAGTGG,0.0981873544593901
ATTAATGACCAGTCCATGTGTGG,0.17747248430265
CAGGCCGGTGGAATGGGTCCAGG,0.137936624428042
TATCTATAACTGTAACTCCTGGG,0.15621140430265
CTTGGTGTACTCCCTGACCCAGG,0.104101854898262
GTCCTCTTCTAAAGCCAAGGTGG,0.07698038100349
TTATCTTTAATAGAGTCCAGAGG,0.115792315525221
GAGTCATGTATTCCAAACAAAGG,0.154016063801083
CTGGCCGACAGTTGGATAGGTGG,0.135503663111428
TGCAGAATCCAAGAAAACAGGGG,0.109562660979766
GAAGATGAGCTGCCACATCAAGG,0.133140344678826
ACTGCACCGATGCTGTTCTGAGG,0.130567872390425
GCCCTGGTTTGCAATGGTTAAGG,0.148987722672556
AGAGCCTTGAGGAAAACCAGCGG,0.178527826685095
CTCAATGCCAACGTAGACAGTGG,0.101072365078725
GCGATTGCTAGGCCCGGTATGGG,0.0979924463089199
TGAATGGGATATGTATCCATAGG,0.118085479286976
AGCAGATATCCGGTGTGGGGTGG,0.0709949736680667
GGCATCACTGAGGCACTGTACGG,0.0983280223590766
TAAATTTAAAGCCCTAAAGAAGG,0.0998735928919919
ACTGGAAAAATGTCTTGCTGGGG,0.123460101920205
ATGTGGTTCCTTGTTCTCAGTGG,0.114401018033058
ACCTTAACCATTGCAAACCAGGG,0.0962977843653462
CCACGTCTTTGGATATATCCTGG,0.130598301418638
GAAAAGATGACAAACCTGGTAGG,0.0846197661445558
GAGCTAGCTTGAGAGCATTGTGG,0.14467603615218
TCCCTTAGAGCTTCCACACATGG,0.108294896716443
GAAGATGAAAGTGCGCAAACAGG,0.0990662557760045
CATTCATATCCGGACCCGCTGGG,0.118118941481334
TACCTATCTACAAAAACTCCTGG,0.124530841481334
CAGTTGGATAGGTGGCTGCAAGG,0.107167138722713
TGGTCCAGCCACTTGCACGTTGG,0.066858631787189
CAATTCGTAATAAAGGATCCAGG,0.0866574857446565
ACACATGCCAGAGATTGCTCAGG,0.120294584114562
CTGTCAGCAAATTTATGGATCGG,0.0837329838637788
ACTCCCTATAGCGATGGCTCTGG,0.103223973707039
TAGTAATTCTTCATGATCCATGG,0.149104307123967
AGAAAAGCTATTTGACTTGGTGG,0.0933644656192647
CAGCCACAGCTACCCAAAAGAGG,0.114358191011114
GAGATTAGATGAAACGATGCTGG,0.142567893957823
CCAAAGACAACAAGAGCTCTTGG,0.131019710509547
GGATGAACTAGCTCGAGTTCTGG,0.089002233707039
TCATTCATATCCGGACCCGCTGG,0.127694841355942
TAAAGAGGGTGTTGTTGGCAGGG,0.105217926873183
ATAAGGAGAATGATTTGTAGTGG,0.13017343646566
GGTCCAGTCAGTGAACGTAAGGG,0.0876029216067255
ATTGCTTCCTGAGCAATCTCTGG,0.129473870070675
TCTCCTTCTTCAGGCTGCAGAGG,0.0997224826962799
AGTCAGTACTGAGCACAACAAGG,0.1277118496945
GAAACTACCTGCTGCCACCTTGG,0.133824184239954
ACTAATAGAGACAATAAAGAGGG,0.0826773089658724
TGACATCATATTGCTGACAGAGG,0.163555851136506
GTTGATTATATTGGATACACTGG,0.112384527500142
AGTTATAAATAGCCTGGAAAAGG,0.105671977907666
ATCATTAGATCCACATCTGCAGG,0.0704821264580354
CAGCCATGGTCCTCTCCCAAAGG,0.119269463448631
CTCGTCGAAGCGGCTGACCACGG,0.154166361857509
CTTCCAAAAATTCTAACGTGAGG,0.135507024051867
CACACACTTCGAAGTTGAGGGGG,0.105902769255628
GCCGCTCACCTTCATGCACCAGG,0.0846372928919919
CAGCAGCCGCTCATGATACTTGG,0.0755907762775719
ACACTTCATAAAGCAGTGCAAGG,0.0734996622574084
CGATATTGAGCAGTGTCCCAGGG,0.0583883235113269
TCGTTGATCAAACTCATCTGTGG,0.137371878409233
TGTCTCTATTAGTAAGACACTGG,0.0811250321633645
TAAAGAAAAACCTACAGACCTGG,0.16140810630892
ATTGCCATAAATACTTCCTCTGG,0.0815532793107
CACATCAAGGGAATTGTTGAAGG,0.140888255462525
ATCCCACAGACTGATATGGCTGG,0.114240241481334
AAGCCCCTTTCGATTCTAGGTGG,0.154510354522086
CGTTCACTGACTGGACCCATGGG,0.0369095426573077
GGTGGAACTGGTCACAATGATGG,0.148121349969007
TTCGGCCAAAAGATGTCCCTGGG,0.0547367677746498
ATCTTGCTGCAGAAACTCAGAGG,0.0661015757607559
AACAAGAGCTCTTGGTTGCAGGG,0.0540365854159283
TACTGGCCAAGCTGTTGCCTCGG,0.0688058173044304
GCAGAGCGAACAAAAGTCCTAGG,0.0873866112229257
TGATGCTGTGTATTGTCACTCGG,0.0702698807764299
AAGCTATTTGACTTGGTGGATGG,0.0848992962385996
CTGAGAACAAGGAACCACATTGG,0.0876909104942983
TAACTGCGCAACCTTCTTTAGGG,0.0834991631978473
AAATCCACTTACCTATAGGAAGG,0.0726173001494707
GCAACACTTCTTGCATACCTGGG,0.0583630233469628
GTTTGTGCTCTGGAGGACCCAGG,0.0531130624692199
TTGTGATCACATCCTCTGATTGG,0.0675047999613829
TAAAGTGTTGGTTGTTGTGAGGG,0.078930031560129
CCGGTGCCATTCGTATTGCTGGG,0.0920215880491572
GATGAAAGTGCGCAAACAGGTGG,0.0751497304316023
CTTCTTTACAGGTTATTGGAAGG,0.0771450150084048
CAGCTTTGGAAGTCCCAGCTTGG,0.076356420940794
TGCATCTTGGCAGGCTACACTGG,0.0993450448279414
TCTAGTCCGCATTGGATTGGTGG,0.0915309926649319
GATAATCCGTATTCTTAGCAAGG,0.0766731594360918
CTCTGCACAAAGCCCTCTTTTGG,0.122517625517596
AGGTCCACTACAATTTCATATGG,0.0478062869206305
GGCTTGTCGGCAAATCGGGGGGG,0.0704554410661859
ATTAGCAAACGAGTGTCTCATGG,0.0632713353608567
CAATACACAGCATCAATCTTAGG,0.14213944300976
AGCCACAGCTACCCAAAAGAGGG,0.0720009219049565
TTACCTTGTCATTGAATATACGG,0.0638602442247058
TTTGAGCTAGTTCTGTCCACTGG,0.0905805323514523
CCAGGATATATCCAAAGACGTGG,0.069571003158875
CGGCGTGCCCTGGTTTGCAATGG,0.130536303824807
TCTCTGGCATGTGTGACTGAGGG,0.0621724662309754
TAACGTGAGGTGTGGCTCATTGG,0.0817540625708881
AAAGGAGATACTTACACAACAGG,0.0660896969909508
ACCAGCATGCAGCTGAACTTCGG,0.0480298049143609
TTAAAGTGTTGGTTGTTGTGAGG,0.0704353786210448
TCTAAGGGAGAGCGGACCTGTGG,0.0854975054786243
AGGTGTTTCAATTCAATACCTGG,0.0774694118736086
TTCAAAACTGGTCAAATCAATGG,0.0859899383939848
GAGTAAATCCACTTACCTATAGG,0.0826561212779973
GGGAGGACATGGCCGCGCACAGG,0.080516209052292
AGGAGAACTCCCTATAGCGATGG,0.0844516804002544
GTGTGTTGGGGGATAGAGTCGGG,0.116630516928255
GGCTCATGGATTTCCTGGCTCGG,0.128677852124392
AGCTTTGTTGGAGATCATGGAGG,0.0676049868579346
GCCTGAAGAAGGAGATGGTGTGG,0.0705867412779973
TTCAATGGAAAATGTTCCTATGG,0.0853617940442423
CAAAAGAGGGCTTTGTGCAGAGG,0.140192500212167
TCAGCTGCCTACTTCCTCCATGG,0.0807280559488437
AGCGATGGCTCTGGCCAATGTGG,0.0778516216304492
GAGCATTGTGGAATACCTTCAGG,0.104256342758976
AAATTCCTCAAACTTTGAACTGG,0.0945785850160291
AAGCTGGGACTTCCAAAGCTGGG,0.0866366861055835
CCAAACGTAAAGCAGCAGTTTGG,0.0933899288015083
AAATCCATGAGCCTGGACATGGG,0.0822330761759038
GGGTCCAGTCAGTGAACGTAAGG,0.0905354642874017
CCCTTCCGGAGAGAGGCTCCAGG,0.0825967444754895
CACTGGAAAAATGTCTTGCTGGG,0.0580073877356776
ATCATGGTGACCCTTCCTATAGG,0.0922575119125808
GGCCGAATCTTGGTGTGTTGGGG,0.0897577140442423
TTGCAGAATCCAAGAAAACAGGG,0.0981854509958657
TCCTGGAGCCTCTCTCCGGAAGG,0.0876418022811321
GAGGTCAACTTGTATTCAGCAGG,0.135799009114988
GTGGAAGCTCTAAGGGAGAGCGG,0.0941118238248066
TACATTTAAACTTACCCTTCAGG,0.0804831887150887
ATAAAGAGGGTGTTGTTGGCAGG,0.100945111183953
GATACATATCCCATTCATCATGG,0.0968478175789378
CCATAAATGTAGCTCTTGTCTGG,0.104063600274863
GTCCCGGTAACTGGAACGGAAGG,0.0786677581432011
TACCAGCCATATCAGTCTGTGGG,0.110332701842261
TTTACATACACTACTAACTCTGG,0.0900883392090318
ACTTACTTTAATAGAAACTTTGG,0.130602316074236
ACTTACTGATCCGAAGATCCAGG,0.127325871560129
CCATTCCACCGGCCTGTGCGCGG,0.0906165674611702
GCAGCCACCTATCCAACTGTCGG,0.11839868576838
AGTGTCCCAGGGACATCTTTTGG,0.094515639898687
ACTTTGAACTGGTAAGGTTAAGG,0.0944885570146744
GCCTCGGAAGAGAGTCTGCATGG,0.0877296486523927
TTGCTTTACATCGTCTACTCTGG,0.0656346676102857
GTAGTGGACCTTACCCATACCGG,0.0785288618422606
TGCTTTACACAGTTTGACACAGG,0.0690676911839534
AGCCCAGACCAAACTAGAAGTGG,0.11674000924038
TCTTTAGTCGCATTTCTACCAGG,0.0670400381432011
GGACATGGCCGCGCACAGGCCGG,0.0913303094284676
CTCGGAGGCTGGCATCACTGAGG,0.0910423792717277
AGCTTCTGTGACTGTTTCCAAGG,0.0891883778924174
TTCGCTCTGCTGAAGTTACTTGG,0.141734860251139
CACCTTAACCATTGCAAACCAGG,0.0909387063326436
TAGTTGAAGTAATGATGGCAAGG,0.0968534576806059
GCAAACTCAATACCTGCCCAAGG,0.124209482531916
GAGAACACTTTACCTGTCCTTGG,0.110019111810913
ACTTGACTGTTGTAAGTGTCAGG,0.139430545729408
TCACTTACCCACTGAGAACAAGG,0.110278231560129
AACCTGATGTCTCTAGTAACTGG,0.106987363723138
CATAAAGCAGTGCAAGGTTGTGG,0.0881872550711008
GATTTCAGTGATGTCTTCAGAGG,0.125253926669847
TTCTCTAGTCCGCATTGGATTGG,0.117119040274863
GAACCTTTGGGAGAGGACCATGG,0.147483685204117
TCATCTCTTGGCAAAATGAGAGG,0.0878549231588751
CTCTTGTCTGGAGATCCTTGTGG,0.0967416840755902
GTTACTTTCTTAGTAGCCACAGG,0.119187431810913
CTTGCAACAATAGCAGGTGAAGG,0.123862176387715
GCTCATGGATTTCCTGGCTCGGG,0.126374175321884
CGTTTCCCTCAGAACAGCATCGG,0.0761151032842669
AAACAGGGGCCCGAAACCCAAGG,0.129709887422198
AGTACAGCAGAATTAATTACAGG,0.133385323785834
CGGTTACCTGCTCGTCGAAGCGG,0.117519588237245
TTGCCTTCCGTTCCAGTTACCGG,0.127520883762111
CTTACACAAAGCAAGAGCTTTGG,0.0850976743187496
AAAGCTCTTGCTGGCCATGGAGG,0.156379605666712
TAGAAGGTGAATTCTGAGCCAGG,0.090488749867339
GGCCAGTTACTAGAGACATCAGG,0.107686784099314
ACGTGGCATGTCTCGGAGGCTGG,0.102421860839126
CAGGTACCTTGCTAAGAATACGG,0.092212299835991
CTCCTTCTTCAGGCTGCAGAGGG,0.103252614632229
TCAAATACGGACCAATGTTAAGG,0.0940097363877152
CAGGAGAGAATGACCTGTCCCGG,0.125083086230975
GGCTGTGCTGCAGCTTGATGAGG,0.139817828111853
TGCTGTTCTGAGGGAAACGCTGG,0.102849381277997
TTCTGAGGAGGAACTGATGATGG,0.0971881033469628
CGGGACAGGTCATTCTCTCCTGG,0.153786398519377
AAGATGAGCTGCCACATCAAGGG,0.159969324600881
TGCTTGCAGTGCCACTCCAGAGG,0.114431823472355
TCCCCCAACACACCAAGATTCGG,0.139290816951979
ATTTCAGTGATGTCTTCAGAGGG,0.122266605917496
ATTGTCTCACCGTATGAAGCAGG,0.129141266105584
GGAGACTATCTAAAGTATGCAGG,0.12144816069001
CATGAGACCACTGTCTACGTTGG,0.109531590431602
GGATCCTCCTCCACTCACATGGG,0.159756358080505
AACTTCGGAATTCTGCCTCTGGG,0.135589522720004
ATAAGATGTTGTTCTAAAGTAGG,0.113492893754486
GTCACAATGATGGGTGATCAAGG,0.132057449553859
TCTGTGAGGAAGCAGATATCCGG,0.105164130494298
GAACTTCGGAATTCTGCCTCTGG,0.108328925729408
GGATATCTGCTTCCTCACAGAGG,0.137988846544455
GGCCAGAATTGCTTCTCTGCTGG,0.0959200252278406
CTTTGTGCAGAGGCGAGTCCTGG,0.133170499710599
TCCATGTGTGGAAGCTCTAAGGG,0.0906040437231384
CAATCCGGAATCCTCTGGAGTGG,0.107855681215301
GAATGACCTGTCCCGGTAACTGG,0.193894336826587
CTCATGGATTTCCTGGCTCGGGG,0.115783298456681
TCTTTATGAATACTTAGCAGAGG,0.137593781528781
AGGAAGTATTTATGGCAATCCGG,0.14769336723411
TTCTTAGTGTTGGCCTGAGAAGG,0.107301833441007
ATGCTGGTTTCCTTCACGACAGG,0.145280211121257
CACTAAAGGAGACTCAGCCATGG,0.153616260149471
GAAATCCATGAGCCTGGACATGG,0.142440666669847
CTCTAACTTTAACTTTGCATTGG,0.135872985290536
TCACTTGATATCAGACACAAAGG,0.14576045569806
CTTGGGATCAATAAAAGCTGAGG,0.149587057641634
GGCAGTATCTTTCCAGCAACAGG,0.156968047798373
AGAGCTCTTGGTTGCAGGGATGG,0.174052317892417
CCCAGCAATACGAATGGCACCGG,0.148478790431602
CAGAACAGCATCGGTGCAGTAGG,0.105875201403389
TATGGCAATCCGGAATCCTCTGG,0.172024494256054
GCCAGACCAGTCCCCGAGCCAGG,0.146365559898687
CTCCCTCTGCAGCCTGAAGAAGG,0.126254996136932
AGAAGCAGCGCCTGGATCTTCGG,0.117867544099314
GGTGGAATGGGTCCAGGCCGTGG,0.125839349804643
CAGAAACAGTATTGGCTGATCGG,0.197282871246649
TATCATGAGCGGCTGCTGACTGG,0.186022351810913
TCCTCTCCCAAAGGTTCTGAAGG,0.163754392061696
GCCACCACCTAGAATCGAAAGGG,0.12063273400527
CTTTAGAACAACATCTTATGTGG,0.143836936826587
AGCACACCCAGCAATACGAATGG,0.144434676387715
GGAAGGGTCACCATGATGAATGG,0.167005279209032
AGTGTTGCCATCTTATCAAAAGG,0.147342269491164
AGTGGTCTCATGCACTCCATAGG,0.157706348738812
TGCCTTCCGTTCCAGTTACCGGG,0.117178445227841
CAGACACAAAGGCTCCTAAAAGG,0.150078167359502
TTGCCCCATGTCCAGGCTCATGG,0.166751283660442
GCCCAACTATAACACATTCATGG,0.117157753378311
TCTCTTCCGAGGCAACAGCTTGG,0.156730955321884
CCAGATCCCACAGACTGATATGG,0.148668866732543
CATGGCCGCGCACAGGCCGGTGG,0.173945657014674
ATAACTGTAACTCCTGGGTCAGG,0.134897279898687
CCAAGTAAGCCATTCTCAAGGGG,0.135240378393985
GAGAAGGTTGCCCCATGTCCAGG,0.172195290055427
AGCCAGGAAATCCATGAGCCTGG,0.16781588384853
TCCATGAATGTGTTATAGTTGGG,0.183562552939439
TCATCTGAAGGAGGTTCCGCTGG,0.167946000024079
CTGCACCGATGCTGTTCTGAGGG,0.134798259647903
AATATGGGGAAGCCTTGGGCAGG,0.140003090180819
GGCTGACTGCCTCTTGAGAATGG,0.157661466544455
GGTTGGCAGTGATACTAAGCTGG,0.110883810118123
TCTCTCTCAGTTGATTATATTGG,0.168266125415928
CCATATCAGTCTGTGGGATCTGG,0.16619299061969
GAAGAATTACTACGTACTCCTGG,0.187153971372041
AATCCATGAGCCTGGACATGGGG,0.161752290870474
CACACTTGCAGAAACAGTATTGG,0.119483159209032
GAACAGTAAGAAGCAGCGCCTGG,0.204573523284267
ATGTGTTATAGTTGGGCAAGAGG,0.151755612688656
GCCTCTCTCCGGAAGGGAAAAGG,0.209007669491163
TATTCCAACGTGCAAGTGGCTGG,0.230200934569533
CTTCAACAATTCCCTTGATGTGG,0.191029718644769
GACTTTGGGAAACACAACACTGG,0.138647731097534
GTACTCCTGGAGCCTCTCTCCGG,0.192142965353232
ACGGCCTGGACCCATTCCACCGG,0.191863286732543
ACGTTGTCGTAAGCAAAGCCAGG,0.203798612751351
GACAATAAAGAGGGTGTTGTTGG,0.202426890494298
ACCAAGCAACTTCTTAGTGTTGG,0.236633584412794
TGCCACCTTGGCTTTAGAAGAGG,0.158513284914361
ATCTTGGCACAATGATAACAGGG,0.212110256136931
CCACACTCTGCACAATTCCATGG,0.208642237328154
GCCAACACTAAGAAGTTGCTTGG,0.154318920149471
CCCCTTTCGATTCTAGGTGGTGG,0.195780821528781
GGATCGGCTGTTGTCCTTAATGG,0.232404213378311
AGGCAGTCAGCCTGCAGATGTGG,0.196846544036618
AGGAAGCAGATATCCGGTGTGGG,0.212596924977057
GGTCTGGCCGACAGTTGGATAGG,0.219966495635364
CTCTGCACAATTCCATGGATTGG,0.127347940964518
ATCAAAACCAGTGCAACAGGTGG,0.142847236387715
CCATGGAATTGTGCAGAGTGTGG,0.171794405266813
GAGGAAGCAGATATCCGGTGTGG,0.182092391999
TCGTCTACTCTGGAACAATCAGG,0.170824033629094
GATCTTGGCACAATGATAACAGG,0.212972878268593
CCTGGAGCCTCTCTCCGGAAGGG,0.248225621842261
TGAACTGGTAAGGTTAAGGCTGG,0.191670966795239
TTACACAACAGGAAAGACTTTGG,0.187571996889283
CACGACAGGTGTGAAGAAAATGG,0.236166201277997
AATTACAGGGCTCGTCCAACTGG,0.247775669992731
CTAGTTTGGTCTGGGCTTGTCGG,0.226120177014674
TCTCCGTATATTCAATGACAAGG,0.180511043221571
CAGAATTGCTTCTCTGCTGGAGG,0.231958126230975
ACCTGTCCCGGTAACTGGAACGG,0.130008634506837
TACACAACAGGAAAGACTTTGGG,0.209902751183953
TGGCCGAATCTTGGTGTGTTGGG,0.256467465353232
CTGCAGCCTGAAGAAGGAGATGG,0.209669896074236
GCAAAAATATGGGGAAGCCTTGG,0.163642659334424
GAGTCCAGAGGAAGTATTTATGG,0.264772231497433
TAAGATGTTTGGTATTGTGGTGG,0.192130042030348
TGAATTGAAACACCTTTGTTTGG,0.162846916513107
TTCATCTTTCAGGACACTAAAGG,0.205489480274862
TTGGCCAGAGCCATCGCTATAGG,0.224041637202762
TCTTCTTACTGATATTTCAATGG,0.216678388864204
TCTAATCTCATTGTGTCCTTTGG,0.200856439898687
GGTGTGTTGGGGGATAGAGTCGG,0.211749968488029
CGCATTGAGCATCCCACTGCAGG,0.245043395509972
AATGTTTCTACAGGAGCATCAGG,0.238010281466085
CCTCTCTCCGGAAGGGAAAAGGG,0.13818825538458
TGTTTGTCCACATTAGGCTTAGG,0.197477518393985
TACCTCAGTGTTTCCTGCAGTGG,0.221015408550724
TTTAGAACAACATCTTATGTGGG,0.234905964726273
CTGAAACTTTACGTAAATGTGGG,0.232481090431602
CCGCGCACAGGCCGGTGGAATGG,0.191999330306211
ATCAATAAAAGCTGAGGTGATGG,0.225625125792104
GGAGTGGCACTGCAAGCAAATGG,0.266014372061696
ATTGTGGTGGGGATTCTTCATGG,0.279775255509972
GACCAGTGTGTATCTGCCACAGG,0.174979937829721
CTAAGCTGGCTCTGCAGTGCAGG,0.305281821403389
CAAAAATATGGGGAAGCCTTGGG,0.237827651748217
TGGAACAATCAGGAGAAAATTGG,0.208008278268593
AGGTAAGATGTTTGGTATTGTGG,0.203941544663577
AATTTGTTAAATCCAATCCATGG,0.240948207861069
GTAATTACCTTATTAAGAAGTGG,0.291280945792104
GAAGGGTCACCATGATGAATGGG,0.266556812061696
ACAATAAGCTCAGCATAGTCTGG,0.205396818143201
AGCAGTAACTCTTTGTCGTTTGG,0.266371620274862
AAATACCAGTCAAATGTCCATGG,0.216931668174549
ATGTGGGTGCTGTTGTGATGAGG,0.295387666230975
AATTCTGTAGAAGTTATTTCTGG,0.299203894506837
TGTGAAATTGGTTTCAAGCAAGG,0.315423119647903
TGCGGGAAATATTGATCTGCAGG,0.315384611434737
TAAATTAAAGGTACAAGTTAAGG,0.223812341842261
CTCCATGAATGTGTTATAGTTGG,0.173619526207252
TAATTCTGCTGTACTGCCTTGGG,0.244253039835991
TCCGTTCCAGTTACCGGGACAGG,0.351244907672982
TGGTTACTCTGTTTGATTCTCGG,0.337706102720004
AAAGGCAAGAAATGGAATCAGGG,0.290486644287402
TCCACACCATCTCCTTCTTCAGG,0.304243675948844
CCAAGAGCTCTTGTTGTCTTTGG,0.340236686042888
ACAGAAGAAGCTGACCATAGAGG,0.291076089491163
ACTGAAACTTTACGTAAATGTGG,0.276992360212167
TCCACTGTTACAGTGGCCAGTGG,0.348585830556994
ATCTCCCAAAATGTTTCTACAGG,0.352237273378311
AAAAATTCTAACGTGAGGTGTGG,0.311609765102449
CTTAAGAAATAACTGTGATTTGG,0.329889662281132
TGGGCTTGTCGGCAAATCGGGGG,0.340225040400254
ACCAGTGCAACAGGTGGCTTGGG,0.317712606105583
AAAGTGCGCAAACAGGTGGCAGG,0.32175269601154
GCAGAGAAGCAATTCTGGCCTGG,0.371538006732543
TCACAACACCCCCCAAAATGAGG,0.346971163221571
ATTTGATTTGTTGCAGGTTTTGG,0.234845978519377
CTGGTTTCTTCATCAATTCCAGG,0.394408014694925
GGATGTGATATTCCTTCTAGTGG,0.344892222782699
AAGATGTTTGGTATTGTGGTGGG,0.314029520212167
GTTGAACTCTCCCCTACCACTGG,0.36208843877016
AGTCTTTCCTTCATAAGTGACGG,0.340922265165145
GTTGAACTTCGAAATATGTTTGG,0.306861841779565
AACAGTCACAGAAGCTTTGTTGG,0.215232071058562
TGAAGTGAATACACAGAGCGTGG,0.328439004099314
AACCAGTGCAACAGGTGGCTTGG,0.349301962281132
TAAAAAACCTACCGTAAACTCGG,0.279217124475489
TACTTTGCAGGTAAGATGTTTGG,0.31702810077643
AAGGTATCCTTCAGAACCTTTGG,0.278416587484894
GAGATATTCCAACGTGCAAGTGG,0.33487297400527
AGCGATTGCTAGGCCCGGTATGG,0.339083680274862
CCTGCTTCTTTACAGGTTATTGG,0.329170223284267
AAATGACATTTATTATGCTTCGG,0.34276092246922
GCTGTACTGCCTTGGGTTTCGGG,0.412441080964518
GTCTCTCTCTCATAGGAGCCAGG,0.327395924977057
GGATTTCCTGGCTCGGGGACTGG,0.370062906544455
AAGGAGATGTGGGAGTCAGGAGG,0.398050660086775
GGCAGATACTGCTGTAGCTTTGG,0.31082543093317
TCCCAAGCCACCTGTTGCACTGG,0.401480696701195
TACTGTAGCTTTATTCAGTAGGG,0.422337185917496
TTCAAGCCCCTTTCGATTCTAGG,0.405835798582072
GTTAGCAGTTATAAATAGCCTGG,0.423142936763891
CACATCCTACCCCGTAAAAAAGG,0.401760350870474
TTACTGTAGCTTTATTCAGTAGG,0.353185102218436
GTCCATGTGTGGAAGCTCTAAGG,0.392515573817182
ACTGCTGTAGCTTTGGCTTCTGG,0.415658304036618
ACTGTTCTTGCAACAATAGCAGG,0.384521455259188
TAGCTTTATTCAGTAGGGAGTGG,0.417568239522511
GGACTGGTCTGGCCGACAGTTGG,0.372637280964518
GTTGCAGGGATGGATTATATTGG,0.36471020754759
TACACCTGTCAGCAAATTTATGG,0.404406943973922
TGGATCCTCCTCCACTCACATGG,0.309123309930035
CAGAGCGTGGCCTACTTAGCAGG,0.417183525290537
CGGCTGCTGACTGGCCTCAAAGG,0.418556544663577
AGGTATCCTTCAGAACCTTTGGG,0.384443479647903
GATTTAACAAATTTGGATCTTGG,0.419135017202762
CACATTGCCGTCACTTATGAAGG,0.466353144977057
GTCAGCAATATGATGTCAACAGG,0.441108663284267
GTCTGGGCTTGTCGGCAAATCGG,0.480592626293671
AGGCAGGTACGTGTCAATCAAGG,0.420526212249784
CGATCCATAAATTTGCTGACAGG,0.403974946732543
AGATGTTTGGTATTGTGGTGGGG,0.396919464475489
TGATGAAAACAACATGAATAAGG,0.388095804977057
TGCAGGAGGGTAAGGAGATGTGG,0.41164442723411
GTCCAGGCTCATGGATTTCCTGG,0.440632517202762
AACCAAAGAAAACTTGTATTTGG,0.44228446723411
TGGATTGGATTTAACAAATTTGG,0.441373383096179
TTAATTCTGCTGTACTGCCTTGG,0.467610006544455
GTCTGAATCAAATGTTCTCTTGG,0.437781775509972
CAACAAGAGCTCTTGGTTGCAGG,0.388738034381446
TTCTGCTACTCTCCTCATTTTGG,0.454260120839126
CTGGGCTTGTCGGCAAATCGGGG,0.35991727030621
AACTTTAACTTTGCATTGGTTGG,0.39292438246922
ACACTGGAAAAATGTCTTGCTGG,0.450410361904956
AAAAGGCAAGAAATGGAATCAGG,0.34067957707737
AGCTGGCTCTGCAGTGCAGGAGG,0.453550067672982
CAAGAGCTCTTGTTGTCTTTGGG,0.439968149992731
ATGCTCCTGTAGAAACATTTTGG,0.459837009616555
GGCAACACTTCTTGCATACCTGG,0.433315425290536
AGAAGCTTTGTTGGAGATCATGG,0.434478108049157
GCAGAAACTGATTATGAAATGGG,0.462990310431602
CTCTGCAGTGCAGGAGGGTAAGG,0.443242857265458
TTTAAAGAATGTTAACAATATGG,0.435532383284267
TGTTGTTCTAAAGTAGGAGTTGG,0.436482603409659
GCAGGAGGGTAAGGAGATGTGGG,0.356108057014674
GGGCTTGTCGGCAAATCGGGGGG,0.427355739898687
TTACTGACCTGGGGAATGCTGGG,0.472596696136931
GTGATCACAATTCGTAATAAAGG,0.471875036951979
ATGCTGGGAAGTTGCAAGTGAGG,0.459416296325019
TCCTGGCTCGGGGACTGGTCTGG,0.434786594067966
TTCTTTATTTATAGGCATTTTGG,0.469432964224706
CGTGCATTTCTGTAGGTATATGG,0.406917426732543
GCACTTGGCTTGCGGATCCGTGG,0.480940563973922
GCTGGCTCTGCAGTGCAGGAGGG,0.419504536513107
TTTCAGCTTCCAATAAAAACAGG,0.429047768738812
TTGATTGACACGTACCTGCCTGG,0.456078745039753
TGAAGAAAATGGCAGATTTCTGG,0.470043693566399
GGCTGATCGGTTTGAGAGATTGG,0.497613829114988
ATTAAGAAGTGGCTGTAATTTGG,0.444036075447276
TCACAACAACCAACACTTTAAGG,0.480362786669847
TTGCTTCTGCACTTGGCTTGCGG,0.459867033879878
AAAATTAAAACGACTCCTGAAGG,0.464571953315615
TCATGGAATTAGAAAGGTTAAGG,0.436075918456681
GATATATCCTGGATTATTTCTGG,0.457123054193358
GGACATGGGGCAACCTTCTCAGG,0.478456821967652
GAACCCTTACGTTCACTGACTGG,0.491552302594612
GGCTCCTAAAAGGCAAGAAATGG,0.489347321152605
CTAACTGCGCAACCTTCTTTAGG,0.481587002720003
GGTAAGGAGATGTGGGAGTCAGG,0.441449093754486
TTTCTTCATCAATTCCAGGCAGG,0.494603148111853
GCCAAACAGCAAGTAAAATTTGG,0.475810131434737
ACCACTGGCCACTGTAACAGTGG,0.463200478895552
CCTTACCAGTTCAAAGTTTGAGG,0.472027608488029
TCTGGGCTTGTCGGCAAATCGGG,0.50313683908364
ACCGGTGCCATTCGTATTGCTGG,0.492002741215301
AATAATGACATTCTGTTTCAAGG,0.505437943660442
CGAAAAGCTCTTGCTGGCCATGG,0.48062021877016
GGCTTCTGGAAATGTGAAATTGG,0.463216131622825
GCACTTGAGAGTTGCTTAAAAGG,0.486572470995866
GGTCAGCCGCTTCGACGAGCAGG,0.503190351936304
CCTCAAACTTTGAACTGGTAAGG,0.490324438017809
CCAGACAAGAGCTACATTTATGG,0.515540213441007
CTTCACTGCAGTCATTCAAAAGG,0.522695172187088
GTGAGGTCATGGAATTAGAAAGG,0.52880504077643
ATTACAGCCACTTCTTAATAAGG,0.507032302343828
AATGGCTTGTGGCGGTTTGCAGG,0.506089453503703
AACAGTGGACGAACTCGCCACGG,0.497046647986461
GCAACTTCCCAGCATTCCCCAGG,0.466104331685521
AGCAGAAACTGATTATGAAATGG,0.48231307061969
AGTCAGGAGGGATTCTTCACTGG,0.482880843033483
GATACATTTATTTACTTTGCAGG,0.504421139835991
TTTCTTCACACCTGTCGTGAAGG,0.523462649930035
GTGCAGAAGCAAAGAAGCGCTGG,0.507856681215301
CGCTTCTTTGCTTCTGCACTTGG,0.496625328864204
ACGTTCTCCTTGTCGATTCCTGG,0.522266106544455
TTCATCAAAACCAGTGCAACAGG,0.438651209303076
TTTACTGACCTGGGGAATGCTGG,0.506882198832856
AGGAGATGTGGGAGTCAGGAGGG,0.513181406544455
ACGTTCACTGACTGGACCCATGG,0.417570715823452
TGTTACAGTGGCCAGTGGTAGGG,0.522348977516242
GGAATTAGAAAGGTTAAGGTTGG,0.496180155447276
TGCTGTACTGCCTTGGGTTTCGG,0.482980407108718
TTAAAAAATTCAGGCTCTGCTGG,0.524393239209032
TCATATGGCTTTGCATAATATGG,0.528696137265458
CTGTTACAGTGGCCAGTGGTAGG,0.538738256450411
GTTACAGTGGCCAGTGGTAGGGG,0.549298002657307
GGAAGTTGCAAGTGAGGTCATGG,0.590266640651038
GAGTTCGTCCACTGTTACAGTGG,0.53353065739085
GGAAAAGAGCAAGCATCTGCAGG,0.260912007123967
CTGGCTCAAAATGGACAAGAAGG,0.320495374333998
ATCCCCGCTTGTGAACACTGGGG,0.318308549882587
GGAGGAGGCTGAACGCACGAGGG,0.303690843612995
TGTTTCGGATTTCATTCCACGGG,0.299972731951553
CACCGGGTACGTGGGCTTGGTGG,0.328418602547164
GGAGCACAGAAGCCTCAGGAGGG,0.291617967939014
TGAGCCTACCTTGGCCTGGACGG,0.254138303111428
TGGACTGCAGTACACAATCAAGG,0.27959519138729
ACTGGATCATGATGTTTCAAAGG,0.282941131261898
CACAGCGATTCGCACGGAGGAGG,0.264393460728983
TCTTTGAGCCTACCTTGGCCTGG,0.245477750697634
GGAATATCTGAAGATAGCTCAGG,0.285962592014249
GACCCCAGTGTTCACAAGCGGGG,0.215251109757196
AGATTCTCCAGCTATGTATCGGG,0.246126260540895
AAGGGCACAGAGCTGCTGCTTGG,0.296073724428042
CCTGCAGGAAGCACGCGAGGCGG,0.238693176779139
AGCAGATGAAAGCCCAGGCCAGG,0.261873219098888
GATTTGGTGTGCCGGACTCTGGG,0.24921931953776
GGTCATAAATGTGAAGCCCCAGG,0.239813388503277
TCAGATGACTCCGGAAATGTGGG,0.274614335462525
CCCCCAAGATCTCCTTCCCGTGG,0.203831423362211
TCCACGGGAAGGAGATCTTGGGG,0.239962887437446
CTGCTTGGAGTGGATGCCCTGGG,0.210925680102023
CACCGTGAGGATCGTCACCATGG,0.220332234208606
TGCCGGCAGAGTGGAATACATGG,0.213153266873183
GTTTGTTATTGCAGATGAAGTGG,0.172297789945283
AAAGATCTACTGCCCTCCTGAGG,0.247693345807352
ATGATCTATTTATGAGGAGAAGG,0.199426770321459
CCCAGGCTCACCGGGTACGTGGG,0.181714560979766
TCACCAATGAGGTTGAAGCTTGG,0.217960860164719
CCACGGGAAGGAGATCTTGGGGG,0.239675805368481
AGTTCACACCGTACATCTCCAGG,0.183285543926475
ATGTTTCGGATTTCATTCCACGG,0.213983743801083
GGACCTGCAGGAAGCACGCGAGG,0.17657913245312
ATCCTCACGGTGAACGTCTTGGG,0.22030256768823
ACCTCTTTGATTTGGTGTGCCGG,0.168081327876318
TATCTTTGAAGTCGAAAGACAGG,0.197920290321459
GATCCTCACGGTGAACGTCTTGG,0.252760203863779
AACCCAAGACGTTCACCGTGAGG,0.221436667813622
CTCTGGGGCTCCGAGAAACCTGG,0.188980584866914
CATCTCGTACAGTGACAAGGAGG,0.203912408565973
CAGATTCTCCAGCTATGTATCGG,0.192996321167854
ATTTGGTGTGCCGGACTCTGGGG,0.216413652390425
GCTCAGGACCTGGAGATGTACGG,0.144268199373396
GTCCATGGTGACGATCCTCACGG,0.198737584741522
ATCAGATGACTCCGGAAATGTGG,0.187625445305785
GCCAGGAGCACAGAAGCCTCAGG,0.20425220906754
AACAATGGCCAACGAAGCACTGG,0.209254209130236
GTACACAATCAAGGACACAGTGG,0.246137189443716
TCCGGCACACCAAATCAAAGAGG,0.207415792139641
CCTGATGGAGCAGAAGGTGCTGG,0.166102679976631
GAAGCGCCTGATGGAGCAGAAGG,0.203209113456255
TTTCTCGGAGCCCCAGAGTCCGG,0.195555096089484
CTTTCCTTGCAGGGCCAAAGAGG,0.184017494898262
TGGGGGTCAGTCTGTTCTCAGGG,0.209429338910801
GCCAAGAAGTGAAAGGTGACTGG,0.181001970321459
TCTGAAGATAGCTCAGGACCTGG,0.133787321293246
TCTGGCCCAGAAGGCCGCAGAGG,0.118713133769735
TACGCCGTCCAGGCCAAGGTAGG,0.214955605055001
CGTCACCATGGACGCCGAGATGG,0.157499609506412
GCTTGGTACGCAGAGCACCGAGG,0.178971466998575
TGCCTCCTCCTCGGTGATCTGGG,0.206614171826161
TGAATGGGCCTCACCTGGCTCGG,0.163859204490738
TGAGAGAGCTGAAGCTCATGCGG,0.11220196091707
TGTCACTGTACGAGATGTTTCGG,0.140178042359077
CTCGCAATTGAACTCCATCTCGG,0.158685745431177
TTCTCCTCATAAATAGATCATGG,0.159507295901396
AAAGGCCCAGATCACCGAGGAGG,0.128693346120832
AAATCCCCGCTTGTGAACACTGG,0.114201987625534
TCGAGAGAAGCAGATGAGGGAGG,0.100375204428042
ATTCCACGGGAAGGAGATCTTGG,0.113870769819892
TGTGAACTACTTTGCAATCCGGG,0.131716684490738
TTATCCTGAGAATGCTGAAGAGG,0.179219670070675
GGAACCATGATCTATTTATGAGG,0.194385194960957
TGAGGAGACAGCTGACCTGTTGG,0.087198864553434
TGAAAAGGCCCAGATCACCGAGG,0.132001926246224
TCGTACAGTGACAAGGAGGTAGG,0.11059117815845
CCCCAGGCTCACCGGGTACGTGG,0.135973939725848
CATGGTTCCCGATACATAGCTGG,0.111379539036193
TGCTGAAGAGGAGCTGGTTCAGG,0.119506365807352
AGTTCAGCAGATGAAAGCCCAGG,0.111249484490738
TTATTGCAGATGAAGTGGAAAGG,0.113314535587917
CGACCCCAGTGTTCACAAGCGGG,0.155175928252494
AAATTTGGCCAAGAAGTGAAAGG,0.134047038095754
ACGACCCCAGTGTTCACAAGCGG,0.227265679663152
CCTGGCTTCTTACGCCGTCCAGG,0.111993561293246
CCTGGACGGCGTAAGAAGCCAGG,0.154687868315189
CACAGAGCTGCTGCTTGGAGTGG,0.148461021418638
AGCCTTCTCCTCCCTGGCCTGGG,0.159924553895127
AAGACAGGCTGTCACCAATGAGG,0.0970704438248066
TTCTTACGCCGTCCAGGCCAAGG,0.108110762006625
AGAAATCACCAGTGCTTCGTTGG,0.100826794796593
CATTTCCTGCTCAGCCTCTGCGG,0.111761346771515
AGCTCCTCTTCAGCATTCTCAGG,0.0540345699300349
TCGGATTTCATTCCACGGGAAGG,0.125266965392205
GCAGGAAATGCAGCGCATCAAGG,0.140082680188443
GTCATAAATGTGAAGCCCCAGGG,0.121948835799728
GGAGGAGAAGGCTAGAAAGCAGG,0.0837307146712016
GAGAGAGCTGAAGCTCATGCGGG,0.101110592100669
TGAACGCACGAGGGATGAGTTGG,0.126080162132017
TGCTTGGAGTGGATGCCCTGGGG,0.101305575486249
TATTGCAGATGAAGTGGAAAGGG,0.0517133645381854
TTGAAGCTTGGTATGTCAGGAGG,0.110160452476844
TCATCTGCTTCTCTCGAGCGAGG,0.115960283135151
CTGTCTCCTCAGACCGCATCTGG,0.0691775954472763
TTGGGGGTCAGTCTGTTCTCAGG,0.0868024290912642
CGAGGAGGAGGCAAAACTTCTGG,0.0856193383312888
GATGAAAGCCCAGGCCAGGGAGG,0.122580716802863
AGATGGCTGAGGAGTCAGAGAGG,0.0949396225081921
GGGAGGAGGCTGAACGCACGAGG,0.100367898244869
CTGCTGAACTTCCAAAGAATCGG,0.0779508752981608
AATCCCCGCTTGTGAACACTGGG,0.125105162633584
GCAGATGAAAGCCCAGGCCAGGG,0.111876870345183
TCAGCTGAAGCAGGACCTGCAGG,0.0611584296792512
TTGGATCCACAGAATAAAAAGGG,0.0969077763012956
CAAGGCCACAGCGATTCGCACGG,0.0813404936290945
GATGACTCCGGAAATGTGGGAGG,0.149143528715089
TGAGCTTCAGCTCTCTCAAGAGG,0.0999340497182235
GCACGAGGGATGAGTTGGAGAGG,0.0895165344831138
GGAGGAGGAGAAGCGCCTGATGG,0.0675235383312889
AAACATCTCGTACAGTGACAAGG,0.133204056175904
GAAGCTCATGCGGGAAGCGATGG,0.0751601893657716
AATCTCCAGGAGCTTCTGCTTGG,0.119122387022299
GGGAGGAGAGAATTACTGCTTGG,0.121280304012894
AAATCTGTATCAGATGACTCCGG,0.0768219829080914
CGAGGGATGAGTTGGAGAGGAGG,0.0913685361996274
GCAGATGAAGTGGAAAGGGAAGG,0.103965238370261
TGACATGAAGCGGCTTTCCATGG,0.122363015110073
CCGCCTCGCGTGCTTCCTGCAGG,0.121011083197847
TGCCCTCCAGATGCGGTCTGAGG,0.108664621842261
GATGAAAGAAGAAGCAACAATGG,0.0946414282762172
CAATCAAGGACACAGTGGCCTGG,0.106460646332644
TGATTTGGTGTGCCGGACTCTGG,0.0967874003375585
TTCCACGGGAAGGAGATCTTGGG,0.13340479561164
CTTTCTAGCCTTCTCCTCCCTGG,0.114441485454901
GGAGGCAACGGTGCTGGAATTGG,0.119555998519377
TGGGGTCGTAGTCACCATACTGG,0.0976342628843677
GTACTGCAGTCCAAAGAACCAGG,0.117387919686876
GGCCCAGATCACCGAGGAGGAGG,0.0995594446008813
CGCTCGAGAGAAGCAGATGAGGG,0.107381427147691
AAGAGCCAAGCAGAAGCTCCTGG,0.0886738341306619
AGAGGCAGATCAGCTGAAGCAGG,0.0810764993344237
GCTGGCACTGAAGATGGCTGAGG,0.0839630772027622
CCAGTTTACTATTAAACCACTGG,0.0829488913720412
TGAGAATGCTGAAGAGGAGCTGG,0.128975486520731
TGAACTCAAGACAGAAATCGAGG,0.105093095572668
ATGTCAGGAGGCAACGGTGCTGG,0.105891747046022
CGAGGTGCTGGCACTGAAGATGG,0.117961440713734
AGGTTGAAGCTTGGTATGTCAGG,0.115774439937659
CTCCTCCGTGCGAATCGCTGTGG,0.119620004263678
AAAGCTTCGTGTTAATAAGCTGG,0.129733313229195
CTTGGTATGTCAGGAGGCAACGG,0.140157509052292
GCTGCTTGGAGTGGATGCCCTGG,0.160478724514462
AGGAGCACAGAAGCCTCAGGAGG,0.125429854295026
ATACCAAGCTTCAACCTCATTGG,0.145260159020944
GTGTGAACTACTTTGCAATCCGG,0.123251472414148
GGCCACAGCGATTCGCACGGAGG,0.166915583887502
ATTGGATCCACAGAATAAAAAGG,0.176176433879878
AGCCCAGGCCAGGGAGGAGAAGG,0.115164556701195
CTTATTAACACGAAGCTTTGAGG,0.196890337516242
GAAAGAGAGGGAGACAGCTCTGG,0.271085184977057
GCAGAAGGTGCTGGAAGCCGAGG,0.180447525290536
CATCTTCAGTGCCAGCACCTCGG,0.167816211622825
TCGCTCGAGAGAAGCAGATGAGG,0.198797741528781
AGAGGAATTGCTTCCAAAAAGGG,0.215575381027214
GGAAGCGATGGCCCCGGCCATGG,0.21715104077643
CTCTGCAATTCTGCAGGTACTGG,0.298633758205897
GGTGCTGGAAGCCGAGGTGCTGG,0.209329415823452
TTCACCCCTCGCAGATGGAGCGG,0.184398733127527
CTCAAAATGGACAAGAAGGTTGG,0.179992658519377
CCAGCACCTTCTGCTCCATCAGG,0.189535781591477
AGGGAAGGACCTCTTTGATTTGG,0.260985491372041
GCAGAGCGCCAAGTCCCGAGTGG,0.324047735321884
CTGAGCCCCGCGCCATGGCCGGG,0.303857921089909
CACAGTGGCCTGGCTCAAAATGG,0.258658023535051
CCTGAGCCCCGCGCCATGGCCGG,0.347484490807778
CCAGTGGTTTAATAGTAAACTGG,0.284346588362637
GGCAAAACTTCTGGCCCAGAAGG,0.270859938268593
TCAAAGATACTGACATGAAGCGG,0.350604639459815
CAGAGCACCGAGGCCGAGCCAGG,0.282807409616555
AAGAGGAATTGCTTCCAAAAAGG,0.257824244977057
AAAGAAGGCCACTCGGGACTTGG,0.348371824851665
TTGCCTCCTCCTCGGTGATCTGG,0.392351241779565
CATGCGGGAAGCGATGGCCCCGG,0.344112307046022
GCTCTTCAAAGAAGGCCACTCGG,0.437602321277997
TAGCCTTCTCCTCCCTGGCCTGG,0.367642740149471
TGAGCCCCGCGCCATGGCCGGGG,0.360082432500568
TCGGGACTTGGCGCTCTGCAAGG,0.422903826042888
TGGCTGAGGAGTCAGAGAGGAGG,0.390286407171414
GCACAATGAGAACTCCGACAGGG,0.441262880651038
GAGAAGGAAAGCCGATTCTTTGG,0.456579206481759
AATGAGAACTCCGACAGGGGTGG,0.430451144287402
CTCCCTCTCTTTCAGTTTCAAGG,0.455042223597747
ATTCTCTCCTCCCACATTTCCGG,0.329476893503703
CTCTTCAAAGAAGGCCACTCGGG,0.387835033879878
GGCCTCACCTGGCTCGGCCTCGG,0.464533691246649
CTTGCTGCTGCCACCCCTGTCGG,0.441996428049157
CTCCGAGAAACCTGGTTCTTTGG,0.448946255447276
CAAGCACAATACCATTAAAAAGG,0.465101174883013
AGCTGACCTGTTGGCTGAAAAGG,0.46900563877016
GCTCACCGGGTACGTGGGCTTGG,0.506781345917496
AGAGAAGCAGATGAGGGAGGAGG,0.444862223535051
CTGCTAGAGCTCTTCAAAGAAGG,0.406951241654173
TCCTGAGGCTTCTGTGCTCCTGG,0.408460382657308
GAAGGCCGCAGAGGCTGAGCAGG,0.482339647735678
ACCAGTCACCTTTCACTTCTTGG,0.483466086042888
CTTCTTTGAAGAGCTCTAGCAGG,0.499147274694925
CTTCAGCTGATCTGCCTCTTTGG,0.498518413064831
GCTCAGCCTCTGCGGCCTTCTGG,0.497668926669847
AGCATTCTCAGGATAAAATTTGG,0.508623316701195
CTCAGCCTCTGCGGCCTTCTGGG,0.53455582108991
TGCACAATGAGAACTCCGACAGG,0.547615470180819
CACAATGAGAACTCCGACAGGGG,0.542157517328154
GGCCAAGAAGAACTTAAGCGAGG,0.215426792978412
TAGTGACTGCTTATGAGCATGGG,0.216175394984681
AACGCGTGAGAATGGCCAGGAGG,0.224661996363991
AGCTGTTGTCTATGCTGTGGAGG,0.161683725078725
GAACTTAAGCGAGGCCCTGGGGG,0.182743444451766
AAGAACTTAAGCGAGGCCCTGGG,0.287093474984681
AGAACTTAAGCGAGGCCCTGGGG,0.262922728527001
AATCTGACAACGCGTGAGAATGG,0.25400026746117
ACTGGGCTAACCTAAAGCTGTGG,0.206468304451766
TTCAGCTGTTGTCTATGCTGTGG,0.21458554746117
GGCGACCTTTGTGAGCGAGCTGG,0.255537711473709
GATGACTTCCCTGTGCACCTGGG,0.231746325517596
TTCTCACAATGATTTCCTCCTGG,0.263229460313835
ATAGTGACTGCTTATGAGCATGG,0.268031461881233
GAGTGGGAAGCATCATTGTGTGG,0.274214838558349
CAAGCAGAAGATCAGCAAAGAGG,0.237132772288756
CTGTTTCACGTTGTCCCCCAGGG,0.187715766019164
AACAGCTGAAACAGCCTCCTCGG,0.266875994859289
GAAGAACTTAAGCGAGGCCCTGG,0.246703716175904
AGAGCATAGACAGTATGTGTAGG,0.234932365329509
ACTGTTTCACGTTGTCCCCCAGG,0.245647781442361
GTTGTCTATGCTGTGGAGGTTGG,0.206289513793459
GACAACGCGTGAGAATGGCCAGG,0.22261915592512
TCTGCTTGAACCACAGCTTTAGG,0.254336989969007
AGCTCATAGACTTCTCACACAGG,0.229378724263678
ATTCTTCAGGTATGGCTGCGGGG,0.145029213605371
CAGGGAGCAGTAAAAGCTGGAGG,0.23511238131697
CGCCTCCAGCTCGCTCACAAAGG,0.258018720125747
AGATCGTACATGTTCACCGGAGG,0.178143014106938
AAAAGATCGTACATGTTCACCGG,0.148060324138286
AGACTTCTCACACAGGATAATGG,0.2266051823828
GCTGGATTCTGACCAGCACAGGG,0.200290845580292
GAGCATAGACAGTATGTGTAGGG,0.160638096552079
GACCTTTGTGAGCGAGCTGGAGG,0.243211727523866
GCACTCCTGCTGGCATGCTCCGG,0.21864566269628
AGGGAGCAGTAAAAGCTGGAGGG,0.245839511285622
ACTACACTATTCTTCAGGTATGG,0.199966959059916
AGCAAAACCTGGAAAACCCAAGG,0.141810517429822
GGATCTTTGCCTTGGCCAGGGGG,0.263788276740167
TGTCTCCGGAGCATGCCAGCAGG,0.26300538576838
CTATTCTTCAGGTATGGCTGCGG,0.199512481818537
CAGCCTCAAAATCCTCTCTCAGG,0.103857167398474
CTATCATTCTCCCTTCAAGCTGG,0.141566049592832
TTCACCGGAGGCAAAGATGCAGG,0.225953191599101
CTTTGTGAGCGAGCTGGAGGCGG,0.271106711348318
GCAGCAGGCTGCACTCCTGCTGG,0.195470065893772
AATTGCTGGGCTCCTGAGAGAGG,0.170058007900042
AGTGGGAAGCATCATTGTGTGGG,0.20426205962418
CTTACAACAACTTAATAGAAAGG,0.259943427022299
ACAATGATGCTTCCCACTCGAGG,0.2086921562386
GCAAAACCTGGAAAACCCAAGGG,0.230717170118123
GCTCAGCATCATCAGGGGGTGGG,0.263683705353232
CCTTCAAGCTGGCCTCGAGTGGG,0.252420695886148
CTGCTGCTCAGCATCATCAGGGG,0.183912345666712
TCTACCTGCATCTTTGCCTCCGG,0.197512868738812
TATTCTTCAGGTATGGCTGCGGG,0.254816371372041
GGGGGTTCCGCAGCAAAACCTGG,0.266353299773295
TGGATCTTTGCCTTGGCCAGGGG,0.288645690180819
CCCTTCAAGCTGGCCTCGAGTGG,0.309932209303076
GCAAAGATCCAGCACCATCTAGG,0.273344965980192
TGCTCAGCATCATCAGGGGGTGG,0.295390484099314
CCTGCTGCTCAGCATCATCAGGG,0.288545924412794
TCTATGCTCTTAACATTGAAAGG,0.338210014381446
CAGCGCTTGGCAGCCAAGGAGGG,0.138508981716869
GTTCGTCAGAAATTTGATGTAGG,0.323261769303076
GCTGCGGAACCCCCTGGCCAAGG,0.322974571748217
TGCTGCTCAGCATCATCAGGGGG,0.269132263911226
GTTTCTGCCTCTGCAGATACTGG,0.311458199020944
ATGGTGCTGGATCTTTGCCTTGG,0.314687423096179
GGCCTCGCTTAAGTTCTTCTTGG,0.316665161591477
CTCAGGAGCCCAGCAATTTGTGG,0.382307658832856
AGCTGGATTCTGACCAGCACAGG,0.349900814193358
TGAGAAGTCTATGAGCTTCAAGG,0.382065546293671
GGATGACTTCCCTGTGCACCTGG,0.417474594569533
TTCTGTCTCCTAGATGGTGCTGG,0.334630198017809
CCCTGATGATGCTGAGCAGCAGG,0.407867042531916
AGCCCAGCAATTTGTGGCAAAGG,0.438221481779565
AAAGGATCATCACGAAACTCTGG,0.434819511810913
GCTGGATCTTTGCCTTGGCCAGG,0.44847650108991
GGAGGAAATCATTGTGAGAATGG,0.458121835447276
TTTCAAGTCGTCATCATCTTGGG,0.454348288864204
AGATGCAGGTAGAGTGTCTCCGG,0.438154273315615
TCTCACGCGTTGTCAGATTTTGG,0.421583497265458
AAGCTACTACACTATTCTTCAGG,0.436170694193358
CCTTGGCTGCCAAGCGCTGGCGG,0.446847148425333
TCAGGGGGTGGGTGAGAAGCTGG,0.428736644977057
TGCTGCAGCTCTTCATGATTTGG,0.37654882924038
TGACGTCAGTTGTGTCAAGAAGG,0.447822627359502
GTTTCAAGTCGTCATCATCTTGG,0.411262144475489
CCACTCGAGGCCAGCTTGAAGGG,0.480475153002135
GCCTGCTGCTCAGCATCATCAGG,0.484357446983326
AGCGCTTGGCAGCCAAGGAGGGG,0.435383119020944
TTTCTGCCTCTGCAGATACTGGG,0.490567971121257
ATCCTTTGCCACAAATTGCTGGG,0.478330385165145
CGGGGTCACGTTACTGCCAAAGG,0.467677473315615
CAAAGTTCACCGCCAGCGCTTGG,0.507156042845396
TTCAAGTCGTCATCATCTTGGGG,0.460214288989596
CCCACTCGAGGCCAGCTTGAAGG,0.481067313064831
CTGACGTCAGTATATCTTTAAGG,0.538209497767025
CCTCCTTGGCTGCCAAGCGCTGG,0.523698128613421
GATCCTTTGCCACAAATTGCTGG,0.551073884977057
CCGCCAGCGCTTGGCAGCCAAGG,0.525176972814047
CCAGCGCTTGGCAGCCAAGGAGG,0.53210508384853
TCCGAAGCCGAACTGCTCGATGG,0.219838861355942
GCCACAGAGATGTCCAGCGGGGG,0.221647392414148
GCAGTTCGGCTTCGGAAACTGGG,0.180166183197847
TGCTTCCCGGACTCCCCAAGAGG,0.211863848965872
GGCAGCGGGGTGGTGAGGCTGGG,0.206836120878098
CCCACGTGGACATGTACGTGCGG,0.2222522362386
ACAGACCACACCTGTCCCAGCGG,0.177049275047377
TCGGTGCAGCGGAAGCGCAGCGG,0.259317816990951
AGCCACAGAGATGTCCAGCGGGG,0.21359506069001
ACGTGAGCATGTACATCCACGGG,0.235826187210386
CTGGACGCCATCGAGCAGTTCGG,0.181012234271302
GAGCCCGCTGATGAGCGTCTCGG,0.210431470282487
GCAGCGGGCTCACCTCGGCCAGG,0.175799340313835
AGATCCAGCCGCTTTCTGTGAGG,0.196294060439227
CTTCACGCTCTGGGGGCCCGAGG,0.154750132727628
GCAGTTCTCGGATCTTGGCCCGG,0.170238200627314
CATGACATGAACTGGTACAGCGG,0.185724783385935
TGTCCTGGCACTCGGTGCAGCGG,0.242083771285622
GCGGCGGTGGTGGCCGATCTCGG,0.219201444012894
TGGCACCAGATTGTAGTCACGGG,0.229361946520731
TAATGCTCCATCACCTCTTGGGG,0.206535521505057
TTCACAGTCACGTAGCGGGCTGG,0.25163404714769
GTGGCTGAGCAGCAGCAGCTGGG,0.146966902570888
CCGCACGTACATGTCCACGTGGG,0.245737414483114
TGTACATCCACGGGAACCTGGGG,0.204282707711954
GACAGGTGTGGTCTGTCACGCGG,0.1524053593107
TTTGTCATCGTAGGAAGATATGG,0.249986886896907
CCAAGATCCGAGAACTGCAGCGG,0.21712160884048
TACGTGAGCATGTACATCCACGG,0.224024751787189
AGCTGAAAGAGAGACAGCGGCGG,0.211333319248004
CAGCCACAGAGATGTCCAGCGGG,0.257396514169634
AGTCCGGGAAGCACCAACGTGGG,0.252026804577158
CTGCGTGTACTGCCTGGCCGAGG,0.219810032163365
TCCGCACGTACATGTCCACGTGG,0.22712409116023
GGAAGCTGAAAGAGAGACAGCGG,0.141792268816757
GCTACCAGCTGGTGGACGGCGGG,0.205098078495653
AGTCTTCACAGTCACGTAGCGGG,0.233681397179038
GAAGCGCAGCGGGCTCACCTCGG,0.247437820564618
GGCGGGCGCTTCACGCTCTGGGG,0.243605410219791
GGGCGGCTGGACCAGTCGCGAGG,0.185296251661797
GGATTCCTTGCCGCTTCTGGAGG,0.156348361693145
TCGCGAGGAGCAGCTGCTGCTGG,0.23630765561164
GAGTCCGGGAAGCACCAACGTGG,0.226468850972142
GAAGATATGGCTGCCCACGTTGG,0.17345619454581
CCGCTACCACGGCTACCAGCTGG,0.159176889718223
GGTGTGGTCTGTCACGCGGTTGG,0.212270416050512
ATCTCGTAATCATCCCGCAGCGG,0.22666582100349
CAGCAGCTGCTCCTCGCGACTGG,0.251436217367126
TCAGCCACAGAGATGTCCAGCGG,0.156343878307565
CACGGCTACCAGCTGGTGGACGG,0.255594356552079
GCTGAAGCGCAAGATCACCAAGG,0.242115591473709
CGGCAGAGTACGAGGCAGCGCGG,0.258485051787189
GCGGGCGCTTCACGCTCTGGGGG,0.20674070746117
GCGACTGGTCCAGCCGCCCTCGG,0.214928551285622
GGTGCCAGCCTTCCTGGGGAAGG,0.19241203253954
GTCCAGCCGCCCTCGGCCTCGGG,0.190031374483114
GATGTCCAGCGGGGGCAGCGGGG,0.187296233103803
GGCCTCCGCTGGGACAGGTGTGG,0.227734164765245
CATCGCCCGTGACTACAATCTGG,0.184209984263678
CGGTGCAGCGGAAGCGCAGCGGG,0.209869416614775
GCCCCCGCTGGACATCTCTGTGG,0.211754113605371
ATCTGGTGCCAGCCTTCCTGGGG,0.216552728652393
CGGGGGAAGATGGCGGAGCTGGG,0.171556842508192
TAGTCTTCACAGTCACGTAGCGG,0.208364186019164
CGAGCTGAAGCGCGCCCACGTGG,0.238897080439227
GTGGTGGCCGATCTCGGCGCCGG,0.216296467837346
GGTAGCCGTGGTAGCGGCGGTGG,0.248077565831076
GGCTACCAGCTGGTGGACGGCGG,0.224891776928255
CATCCACGGGAACCTGGGGAAGG,0.179034787147691
CAGCTCGATGTCCTGGCACTCGG,0.255895735674336
ACGGCGGGCGCTTCACGCTCTGG,0.171451742884368
GACCACACCTGTCCCAGCGGAGG,0.223562654984681
GATGCCGAGACGCTCATCAGCGG,0.120449153832431
TCTTGGTGATCCCGTTTCGCCGG,0.225253458307565
CATGTACATCCACGGGAACCTGG,0.222176536614775
CTGGCACCAGATTGTAGTCACGG,0.218231159248004
GCGAAACGGGATCACCAAGATGG,0.243037776677471
AGGCCTTCCCCAGGTTCCCGTGG,0.225421523950198
GGCCCGAGGCCGAGGGCGGCTGG,0.203477788025433
TCCAAACGGGGAAAGGAGGACGG,0.157943312163365
CCATCACCTCTTGGGGAGTCCGG,0.226000821254274
CGGGGCACAGCTCGATGTCCTGG,0.185552383824806
TGGGGGCCCGAGGCCGAGGGCGG,0.201284801128882
CCGGACTCCCCAAGAGGTGATGG,0.24012121053327
ACAGGAGCTCGAAGCCTGGAAGG,0.232461309780919
GCTCCTGTCAGATCGCGAGAAGG,0.206591633354587
TTAAAGACCACCTCCAGAAGCGG,0.20301965253954
AACCTAGCCGGCTCCAAACGGGG,0.262195109655528
GAAGCCTGGAAGGTTCTCAATGG,0.228160878934524
GCATAAACGGGAGAAGAGGAAGG,0.10832797753149
CTTCTTGTCCTTCCCCAGGAAGG,0.219075931849885
GGGGGAAGATGGCGGAGCTGGGG,0.202646168903176
GAAGTACTGCGTGTACTGCCTGG,0.250573819686876
GCGGGGGAAGATGGCGGAGCTGG,0.227794272476844
ATGTACATCCACGGGAACCTGGG,0.22383128746117
GGTGAGAGGGGGCCTCCGCTGGG,0.182314961881233
CTCTGGGGGCCCGAGGCCGAGGG,0.196560066269948
TCTCCTTCTTGTCCTTCCCCAGG,0.097074502045597
CGGCTCCAAACGGGGAAAGGAGG,0.206511311661797
GCTGGTAGCCGTGGTAGCGGCGG,0.212995293041108
CGCCGGCCGAGAAGCACTCGGGG,0.217403025454901
TGCCCCGAGTGCTTCTCGGCCGG,0.217527882633584
CGTCCACCAGCTGGTAGCCGTGG,0.146974553354587
GCCTGGAAGGTTCTCAATGGCGG,0.202474079937659
CTACCACGGCTACCAGCTGGTGG,0.212093823574023
GACCACCTCCAGAAGCGGCAAGG,0.224588290157095
GGCGCCGGCCGAGAAGCACTCGG,0.220588836614775
CGCGGCATAAACGGGAGAAGAGG,0.167808041066186
TGTCCAGGTAGCTAGGAAGGCGG,0.184657978432957
AGCGCCCGCCGTCCACCAGCTGG,0.209269370972142
GCGCCGGCCGAGAAGCACTCGGG,0.213569974295026
TGTGGTCTGTCACGCGGTTGGGG,0.213928429843615
CATCACCTCTTGGGGAGTCCGGG,0.170373880376531
TTCCCCGTTTGGAGCCGGCTAGG,0.26614303053327
AGCTGGGCTACATGCCGCTGCGG,0.197877988025433
GATCACCAAGATGGAAGAGTCGG,0.213259409592832
AGGAGCTGCGCCTGAAGCTGAGG,0.185362018056781
GGAAGAGTCGGCAGAGTACGAGG,0.172871056113208
GTGGTGAGGCTGGGTGAGAGGGG,0.154774910282487
TTGTCCTTCCCCAGGAAGGCTGG,0.204388844765245
CGGCGAGCGGGGGAAGATGGCGG,0.231320710094399
CTTTGTCCAGGTAGCTAGGAAGG,0.186779783260543
TGTGGCTGAGCAGCAGCAGCTGG,0.133207876199627
GAAGCGCAAGATCACCAAGGAGG,0.107733586042888
CCAGCTGGTAGCCGTGGTAGCGG,0.177859515509972
GGCCACCACCGCCGCTACCACGG,0.151740324475489
GTACCAGTTCATGTCATGCAAGG,0.0453654725005678
TTACGAGATCGAGTATGACCAGG,0.22632841400527
GGGTGGTGAGGCTGGGTGAGAGG,0.228024748362637
AGCCGTGGTAGCGGCGGTGGTGG,0.145876918519377
GCCGGTACCGCTGCAGTTCTCGG,0.0668711625319158
CTTCCTGGGGAAGGACAAGAAGG,0.196201949052292
AGATGTCCAGCGGGGGCAGCGGG,0.127929782343828
TCCGAGAACTGCAGCGGTACCGG,0.218861167610286
CTTCCGCTGCACCGAGTGCCAGG,0.240347394256054
ATTTCCTCACAGAAAGCGGCTGG,0.181334761277997
CACCACCCCGCTGCCCCCGCTGG,0.250106979020944
GCCATCGAGCAGTTCGGCTTCGG,0.23958993770433
AAGGAGAACAAAAACCTAGCCGG,0.186918468989596
CGCGGTTGGGGATGGTGTCGGGG,0.253082870870474
TTCCTTGCCGCTTCTGGAGGTGG,0.27320078754759
AGCAGTTCGGCTTCGGAAACTGG,0.231927422531916
GCTGGGCTACATGCCGCTGCGGG,0.213460967422198
GTCTGTCACGCGGTTGGGGATGG,0.235530240149471
CAACTATGATGACGACGACGTGG,0.253794103346963
GTGTGGTCTGTCACGCGGTTGGG,0.228432023409659
CACGCGGTTGGGGATGGTGTCGG,0.266728536951979
AAGCCGCCTTCCTAGCTACCTGG,0.322240778832856
GGTACAGCGGCCTCAGCTTCAGG,0.339268699522511
AGAAAGCGGCTGGATCTCCAGGG,0.290012454193358
ACGCGGTTGGGGATGGTGTCGGG,0.282723827046022
GGTGGTGAGGCTGGGTGAGAGGG,0.280699882030348
GTCCAGCGGGGGCAGCGGGGTGG,0.327018886042888
GCCGCCATTGAGAACCTTCCAGG,0.362012810055427
TGCAGCGGTACCGGCGAAACGGG,0.365663262343828
CAGAAAGCGGCTGGATCTCCAGG,0.263116292061696
TGGTGAGGCTGGGTGAGAGGGGG,0.289377828550725
GCGCAGCTCCTTCTCCTCCTTGG,0.369080938331289
GTAGCTAGGAAGGCGGCTTTTGG,0.340814407171414
GCGGGGGCAGCGGGGTGGTGAGG,0.308232431309345
GGGTGAGAGGGGGCCTCCGCTGG,0.314910236889282
CAAGATCACCAAGGAGGAGAAGG,0.364049814256054
CTCTGCCGACTCTTCCATCTTGG,0.374583183096179
TCTGACAGGAGCTCGAAGCCTGG,0.392412377140066
GCACCTTCTCGCGATCTGACAGG,0.351807613942574
GGTCCAGCCGCCCTCGGCCTCGG,0.373697628676116
GAGATGTCCAGCGGGGGCAGCGG,0.353985863346963
CTCCTTTCCCCGTTTGGAGCCGG,0.290773786732543
ATGCCGAGACGCTCATCAGCGGG,0.322215748425333
GCTCTGGGGGCCCGAGGCCGAGG,0.374337204287402
TGATGAGCGTCTCGGCATCCTGG,0.327036045792104
AATCTGGTGCCAGCCTTCCTGGG,0.441437359773295
GAGGGGGCCTCCGCTGGGACAGG,0.333609685792104
AAACCTAGCCGGCTCCAAACGGG,0.396249036575803
TGGACAAAGTCCTAAAGAAAAGG,0.377455550180819
GGGGAAGGACAAGAAGGAGAAGG,0.371167076074236
AGCCGGCTCCAAACGGGGAAAGG,0.446229749114988
AGGGGATTCCTTGCCGCTTCTGG,0.398065751246649
CGGGGATGCAGGCCTTCCCCAGG,0.443187716701195
TTGAATTTCCTCACAGAAAGCGG,0.344306318017809
TCAGCTTCAAGACGCGTCCCTGG,0.436978072437872
CGAGGCAGCGCGGCATAAACGGG,0.390579704475489
AAAACCTAGCCGGCTCCAAACGG,0.486613223535051
CGTAATGCTCCATCACCTCTTGG,0.480738889365771
GCCGTCCTCCTTTCCCCGTTTGG,0.483942065604016
GTAATGCTCCATCACCTCTTGGG,0.462593061779565
GCTGTGCCCCGAGTGCTTCTCGG,0.486737113629095
CCGCTGCAGTTCTCGGATCTTGG,0.490892328237245
ACGAGGCAGCGCGGCATAAACGG,0.496526001277997
CTGCCCACGTTGGTGCTTCCCGG,0.498207269491163
GGGGATGGTGTCGGGGATGCAGG,0.482297219209032
TTCTCGGCCGGCGCCGAGATCGG,0.491081866419063
GGGCAGCGGGGTGGTGAGGCTGG,0.472479808738812
CGGCGGGCGCTTCACGCTCTGGG,0.485873758393985
CTGCAGCGGTACCGGCGAAACGG,0.512625354945709
AGGACTTTGTCCAGGTAGCTAGG,0.499876381654173
ACTCCTTGCATGACATGAACTGG,0.555057606105583
CAATCTGGTGCCAGCCTTCCTGG,0.545147191810913
ACATCAGGTTACCTCTACCAAGG,0.177011494253292
CTGATGCCAGCTAGTGGGCGAGG,0.00158829676071474
CTGTTTCCCATCCTTCCGGGTGG,0.498711690078842
AATGTATGCACAGGGAACAGAGG,0.11470788502266
CCAGACTCACCCGCTTGCCCAGG,0.250399255387305
CATCAGACGCCTCCAGCCGCCGG,0.429864158830094
CCTTGAACTTGAGCAACAACAGG,0.0354253786893117
GGCTTCTTCCAAGCGACCCAGGG,0.256280041796865
GCACGAGGCTGGGTCGAAGACGG,0.0731556948798746
ACTAAGGGCCGAAGATAACGCGG,0.397212212545299
GAGGTTCTGTGGGCACAACGTGG,0.092635002010394
CATAGAACCAGTCCAACACAGGG,0.19930207670392
GGATGCCACACTTCAGAAGCAGG,0.0812191190427452
GCCCTTGAGGGTGCCACGAAGGG,0.218053382869437
CTGATGATGAGGACCGACAGAGG,0.324573759044359
TCCAAGTCACCAATGCAAGCTGG,0.0247648902821316
AGTGATTCTCGAGGGAGACCGGG,0.434704375554704
ACGTTCTTGGCCCTGAACACAGG,0.442789968652038
CGACCAGGGCATTGCTGAGCTGG,0.0358725182862696
AGTCATCTTCAGTTCAGCGAGGG,0.304490164478214
GCGGCGGCTGCAGCTACGAACGG,0.0596238244514106
TGTATGGTCCACAGGCAACCAGG,0.195947844728998
CCCTTGCAGATGGCCGAGGCTGG,0.12878204797
CGGCAAACTTCACATGAAGGTGG,0.198328108673354
AGTGATGAGCAAACTGGAAGAGG,0.331334469598591
CGTCATCGCTGTCGATGCGCTGG,0.360047487948465
TGAAATTGCCAAAGCCGAACTGG,0.166767708384482
GCCGAGGCATGGACATCGAGCGG,0.541682340648276
CCTACACGTGAAACATGCCAGGG,0.326940530204233
ACTGGAACTGCCTCCTACCATGG,0.731588296761128
TGCTCTAGATAACCGAACCCTGG,0.346551724137931
CCTCGCCCACATAGGCAGCCTGG,0.108996667073137
ATTCAGCTATACCCTGGAGGAGG,0.0813479623824452
TTCTACGCCAGCCGCCACAGTGG,0.304192358835581
GGAGGGCGAGGAGATTGCCCGGG,0.608455681719594
GCAGCACCTCAAGGCCAAGAAGG,0.245276907000627
CACCTACATCTCCGTGCCCAAGG,0.0730248802392623
AAGTTCCAGGGAGGCCGCGAAGG,0.394772296139656
TGCCCGACGATGTCCGCAGGCGG,0.00801462904911599
CGGGTCCTGTTTCCCACAGGCGG,0.0620898641588715
GGTTAAGGAAATGACCAACCAGG,0.327868338557994
CGCATCATCTGGTAAAGCAAAGG,0.239258098223197
GGTGGCGACGATCTTCCGCATGG,0.379949934592948
GCGGTAGCTACTGCACCAGCCGG,0.530261233019436
GCTGAGAGAGATGTGTACACTGG,0.605075326442478
TCCCTCGGTAGCCTTACGCCAGG,0.583314615888873
TGGCGAACTGGTCCTCCAAGGGG,0.358863205230754
TTTCTCTGTGCACACCGCCACGG,0.0697283176593103
TGTTCAGGCTGGCTAGACGGCGG,0.584576802507837
AGCCACCCAGAGAACCCGCAAGG,0.106818647823074
GCCCAGTTCGTGGCTCGCAATGG,0.164187134175205
CGGCACATCGTAGAGACGCACGG,0.364399164053918
CCACTCGACGGAGGTCACGGGGG,0.467196538564108
ATACAACTGCTTGCAACAGGAGG,0.123612421531506
CCAGCCAATGTATATCCAAGTGG,0.418042933548434
TCAGGGTGCCACCTACCCGCTGG,0.453625914315987
CGTCAGCTGTGCCCGCCAACAGG,0.084775141472278
TGGCCTTACCTGAGTACGGCAGG,0.0478287224719242
ATCCGCCATACCAGGCAACGGGG,0.224963427376802
CGCAGCCCTGACATCGCGACAGG,0.0657545322942646
GGGCCTTGGTTTGGCAGCCATGG,0.0537722048066458
CAGACTCGCCCGAGCTCACCTGG,0.223298941907682
CTGCAGGGATGTGCACGGGCAGG,0.138495297805643
AAAGGCCTCCGTTCAGACCCAGG,0.244500613798779
GATGTTGTCCCGGTTCCAGATGG,0.298631138975548
TTGCATCATTGGCCGCACACTGG,0.445047021943574
AACACAACAGCTTCTGGGACTGG,0.0849893525486228
TGGCTATACCTTCTGTGGCCTGG,0.114300361511688
TTGCGTGGGTTCAAGAAGAGTGG,0.0596051070069292
ATTGAATGAACAGCGAGAGCAGG,0.320947844728998
CCTTTAGGGTAAGCCTACAGAGG,0.342551815470691
TTTCGTTGGTCCAGGCCAGGAGG,0.125475444096552
TTCAACAACCAAAGCTCGAGTGG,0.0580773249739185
CCATAGATACACGAAGGGCCTGG,0.321556948798746
CATCGTGGATGGACACAGCGTGG,0.152849621113324
TCAGCCTACTATTGAGCGAGTGG,0.474803644102039
TAGTCCTTGAGTAATCCCGCAGG,0.662039798751569
CTAGATATCGGTCCAGGAGCAGG,0.0700017731702875
CTCCACCGACGAGGAGAGGCTGG,0.589456635319122
TCGGCTTCTTATGCACGGAAAGG,0.0875779387728853
AGCCCTACGCATGTCTCCACTGG,0.114305120167147
AGGTGCAGTATGCTGTAGGGTGG,0.312622779519749
GGACATTATCAACCCGGACAAGG,0.103301985370909
GCTGCAGGATGCTGCACAAGGGG,0.246112852664577
AGTACGATTTGCATCAGCCCTGG,0.130953069389625
CGCCCAGGAATAGTTAGGAGAGG,0.252152560084012
CAAGCTCGAATATTCCCAAGAGG,0.360127573046866
TGTTCACTTACGTTCCGGACGGG,0.21805338286881
ACGTTTGGGAAAGTACCAGGAGG,0.173385579937304
GCTGCATGACGAGATCAGCATGG,0.516428513485738
CACGACCAGCCTCGACAGCGGGG,0.0851693703298132
GAGGAAGACAAAGTTTGCCAAGG,0.616553905335268
GGACCTCATGCAGTAGGCGCTGG,0.0987774294670846
GCTGGTACGAAGTGCCAAAGTGG,0.206809913694515
TGCTTACCCTTAATGCCACCCGG,0.318672330101868
AGCCACTGTGAGGCGGGAACGGG,0.127272727272727
CTGCTGACAGAGGCTCAACACGG,0.450707510350942
ACACAACTCGATGCTTACGGCGG,0.0804253786893116
CTACGTCTCCATGATCCAAGAGG,0.137105538140439
TCTAGATGGTTGGCAGGCACAGG,0.234409613375548
TAGCGACTGGGTCTCCGCGGCGG,0.166423288825111
CCGGCCACTACGAACTGCCGTGG,0.214265504080722
TTGATTCTGAGATCTCCACGTGG,0.14411921359044
AGAGCCGGTACGTCCTGGGCAGG,0.0637199582027586
GCTGGCTACCCTATCTGAGGAGG,0.166783790392509
TCGCAGAGCAAGCGCAGAGGAGG,0.300744082973512
AAGATGGCGTCCCGCAAGGAAGG,0.412389850998591
TATTCGCCGAGCTGTTGAACTGG,0.133136569408513
AGAACTTCTACAGGTGCGGCGGG,0.0869905956112853
CAATCTTAGATGCTCTCCGAAGG,0.487836990595611
GGCCTTAAGTCTTCTCCACATGG,0.0365099268547962
GGAGCTTACCAAGGTGAGGATGG,0.164148380354859
GGCGAAACCCGTGGGACCAGAGG,0.286073236578528
AGGCCAACTCTTCCGGCGAGAGG,0.206123301984953
TTCTCGTACTAAAGAGGGAGTGG,0.149389180738434
GCAAGCCGGCAAGATGGCGGCGG,0.460195493631819
GCGGGAGCTCAAACGCACGCTGG,0.421350143579155
CTGCCCGGCGCAGAGAGGAAGGG,0.169929035951569
AACCCACCGTCCAGATCGGCAGG,0.28881380395903
AGAGCTTCAGGTGATGACGATGG,0.0431870428422571
GGCACGTCTGGACTGGGAGCTGG,0.176980146290909
AAGTGAAGCTCTGATCCCGGTGG,0.282421198960973
AAGCCTAGGGCCTCAAAGCCTGG,0.0633873531075728
TGAAGCCGAAGGTGGCAGCATGG,0.162217437205299
TACTGAAGTCCGGGAACCCGCGG,0.126418064164923
ACGATGAGCTCAATCGGCACTGG,0.447901867717713
AGCCTGTTATCCACCTCCAGAGG,0.123834900731411
CGGTTGCTGAGGTAAGCCCAGGG,0.605937395407995
TGTCACCATGCCTTGCAACCTGG,0.246123301984953
CCACAGGACCAAACATCAACTGG,0.151081970707086
GAGCGCAGTTGCTAACAGGATGG,0.299059561128527
ATGCCGAACCAATTCTCCACTGG,0.409456635319122
TCACCGGCAGTGAACTCAGGGGG,0.405527690699686
CTCCAACAAGTCCTTGCAGAAGG,0.0770763713747662
CCCAGGAGACAGTGTCCGCGAGG,0.109253339568115
CATCACCTGGATGAAGCCAAAGG,0.211162055805487
ATAGTGACACCGATGGGCCAAGG,0.171846486317713
TAGCTGTGATGCAGTTGCGGAGG,0.250261233019436
CATCGTCCATGGCCCACCAGAGG,0.118155496749206
CAGATACCGTTTCCCTGGCCCGG,0.216891793068591
ACAGCCAGGGTTCCACAGGGTGG,0.194033437826959
CCGCGGCCGGTTACCTAAGGAGG,0.308790059984797
AGCTATGGTGGAGAACACACAGG,0.385535096557838
GCACCTGGACATCAGTAACGCGG,0.0682863113897179
CTTACCAATAACTCCAAGGCTGG,0.159623824451411
TCAGGTCGATACGGCCGGAAGGG,0.103753487362227
TGCACTGATGTGATGGCCCGGGG,0.315038753819907
AACGCCAGGCGGATCTCAGAAGG,0.160430195322827
ACATGCCGAAGGTATTGCCCAGG,0.502800417972414
AGATTCTTTGGATCGGAGGCAGG,0.183348401157041
CTACATACCTTCTGGCGGCCAGG,0.188593960195912
TGTACAAGAACGCCCGGGAGAGG,0.295841170323511
ATGGATTAGCATGACAGACCTGG,0.436666666667085
TGCCGAACACTTCCTCGCAAAGG,0.12347420103345
GAACATCGTTCTCAATGGCAAGG,0.605830721003135
AGCTTACCCTTCGTGCAGGCTGG,0.0202790881981518
CAAGGTCAGAAAGCCGGGAGTGG,0.157975012963481
GGACAAGAAGCGTATGGACAAGG,0.156948798328527
GGGCGTGCTGCGCTTCAGGAAGG,0.0795297805642633
TATATGCTGTAAACGCCAGCTGG,0.365736677115987
AGTCTGTCGCAAACAGCAGGTGG,0.161856935638089
ACTGCACGCACTCGTTCCCGCGG,0.44606801191834
AACCGAATAGAGAGAGCCACCGG,0.347387669801881
GAAACAGGAGGCGGTAAAGGAGG,0.0730795061710044
TACCATGTTGGGCTCCCAGAGGG,0.0580146290491536
AGTGTTCTCTCCGTTGAGCATGG,0.0990721916464276
CTTAGCATCAAGAAATCGCCAGG,0.344991731876334
TCAGCTCCTGTAACATGGCCTGG,0.0392864027227286
AAGTCAGGCGTTCCTACAGCCGG,0.207306256431819
TCTTGCAGGAAGCCTGCAACCGG,0.258027259566616
GCAGTTCCAGTAACCTCCGGCGG,0.430958294049374
TCAGGTGTCCGGCCGAACGACGG,0.147389850998403
TGGCAGCTACTGGTAGCACCAGG,0.0938766980146709
GGAGGTCTGGTCCTTTGAAGCGG,0.502079414837618
TTTCTACTCTCTTGACAGCCTGG,0.117486332191523
CATCATTGATGTGAAGCCGAAGG,0.0167084639498433
AGGCAGCTGCATCACCCGCCTGG,0.150015475850566
CAGCAGAATTTCCCTGCCAGAGG,0.373471355700785
TGTAACAACTTCTCCCACAGTGG,0.198042933548434
CGTCATGCCTGCAACGGGCCCGG,0.0650938457565413
CATTTCGGGACCAGATGGGACGG,0.330613466463794
TTGCGCCTCCTTCTCCACAATGG,0.0255172413793103
CTATCATGGCTCGAGAGGCCTGG,0.166851710977713
CGAAGGCGGTCTCGATCACGCGG,0.0881295715778056
GAGATGGCAGCTACTCGACGAGG,0.043531870428464
ACATCTTCGAGATTTCGGCGAGG,0.0733093912284966
GGTGATGGCCCAGCACAAGCAGG,0.299602925809404
CCAACAGCTGGACTGCCCGCTGG,0.410355276906583
ACACTCCTAGTCGCCACAAGAGG,0.135741703645739
GATATTTGGCCATGTCCCACTGG,0.472894461859561
CCACAGCATAGCTATAGGCCTGG,0.453380821281381
CTTTACATGTTGGACGCAACAGG,0.0375622647916941
AAGTACAACTGGAGCAAAGCTGG,0.0783978024283878
AAGCATTCTGTGCTTGGCCCGGG,0.308163100737149
GGGCTTCAACATCAAGACCCTGG,0.40494252873605
TACAGATGAAAGCTACGACCAGG,0.502748171369279
CCCAGGAGGAGCAAGTCCGATGG,0.1637826541279
TCTGTAAACGCCGTAGCCGGGGG,0.307084639498433
GAGAGGACTCCTTCACCAGAAGG,0.0185967475503148
TCGTACGGGACACGATCGCCAGG,0.322557040131067
TGGTTCGTAACACTCGCCACAGG,0.141656019215037
CCTACAGGACTCACTTGCCATGG,0.387102494676772
CAGGCAAGCCTATTCTAGAAGGG,0.0520136754500013
TTTGACAACAGGTACACCAGCGG,0.0501149425287774
TGGTAACGCCTCGGAAGAACGGG,0.471674072523983
CTCCTCCCACGTTGCCACCATGG,0.0772379278202373
AGCTTACGTGGACCTGGAAAAGG,0.0702425155753932
CCTGTTAGTCCATTGAGGAAAGG,0.430117123725863
ACAAGCCGGGCTACGTCCGAGGG,0.707502612329781
GGAAGAGCACCCTGCTGAAGAGG,0.238213166144201
GGCCAGGACTGTAGAAACAGTGG,0.155788923720376
TCCTGGCTCGGATCTTACCATGG,0.513351188511443
ACTACCATGCCGCTCTACGAGGG,0.697742946708464
AGCTGTCCATTCCGCACCGACGG,0.116256099692196
AAAGTACTGCATGAGGCCGAGGG,0.406120258522102
AATGATAGGAACACCACCACAGG,0.138711690078841
CCATATAACATCTGGTGCGATGG,0.266405433646395
TAACATCTTTCGCTTCACCCAGG,0.582776475868183
CTAGAACAGGTAGAAGGCACAGG,0.136426332288401
GCTGGCATCACTTTGAGGGAGGG,0.346867384959092
ATTCTTACAGACAGGTCCGGTGG,0.181203853088873
AGTTCGGTTCATGTGTGGCAAGG,0.207377220480251
GCTTGTCTACGGCACGCGGCTGG,0.201061072065456
AGCGGCATTCTCGGATCACGGGG,0.383761755485893
CTGCATCGCATCTGGTCACATGG,0.127821782619312
CACCTATAGTAAACATGGGCTGG,0.340992685475862
CAAGTAGGCTCTTCACCAAGGGG,0.107507638859971
GGAGCAACTCTGGCTTGAGCAGG,0.217993532276899
GGACCAGATGTTCGACGCCGAGG,0.421485984749688
TCTCGGCAGGCCCAGTGCAAGGG,0.109349098647493
GACGTTACCTGTCAGTCCCAGGG,0.237983281087147
ACCGCCTGTCGGAGGAGGAGCGG,0.203220572001725
AGAGCGCAGACCCTGCAGAATGG,0.12127461900624
CCTTCAGATGAAATCCACGATGG,0.396240425710816
TGCGCTCTCTGCAGAAGGAGGGG,0.0395006137990295
TTTGGCAGGATAAAGGCGAGGGG,0.160581710474532
CGAGCGCCATTGACAAGCAATGG,0.0809297914200523
ATCAGGATATGCCTTAGGGAGGG,0.306551724137931
GAGCGTCCGCCATGAGGAGAAGG,0.205843351520848
CATCACTACTGCCCTGAAACAGG,0.127434085587574
TCGTGGATGCTTTGGAACAGTGG,0.236574803976647
GCACCTTCAGGATTGAGACCCGG,0.248591522890127
CCCACTGCAGTCCTCCACGATGG,0.333319840549061
TCCATGATCCCGACACACGGAGG,0.104033437826583
GGCCAGCCTATCTTACCGAGGGG,0.770543364680878
GCAATTCTTCGAATGCCACATGG,0.209430978021569
GGATTGGGAGGGTATCCGGATGG,0.4380041797279
CACAGTGAAGCTGTACCGGGAGG,0.441327063740439
TCCAAGAGGGCAATTTCACCTGG,0.000198537095088408
TCGAGAGAGAGATCGTGACCGGG,0.167849621113324
GAAGAGTCTGCTCTGCACCCAGG,0.205214211075862
TGCACTGGATTACATCCGCACGG,0.656489028213166
GACGATGGATCAGTCTAGGAAGG,0.66135536823997
TCGGCGTACTTGTCAAGGGAGGG,0.201083685899343
TGCACCCTCTATTAAGAGGCTGG,0.0442633228840126
CTTGCTTCACTACCAGCAGGAGG,0.229153605015674
GGGCGATGACCAGCATGAGCTGG,0.175216392273199
AAAGAGCTTCGCGTAGCGCCTGG,0.1595319617616
ACCCAGCTGTGTGCGTCAGAAGG,0.0654880746140766
GCAGCACAAGCGGTTGACCCAGG,0.497931034482759
TGTACCAAATGAAGGTGCACTGG,0.230647857889655
TGCCAGCAGTCTTGTTGCAAGGG,0.0743573667711599
GGATTCTCAGATAGTGGAGGAGG,0.141964274178654
TGAACGAAGACAGAAGCGCCTGG,0.114986507216146
AGAGCCGCAGTGAGTTGGGCAGG,0.134161010873011
CTAATCCTGCTGCTCGGAACAGG,0.375903866248276
GCGAAAGCGGCTGCTCAAAGAGG,0.390744082973512
CACCACTGACTTTCGGAGCAAGG,0.259842654030395
CTTGTAAGATGGCGGCGCCCAGG,0.140650039086177
GGGAAGAGGGATCGGTGGAATGG,0.360091000424296
TACAGCTACTGCTGACAAGGAGG,0.571538231354076
CCAAAGTCTTTGCTGCAGGATGG,0.426303121636208
TGGTAACACACAGGTTCAGGTGG,0.116337979066585
CCATGGGCGTGAACCTCACCAGG,0.173466131040158
AAATCCGCCAGTATTTGCGGGGG,0.445707510350942
TTCTGCTCGCCCTGCTCAGGTGG,0.153730407523511
CCACCTATCTTCTTAGCGCCAGG,0.13741425910834
AGTTCCACCATACTCACCCGTGG,0.217807823829939
CTACAGTGAAGACCTAGGAAAGG,0.197337604394202
ACGCGCCATGGACGCAGAGCTGG,0.226068011918152
ACCATGAATCGCGAGTGGACGGG,0.496426332288401
AAATCGCTTCTTGGCCGCCACGG,0.138652037617555
GGTCGATGCCACGTCAGACCAGG,0.325266457680251
ACCTCCACTCTGCTAGCCACAGG,0.49082549634232
GAGGATCCAAGCAGGGCCCGAGG,0.0465830721003135
CAAATCAAAGACCTGACCAGTGG,0.169140112231819
CACTGTAGACCATCTCAAGCAGG,0.116851710977713
TGATACCTGAGCCACGAAGAAGG,0.226206896551724
GGGCACTCCAGGTTTGACAATGG,0.333800509305801
TAGCCACCTTGGAGTGCAGCTGG,0.172248785168058
AAGCAGCTGCACGAGCAAGGTGG,0.296287447655017
TGAGTGCATCGAATCCACACAGG,0.215224660397492
AGCTGCCGCTGCCACAGAGATGG,0.120517707384202
TCACTAACCAGTGGCTGGAATGG,0.106300742308247
CTTGCAGCCGTAGGCGGAGCAGG,0.197292091716073
GGATGTAGAAGAAGGCGAAATGG,0.0564367816091536
GACATTGTGGTTCCTCACGAAGG,0.28728535779044
TAGCGGGATACTGTGTAGAAGGG,0.144876789347807
AGCCGATGGACCTCTCACCCTGG,0.0694692658366471
AGCCATAGGCTGCACACCCAGGG,0.328474399163636
CGGCCAGACCGATGTACAGCCGG,0.468443051201254
AAGGACTTCTTCCCGGAGACGGG,0.0865828739696678
GCCAGGGCCAAACTGTAGCAGGG,0.215848576181663
CGTTAGAGAGAAGAAGAAGGAGG,0.0790386624868966
ATTGCTGCTGTTGGTAAGCCTGG,0.0457575757576176
CGGTCTTGCTGGCCAGGACGCGG,0.0988523478828894
ATTCTGCGACATGGACAGCGGGG,0.176146381824108
TCACTCCGGACATTTGCCCAGGG,0.339255054760346
TCATCTTGCTCCTGAGCCGGCGG,0.158547544410031
ATAAGCGGCAAGGAAAGAGCTGG,0.0526123301984953
TGCCTGGCTCGGGATACACCTGG,0.17711578933019
GCGAGACTCACTACATCAGACGG,0.150998376140691
TGTGAGGCTTCCTGTCCGGCTGG,0.00505747126436365
CCCGAGACGTACCCTCCACCTGG,0.0413061650993103
ACTCACCGGGCAGAGTCCACAGG,0.345373132085111
ACAAAGGCGAGGAGTCCAACAGG,0.118939859944328
TACCAGGTGAGTCTGCGACAAGG,0.14172353177353
CGACACTGTGGACTTCGAGCGGG,0.521083685898904
TAAAGTACTGCATGAGGCCGAGG,0.124011933027511
TACTTACTGGACAGGTCGCAAGG,0.0633124346917868
ACTCGCCATTGAGCAGCGCCAGG,0.0955246472370233
CTCTGACCACCTGAAGAAGCTGG,0.129430978021569
ACTCCACTATTTCTGTGCACAGG,0.216948798328527
GGTGTGGTTGGTACGGGAACTGG,0.106583072100313
CAAGATGCCCACCACGGCAAAGG,0.180156739811912
CACTTCAGCCCTGATGCCAAGGG,0.183740856843887
TTGTCCTCTGTCTCCCGAAGTGG,0.102039798751757
TCTCTGCGATTCGGTCCCAACGG,0.324493207941066
TCAGGAGATTTGTCAGGAAGAGG,0.142076371374766
ATGCCAACCTCTACTAGGGCTGG,0.0708120035586722
GAAGCCCAGTTGGGCCGACCAGG,0.1646416796295
AAGCTGAGCTAAGGAAACAGAGG,0.250252964896396
CAAGCTCGTCTCAGAGAAGCTGG,0.167823497811757
GACCAATAATACGGGCACCATGG,0.0994949811117734
GGTACAGGTACTCGCGGCGCAGG,0.322546590810503
GCTAGAGTTGCAACTACAGCTGG,0.119612768973111
GAGTGATGACTCCTTGCCCATGG,0.056635318704326
GGCGGTTTCCAATTCTGCCACGG,0.135571669180409
ACCGTTCACTTGACCGAAGCTGG,0.124738160822683
GATAGTGAGAGGACAACAGAAGG,0.0321421107627586
AGCAGCAATGATGGGAGCGATGG,0.475694879833229
TGGCTTTCCACCGTCGGGCCAGG,0.202988307616272
CGTGGACCGGAAGGTGGAGGAGG,0.175433646812539
CCTGTGCTTGAACCGCACCATGG,0.418460906379782
GCGAAGAAGTTCAAAGCGAAGGG,0.120736070958503
CGAGACCCTTCAGGGACAAAGGG,0.0790436890167106
TGGCGGCGGCATTAGCGAGGAGG,0.276935305544045
ATACAGCCAGTCCCTGAGGAAGG,0.26312130345439
TGCTCAGGCTATTGAGGACATGG,0.440261233019436
ACCTGTAGTGGTGGAGACACTGG,0.214326018808777
AGAAGCCAAGCGTAAAGAAGAGG,0.168505747126019
TTGAGTTGATCAAGGAGCGCTGG,0.125937395408434
TCCGGGCAACGCCAGCAACAGGG,0.0955170432486855
TGCCTTGGAGTTCTTGAGAAAGG,0.109671312399876
CAGCTCCGTGTGGTTGCGCAGGG,0.595299986839343
GCGCTCACCGCTGAAGACCATGG,0.656162055805487
AGGCGTGCGTACAGCTGGCCCGG,0.0912380463835006
CCTAAGAGCTGGTCTAGGGCTGG,0.484808868762854
TCCTACAGACGCTTGAGGACAGG,0.285715778473981
TAGCCGGACCCAGGATGAAGAGG,0.438857980570378
TCATCTCCTCGGTAAGGCCAGGG,0.155911272105989
GAGAGGATGTTCTAGAGGCATGG,0.611013584116614
AAATACCAGTGACGCTGACGTGG,0.182055472733387
AGGCCACCATACCTCAGGGAGGG,0.525958294049374
GGTCTGGAAAGCGGCTCCAGCGG,0.0457702062755185
CAGCCATCCAGTCGCTGACAAGG,0.111287447654829
GCCTTCGACCTTTATACCAGAGG,0.0392789968652038
GAGTGCTCGGAGAACCGGCCTGG,0.116088910559719
TACAATCTGGAGTTAACCGCTGG,0.432259234488246
TCTCCAGAAACTGCTTCGAAGGG,0.22787051975533
CAAACAGGACTTGGCAAAGGAGG,0.0569562041856126
ATGACACAACCATCTCAAGCTGG,0.047742946708464
AACGACAATTACCCTCAGGCGGG,0.569260279421161
CAGCAATCAACCAACACAGCTGG,0.226489028213166
CCACGCAGACTCCACAGAAGAGG,0.373596747550315
GCCATGGATACTGTGGAGCAAGG,0.194498234471068
ATCCTTGACTTCATCGCCCGTGG,0.0175465908105029
CAGATCCCACATCAATAACCCGG,0.370313479623824
GGACTCACCAATGTCGGAGCTGG,0.35081722821928
CACGGCCAGGATGTCGAACACGG,0.288999046401098
CAGTTCGTGGAGAGCAGCGGCGG,0.129704375554265
TGGGAGTAGTGAAGAGGACGAGG,0.0670241247707537
TAGCTACTGGAATTGAGCACTGG,0.232215256008777
GCTTCACGAGCAACCGCAGCAGG,0.715757575757994
ATGACCGCCATGGTGACCCAGGG,0.492504793527744
GGCCTTTGAACAGTCCAGCATGG,0.378223615464577
CTGTCAAAGGTCGCTCAGGAAGG,0.146870894427086
CAGGGCGGCAAGATTCAGAGCGG,0.843218390805015
CGGCACAGCGACGAGAACGACGG,0.167865295094515
CCTCGATCCTTGGTCAGCGGGGG,0.274479715157211
GGTTGGCGGGCCATCCCAACAGG,0.0623842183113552
CATCGCCAGTCTGAAGCAGGTGG,0.292779519331661
GATCGCGGTGGAGCAGCAGCTGG,0.125195493631631
ACTTCCAGCAAGATCTACCAAGG,0.401438962806114
AGTCGCCATTCAGGGTCAACAGG,0.287079880842509
GGAATGAAGACACCGTGAGCAGG,0.56494470993276
CAAGATCCGCAAGCAGCAGCAGG,0.0891919508087013
AAACGATGTCGCAGAAGAGAGGG,0.11623348585856
ACCTCAGCGCGGCCTTCAGCCGG,0.363669892795456
TCCATGATAGAAGAAGCAGCTGG,0.39705329153605
GAACTTGCACGGAAGGGAACAGG,0.0445110631198007
CATGGAGAGCCGGCCTGGAGGGG,0.364500613799218
TGAGAATGGCGTCCCGCGGCCGG,0.134385671270252
TGCAAGCAACTGGGTTCCCATGG,0.342254009828058
CGCTGGCATCGATACCAACGTGG,0.0600910004239198
TCCCTATGTATCAGCCCAGATGG,0.452716823406897
TAGTCCATGTAATACAGCGCTGG,0.308986415883386
TACGTGATGTCCCTCTGCCGCGG,0.355841170323511
AACAGCGGCTGCTCGTAAGCGGG,0.0730512016718495
CAACACGACAAATCGAGGAGAGG,0.101883058939845
ACTGTGTAGGTGGAATAGCAAGG,0.162050248072572
TGCAGCTAAATATTGCCCACAGG,0.203751306165517
TGACGTTTGTGCAGTCGGAAAGG,0.0493103448275862
GCCGCCGCAGTTCCAACAGCGGG,0.151856935638277
TCATTGCAGATGGAGTCGGGTGG,0.31044932079373
TGTTCTGAACCACGTTCACACGG,0.23991164677856
CCGCCGCAGTTCCAACAGCGGGG,0.413497479002979
GGCCGTCGTGGTCTTCGACGAGG,0.0410240334378683
TTGAAACGCGGATGGAAGACAGG,0.38971482487508
TGATCGACAAGCAGCAGGAAAGG,0.0635109717868339
GCTTCGGGCAAACTGAAGAGCGG,0.38510667440486
GACCTCAGCACTCAAGCAGCAGG,0.115022671811836
TAAGGTCAACTGAGTGCCGCAGG,0.376034948763513
ATAATGCTCAAGGCTGCAGGGGG,0.232528735632602
AGACATCGAGGACGTAGCCATGG,0.0178182731511487
CTATGATTGTCAGGGCCAACAGG,0.107957623789632
CCGTGGTACTTACTTCCAGCTGG,0.287395075659406
CCAGCTGGTCTGTTCTGCAAAGG,0.246118543330284
ATAGAGGCCCTGATGGACAGAGG,0.302907092377901
AGGACATAGCCATCGTGGACTGG,0.059717868338558
ACCACTCAGAAAGCATCAACTGG,0.149030394363481
TGGTTCGACGATTCCAACCAAGG,0.200942620068183
CCGGAATCTCGATGAACACAGGG,0.211724137931034
GGAGTAGACCTTGATGCACCTGG,0.184858934169279
TTCATTGGAGTGGACAGCACAGG,0.322201763224296
CGGCGAGTTTGAGATCCAGGCGG,0.295132797707055
ACTAGTTACAACGGGTCAAGAGG,0.353343782654545
CAAGAAGCAGATCGAGACGGCGG,0.137711598746081
TTGCTGCAAGCTCAGTGAAGTGG,0.0915482726477817
CGGCGGAAATGTTGCTGAAGCGG,0.244761846818653
GAAGCCATCGACAGCAGAGATGG,0.231703239289028
GAGAGTCGCTATGGCGGCGGTGG,0.0977342705579614
CAGTTGCTATTGACGCAAAGAGG,0.0363113897596238
ATGTTCTTGTCGCCTCCGACCGG,0.221977102826992
AGGCTGTCACCGATCTGGGCTGG,0.489469265836208
GAAGTAGGCATATGCAACACAGG,0.210496808742572
ATAGGAAGAATCGCTGGCAAAGG,0.383116078793575
TTTCCTTCTAGGACCTCGACTGG,0.148296154553091
TGATGTTTGGTTGGACCAGGTGG,0.405078369905956
AGAAACTGCACCTTATCACCCGG,0.493382536473826
GACATGCTCAGAACATAACGGGG,0.55899382174091
TCATTACCAGGACCCAAGAGAGG,0.233437826541693
GATAGTGAAGCTCCTGGGACTGG,0.206148819129893
CTCATTCGGACTCGTCGGGCAGG,0.116557414803262
AGTCAATGTAGTCCTCGGAGTGG,0.0858934169278997
CAGTCTGGCAGTTGGCCACACGG,0.179316035492917
GGCCTTTCATGACAACCGGGTGG,0.689665621734169
CGCAGCGAAGGACTATGGCAGGG,0.44264063469765
GACCTCTACCACAGTTGCCATGG,0.554200626959248
TAGACCAGCAGTTACTCACCTGG,0.356583072100313
CTCTGTGTAGATTGTGCGACGGG,0.0787458833740774
CAGGGACGACCTTGTCACACAGG,0.246809913694515
TCAAGCACTCACCTGACCCAGGG,0.630822452879468
CAACGAGAATCACTCTGGAGAGG,0.170472400633073
TCCTGCGATGGGTTGCGACGGGG,0.44994470993276
ATGCTGAAAGGGAAATCACGTGG,0.0617868338557994
CCCATGGCGTGCTAGAGGAATGG,0.149274238209657
TCCTGTATTATCGGGCCAAATGG,0.11468632224557
AGACTGGGCTTCCACCGAGCAGG,0.19482282755135
GACATGTCATTTGACTGCCATGG,0.234032831669266
CTTCACCAGGTAACAGAGCATGG,0.137090330163763
ACCTCCAATCGGCCCACGGCTGG,0.147298244417248
GCGGTCCGCGATGTCAAGCGAGG,0.394526737101412
GCTACCGGATCGGTCGGAAATGG,0.176374085684013
TCACCTGGTTCACACGGCGCAGG,0.642839171792948
CTCCAGCAGACATCAAGCACAGG,0.47352142110721
GAAAGCGCCAAGGCGAGGCATGG,0.213455681719594
GCTGCATCCAACCCTTAAACAGG,0.095773051608184
ACAGATAAGACAGAATCGGGTGG,0.144551145210785
AGTCAACTGATTTGGTGACCTGG,0.231548272648012
ACGGCATAGGGACTACAAGGTGG,0.153345963851067
GGGTCACCGTTTGCATAAGGAGG,0.201684521844986
TTTAAAGTGGCCTGAGCACCTGG,0.137320215221193
GGGATAACGTACCAGACCCAGGG,0.553685566776647
CCCTGTACACTTCTAGGACCCGG,0.127230929989969
CGGACTCACACCACAGCCGCCGG,0.337142576767274
TGTTTACCAGCTAAAGCCAGGGG,0.261786833855799
AGACCCAGATTGGAGGCGAGAGG,0.602510018187932
ACAGCCTCGTACATACCCGAAGG,0.559949934592948
TATCCTGACTCCGTCTGGCAGGG,0.140712735011318
GGCTCTCATCGTGGTGCAGCAGG,0.0257993730407523
CCGTCAGCTCTTGGCCCGACAGG,0.0669538248578391
GGAGTAGTCCGCCACGAGGGAGG,0.0658329022002834
CTGTCACATAGCTACTAACCTGG,0.110809216204063
CATTAATCCCGAGGATGGAATGG,0.149040843684484
CTATTTCACGACCAAGAAGCAGG,0.159623824451411
GGAAGCAGGCGGAGTCCGAGAGG,0.145318704284639
AGGTCTCTTAGTGAATGAGGAGG,0.209090909090909
GAAGGCGCTCTTCGGCAAGGAGG,0.234524555903448
TAAGGTGGTTCCATTGGGAGTGG,0.095141065830721
CCTGGCGGCCAGGAAAGCGACGG,0.0742184821375875
CCTCTCCACGACCACAGACAAGG,0.0773998922925258
CTTTGTCAATGGTGGAACCCAGG,0.135033529159531
CTTCCAGTCACACAGTGCGCGGG,0.308267593945299
TGGGAGTGCTATTGAGACACTGG,0.196060606060188
TTGGCTATTGGATCTTCCCGGGG,0.423905002513324
CCGACCGGCGAGAAGAGCACTGG,0.187483894885738
GCGAAGATGGCGGAGAACAGCGG,0.391151606484484
CTACCTCTGACCAGTCCACGAGG,0.263249738767398
AGTTCAACTCAGCCAACAACTGG,0.0335423197492163
GATGAGGAGGACTCAACAGCTGG,0.248063424162745
CCGAGGGCCATCTGGAGGACTGG,0.0998119122257053
TGTCTCCCGGTAGACGCAAAAGG,0.19505747126395
CCCTCCAGTCCTCTTACAGGAGG,0.379030394362854
CATGCCGCTCTACGAGGGCCTGG,0.108500988470936
AGATCACATTCTCGATCCAGAGG,0.298241470643105
TCACCAGGCACATAGACGGAGGG,0.502703330622415
ACCTATCCCAAACATCCAGAGGG,0.143814002090282
TGGGCAGCACCCACCAGACGCGG,0.267910135840752
CAACAGACACTATGATACCCTGG,0.335862068965517
CCTCCGAGGACTACGTGAGGAGG,0.0894797151573994
TATAGGGACCACTTGTACGGTGG,0.285367907424923
AACATACCACAGGTAAGCCATGG,0.495203761755486
AGCCGAATTGACAGCAACCCAGG,0.197419017764263
ATGCCGTGTACCTCTCGGAGGGG,0.53775339602884
GGTGCGCTGCACCTCGAAGCGGG,0.131569171289391
GAGATCCCAGAAGCGCACGGTGG,0.473800509305801
TATACAGACCCTCGAGGAAGGGG,0.155559038662069
TCCTGCATTCTTGGAACAGGAGG,0.107173924730071
GCAGAACTTGGCAGTGGAAATGG,0.120183329118748
CTCATGGATCTTCTGGGAGAAGG,0.23151733271207
GCGGGACACCAAGTTTAGGGAGG,0.0671264367815674
CCCGGTGGTGGAATCAGAGGTGG,0.181807732497806
GGAAACACCTTCCAGACCGGTGG,0.278881922674608
CGTTTCGAAGTCAGGAACACTGG,0.116987552147807
ATATCTACTTACCCAGCCAGTGG,0.47
TCCCTAGGAAGAGGACGAACCGG,0.455454545454545
TGGTTACTACCATGGCCAAAAGG,0.13023557572276
TTACCTGACACGCATAGAGAAGG,0.351632275241224
ACTTCATGATGCTGCCAGCAAGG,0.23131185576414
TGAATGTTTCTGCTCTCGGCTGG,0.130553814002508
TGATTGGGAACGGGCTCCAATGG,0.354723092999373
AATCTCACTCATTCGGAGCATGG,0.125503748595017
GCGAGTTCTTCTTACGAACCTGG,0.0121943573667712
CACGCGACACTGATCCAGAGCGG,0.389916405433229
GCCATGGACGTGTTCCAGGAGGG,0.222562264791694
ATACAATGATGAAGGCGAGGTGG,0.203586298229939
GGCAGCGGGCAAACACACCATGG,0.297985462283857
CATCCTTACCTCTGACGGCAAGG,0.277301031771631
TTCAAACCCTGCAGGACAGATGG,0.162784137834157
CATGGAATTTGGCCGACGAATGG,0.0328422152560502
TGTGACAGGCTCCCTGCACCTGG,0.210832902200472
GATGGTTATTCCTCTCCAGCTGG,0.175381400209404
GCACCCATGTCTTCCTCCCAAGG,0.134587053698027
TGCACCAACTACACACACAGAGG,0.213622870852509
AAGATCGCCAAGACTCACGAAGG,0.518633320172885
TCCTGATAGTTTGGTGAACCAGG,0.0155507705388415
CGAGATCAACGTCATGGAGGCGG,0.130377948718858
GACTTTACTCAAGGCAACACTGG,0.46808473083182
AGAATTGGCAAAGGAAGAGCAGG,0.0722226618658822
TGCTGCAGATTTGGGCGAGACGG,0.0138557993730408
TGAGGCCCGTGCATTTGAGGAGG,0.27045977011536
GGATCTTGACCAGCCAGGACAGG,0.283009404388715
AGAAGGGACCTCTCTTCGAGGGG,0.310177638453918
ACCCGGAGGCACCATGAGCGTGG,0.337860070434327
AAGATACAGCATCACGAGCGCGG,0.483113897596238
GGGTGGGAATCTGCCTACCATGG,0.109754242830711
ACCTCCGACATGCATGAGAAAGG,0.195120167188715
CTCGATCCCGAGAAAGACACTGG,0.137690093947028
GAAGTCTTCCTCGGTGAACACGG,0.454359547968497
TATCGGGAAGGCTATGAAGAAGG,0.514740948177274
AGGAATGCTGCTTTCGCAAGTGG,0.0377220480668339
CACTGTACAAAGGTCCCAGATGG,0.0846917450366144
CACTATTTACCTTGAGGGAGAGG,0.17499001668414
TAGATGGCTCCCGCAAAGAAGGG,0.585117123725863
AGCTGAGACTTGGCAACGGATGG,0.321041888616145
CACTTGGCTGCGGGTCCGCAAGG,0.0596760710554232
CAAGGAACGGCGTTCCAAGCGGG,0.0234818050215812
CTTGTCGTGAAAGCGAACGAAGG,0.508978147759092
TCAACAGTGGCAACGTAGAGCGG,0.483852755909563
TCGTGACCGAGTGAAGGAAGAGG,0.297739903244986
GATGGAACCGCACAGAGCCGCGG,0.448192267502194
CGCCTCACTGGTGGAGAAGCCGG,0.192303877104673
CGTATCACTCACCGGAGAGCAGG,0.42241074963997
GGATTATAGTCATCCTCCAGAGG,0.366750261232602
ACAGAGGCCCACCTGTAGAGAGG,0.117126436781567
AGAAGAGAGCTTCCGTGGACTGG,0.12332857467787
CGCACACTTTGGCATCCACGAGG,0.528293717246867
CAACCAATGCCACAATGAACAGG,0.122429933089531
AGTATATCCTGGTCTCCAGATGG,0.500282131661442
AAGGAAACATACCTCCCAGGAGG,0.415388806066302
ACAGCGTCCTGGGACAGACCGGG,0.292591431557367
AGGTGATCTGCCAGGCGCCCCGG,0.770425378688873
GCCAGGAATATGTCATACCAGGG,0.609080459770533
AAGTCATCGCTGACCCACAGTGG,0.280289537518967
GACGCGGTAGTGGCGAAGCCGGG,0.0448349920644214
CCGGGAGTCACATACTGCCGTGG,0.200261233019436
ACTCTATCATCGCCAGAAGATGG,0.146885904272949
TCGCCAGGAAAGGTGAAAGAAGG,0.40712339331834
GGCGTCTTCCGTGGGCAACGTGG,0.134900731452038
GCACACCCTCTTAGATCGAGTGG,0.158317461221538
ACTTGAAGGCGGAGAGCGCCCGG,0.37975139749765
GAAATTCCCAATCCATCACCTGG,0.0603470087833556
TAGGTTGCTCTCCAAAGAGCAGG,0.37480668756489
TGTAATTAGTAGCTCGCCAGAGG,0.191786833855799
TCCAAACAAGGACTGCAAGATGG,0.095773051608184
TCTCGCGTTGCTGACGCAGCCGG,0.0634243337572114
CAGCTTGCCAATAGAACACCAGG,0.329119213589813
GGCACCGCAAGAAGCAAGCAGGG,0.281888283600283
TGAGGACGTGAAGCGCACAGTGG,0.490689655172414
TGTAGGCCTGTACTTCAGCAAGG,0.222499568866929
TTCGACAGGGTCATCAGACCTGG,0.0272309299895925
AAGAGCACCTTGGGACCCAAAGG,0.571462904911599
CGGTTTCTCCCACATCGACCTGG,0.3921107628
TCTTCAGTTTGCCCGAAGCGCGG,0.247760801886992
AGTGCTCGTCTTCGGGCCGCTGG,0.0267920585162382
TCTCAGGCTTAGATATGACCTGG,0.100906047446051
ATCCGGGTAAAGTTCCAGGGAGG,0.505091000423669
CCGGCACACCGTGGTGAAGCTGG,0.0799736785674316
ATTCCAGCCCTTAGCTAAGGCGG,0.123986217752385
CTACTTTCCCAGCCAGAAAGAGG,0.0803552769069593
TGTAACCTGTGAGCTAGAGCTGG,0.13124327104367
CGGAGTTCTAGAAGTTCCCATGG,0.467011494253292
CAGGCCGGTGGTTCAGCAGCTGG,0.0927063740856426
CGACACGCTCAACATGCAGGTGG,0.0655973844555163
AAACTTCTAGCGTGTGCCAATGG,0.134393333236476
CACTTCCCTCCGAAGGCCCAGGG,0.0847562141315853
TAGCAGCGGGTGACATGGAAGGG,0.108354697979814
CAGAGGACGACAGTAAAGAAGGG,0.304440961337931
AGCTCTAATAAACCGAGCACTGG,0.282884012539185
CATGCTCGGTTTACCCAAAGTGG,0.196300940438872
TAACTCTTCCAGGGCTGAAAGGG,0.0498872386683712
GGCAAGATGGCGTCGAGCGGCGG,0.181726319128371
AACAGTGAGGTCTTCACCGAAGG,0.343448275862069
AAGCCTTTCAACCTGTCCCAAGG,0.28817877471834
TTCTATGTCACACTCACCGGGGG,0.293855799373041
CTCCAGCAGTGCGTTTAGAATGG,0.139744457645393
CTGACCTACGAGACGCCACAGGG,0.538528826965362
GACCTCATGCTCATGACCAATGG,0.38750261232978
CTATAGGTAGCTACACGGCATGG,0.300561219859406
TGCATGGGAAGCCTATGACAAGG,0.330691836369123
TTCATTGCAACATGGTCCCACGG,0.0801589210089982
ACGGGTCAATCAAATGCCAGTGG,0.0719039575816628
CCACCTTCTGGAATACGGCCTGG,0.227839171792321
TCTCCTCTTGGCAAGGCCGCAGG,0.123048158208434
TGGCCACACACGAGAAGGAGTGG,0.0879832810867712
GGTCCAAGAATGCCTCAGGATGG,0.340801554238089
AGCGCGCAAAGAGTCTGCCAAGG,0.107431648281537
CATCTAGCACCACAGTGACAGGG,0.034531961761412
CGATGAGTCTTCAGATGAAGAGG,0.00918495297805642
GGAGTTCAAAGCCCACGAAGGGG,0.499498432601881
AGATCGGCTGGAGCTGGAAGCGG,0.383664668135895
TTGGTTAGGTGGGCACCCACTGG,0.0775256921689355
TTCATTTCAGTCACTTGCCCCGG,0.462588388093261
AAGTACTCGCCGAGTGGAACGGG,0.14929989550721
ACACAGTTTCAGTGTTGGGATGG,0.143810958626365
GCTGCAGGACTCACTAAGAGGGG,0.519845441385424
TGAGCTTGATGAGTCTGAGGAGG,0.0869248562232302
GCGCGAAGAAGTCGGTGACGCGG,0.280637408568025
GCACAGTTGCACCACTGAGAAGG,0.0798088687624778
CCATCGCTGTATCCGTGAGGGGG,0.525339602925392
CTGCTGCAGCGAAGACGCAAGGG,0.385036572623197
TTCTAGACCCACCAAGAAAGAGG,0.262789968652038
GAGTGAAGAGCGGCTCACGGAGG,0.374803644102039
TTGTTTAGGTGTGTCCAGGGAGG,0.0965308254963009
ACCAATAGTGTCACTACCAGAGG,0.301099359880722
CCGACGGGCGAAGAAACGACAGG,0.136051929910081
TACCTGGAGCAACTCCCGAGGGG,0.497001044931661
TGCAACAGGTCACTCGGCCCTGG,0.227713779943418
ATTCTCGGCACTAATGAAGCAGG,0.186689338478544
ACGGTCATGGGACTTCAGCATGG,0.0896255976216982
TAAAGGGAAAGGGTCTCCGGGGG,0.423518377644359
GCCGTCTTCTTTGTTGGGCGCGG,0.163255429432227
CCACCCTGTCTCCTTTGACAAGG,0.251668847863794
TCGCAAACCAGTAAGTGCCGCGG,0.507086820695142
CCGCCCATTCAGTCTACGGCTGG,0.249829767404233
GCTGACTTTCGCCAGCGCCCAGG,0.329631230308935
TTGCTTGGTCAGAAGAAGCCAGG,0.115193114304046
CACATTCTTCTACCCAACCATGG,0.0974503657262696
GAGCCACCTGAATGGCGACCTGG,0.428913270636991
CTGAGAGACAACGCCAAAGCAGG,0.102368952356772
TCCATGTCGAAAGGGAACAACGG,0.502936259143574
AAAGTCTCCTGTGATAAGCCTGG,0.117522904814326
CCGCCCAATCGCTCGCAGACCGG,0.0928805610490775
GATCTGCATAGTGACCAAAGAGG,0.380508973255644
GCCTCTTTGGCTTCGCCGCGCGG,0.185882361449642
CAATAGTAGCTCCTAAACGCGGG,0.416739811912226
GCGCAAGTTGGACCCTACGAAGG,0.195132797707055
GGCTCGGCCTACATTGAGCAGGG,0.374343465960049
GCAGATGCGATATTTCAGGAAGG,0.352870519754703
AGGAAGCCCACGTGAAACACAGG,0.483584117031975
CAACCGGCCCTTTCGGCACCTGG,0.0701219403594223
GATCAAGAAGAGATCGGACCAGG,0.64981931808323
TCAGGAATTGTGCCTCGAACAGG,0.0269592476489028
TGCTGCTCAAGCCGCACCAGAGG,0.382938440340283
CACAGTGATCCACTGCGAAGGGG,0.469655172413793
TTCGCTGGAAGCCTGCAAACAGG,0.161778565732133
AACCACCCGAGTCTCGCAGAAGG,0.268955067921003
TAAGTGCATCCTGATCCCACAGG,0.271522557372885
CATACGGGAGGGCACCAAGGTGG,0.334733542319749
CAACGAGGACACACGAGAGAAGG,0.220282131661442
TCCACGACATGTTCCAGGCGGGG,0.358345963851255
AGCAAGACCACACAACACAGAGG,0.00978797012084775
CTGTTTGTGCAACGGAAAGCTGG,0.148604409516539
CGCCATCAGATGGAGACAAAAGG,0.145606526610911
GACTGGCAAGCGTGTGGGCAAGG,0.147168234065204
ATCTCAGTGCTTGAAGAACCTGG,0.0725914315569906
ACGAGATGTGCGGCAGCAGCTGG,0.158469640508591
AAAGGGAAGACTGCCGCCGGCGG,0.0450888192267085
CACTTCAATGCTGTTTCCGCTGG,0.0734796238244514
GAGGATCAGTACAACCAACCAGG,0.377189132705956
CGAATGTCTGTGACGGAGGGTGG,0.088188816012463
ACATGGAGGGCGCACTCAAGTGG,0.159273166047323
ATGATGAAGTACGGGTCCAATGG,0.0993414946593438
ACAGCCAGCGCAAGCAGGCCCGG,0.175467175972697
GGTGTGTCAGAGTCTCCCAGTGG,0.407993730407524
CTGCGCAAAGATGGTGGAGGAGG,0.182008450789813
GCACGGTCATCGTGGAGCGCTGG,0.455977011494671
TGCGCGTGACAAGGAAGGCGGGG,0.370906047445613
AATGCCCTCAAACGCGCCAACGG,0.55533655946254
ACAGAACCTAGCCTATCAGCTGG,0.214911180773668
CGTTTCCTGTTAAGGTAGCGGGG,0.416282222994202
TGGGACCGGCTGCTACAGCAGGG,0.132173458724765
TGCCTTCTTCTGCGACACGATGG,0.136352580885317
CGTGGATCCACGAAGCGAGATGG,0.151506883391506
GAATTTGGGCCTGACTCCGGCGG,0.250467175972885
GAGGGCCCGACCAACCAGAAAGG,0.360606060605643
ATTCCTCGCCGAGAAGGAGCTGG,0.578881922674608
GGGCAAAGTCAGCATAACGCTGG,0.349937304075235
AATGATGGTCCTCAAGCCCAGGG,0.391569579316459
TTGTCGTCTTTGGACAAGGCGGG,0.212638255369689
TGATCGTCGGTGAGCACGACAGG,0.159071783619798
ATCGAAGCAGAAGACGGAGGTGG,0.166721094467995
GCTGTTCCTCAGATACGGCCTGG,0.169847878691022
TGACCACGTGTTCTCAGAGGAGG,0.296841261656898
AACGGCTAGTTTGGAAGGCCAGG,0.203105629473199
GCATGCCTTGCGAAGAACCATGG,0.252842215256426
GGCTGGAGTTGCAAGGACCCAGG,0.234725274196083
TCCAGAAGCACGCTGACCAATGG,0.414328200005487
GGGAGTTCACCCTGCACGGCCGG,0.162825935117291
ACCAATTACTCCAACCCGAATGG,0.167065922053763
TCCTCCAAGATGGCGAGCGGCGG,0.402358503036208
TTCATCTTCCTCATCACCCATGG,0.162842215256426
AAAGCCAATGATGGAAACCCAGG,0.340846394984326
GCTCATGATCAAGTTCGAGGAGG,0.189571577847022
TTCCAGGAGGTCCGTAAAGCAGG,0.066647949222227
TCCGGATGAGATTCATCAGGCGG,0.117523510971787
GATGTTTGTGATGTGCCCGGTGG,0.0667315437885593
CGGAGATCCGTGATGTAACAAGG,0.131289884960614
CCTCATTGAGCACCATGAGGAGG,0.365435828009876
TAAGGCTGACCTTGGCCCGCAGG,0.160621128429768
ATGACAAGTAGATCGGGCACAGG,0.484317750685111
GAGAGATGTTGTTGCACAGCAGG,0.235466767945817
TCTTTCAGCTCTGGATGAGGGGG,0.398892371996238
CAGCTTCCCAGCATCAACCCTGG,0.251379310344828
GAGAGCTAGGAACAGTGACCGGG,0.292068965517241
CCTAAGGCTCTTCTCAAGAGTGG,0.442734678584798
TATCCCAAGTCTGTGCGGAAAGG,0.165585627969406
CCTCAAAGTCTCGTGGGACACGG,0.00535005224660816
CCGGATGGATCTGTGGAAGATGG,0.129582027168652
CCTTCCCTAGGTCCTCGCAAGGG,0.717983281087147
ACATGTTGTTGAAGCGGAACAGG,0.102267304481726
GGGATGATTGAATACTGGACTGG,0.131734587251411
TGTTAGCGATCTCGGTGCCAAGG,0.0974939361796731
CCCTGATCCTGGGTGGAGACAGG,0.173997331208654
CGCTATGATCATCGACAAGCTGG,0.109874410019845
TTCGTGGTGGGCACAGCCGAGGG,0.636297896975393
CCGTACCATGATGTTGCCCATGG,0.194500613798591
AGCTGCACAGTCCTTAGCGGTGG,0.200010449320376
AGATGTCAACGCCGATCCCGAGG,0.142995503577604
CTGAATGAACCTCTGCCAACTGG,0.109273574074203
CCGGGAAGCTGCTTTGCGGGTGG,0.270733633652509
CTCAGTATCGTCAGTGAAGCAGG,0.088510773656209
GACCCTTCAGCTGTTAACCCTGG,0.137784743991223
CTGATGCAGGATCTTCAACATGG,0.0295297805642633
TTAGGGTACAACTGCCAGACTGG,0.358011585586051
GCTGGACAATGCCATTGAGAAGG,0.0621700072350775
TGTGGATTTCCTGGGCAGAGTGG,0.259958202717241
CAACACAGTCGGCGGAGACAAGG,0.259892463328998
TCTCCGCACCATGTTGCCCACGG,0.15606801191834
CTCTCTTCATCTAAAGGCACAGG,0.0316927899686521
ATTGCAACATGGTCCCACGGAGG,0.134471703142389
CTCCGTCATATGCTCAACCAGGG,0.311003134796238
TGAGCTCAAAGCCCGCAAGAGGG,0.315921721427431
CATTGAGATTACACGAGAGGAGG,0.360252964896396
AGCGTTACCTGGAATACCGGCGG,0.239793194781036
GGTCATTGTGCGGATTCCGGGGG,0.302233111186678
AAGCAGCACCAGGCCGCCCAAGG,0.391397165523355
CCGACCAGGGTCAGTGCCAGTGG,0.252591431557367
CCAGAATGTGCAGCGCAAGCAGG,0.120908892778466
AATTCGAGGAATGATACCGGGGG,0.332739903244986
GGCGATAAAGGCAAACAAGGCGG,0.118387761134202
CAAGTGGTCTGGTACTCACGCGG,0.169422243893261
TCCTCAGTCCCAGCTCGGCACGG,0.279764692151319
GGTCAACATCAGCGCAGCGCGGG,0.225433646812539
ACACACTGAGGGCGGCGCGATGG,0.0270189001103775
TGGCATCGTGCTGAATCGGCCGG,0.277974604935974
CTTCCCATGAGGTGGTAGCCTGG,0.108955067920627
TCATGTGTGAATCGTGCACCTGG,0.0691871341752051
CCAGCGATGGATCCCACCGCGGG,0.252410749640158
CACAGGAGTGTTTCACCCACAGG,0.481274817137304
GCTCGGATTGAGTCTTCAGCCGG,0.100919342099281
AAAGCGCATGTGGTTGCGGAGGG,0.365872518285893
GGCGTTTGTTGCAACACAGGGGG,0.0923928944618182
TTTGCTCTCATTCTCCGCAATGG,0.55694053020486
ATCAGTACTGCCATACCAGCTGG,0.100856844305078
GCACCCAAGAAGTGGACCAGAGG,0.356135932503293
CGTAACAGAGAATTCACACGAGG,0.150751744939674
CATTCTTGGCTCTATAGGACTGG,0.483824451410658
CATACCAACTCCACGTCAGACGG,0.123945084604641
ATCCAGGCCACCACTGCGGCGGG,0.338664668135268
CCCTGTTGTCAGAGAAGAAATGG,0.0237482627018509
CCCTAGCTTTGACAGTGAGAAGG,0.232152560084012
TACTACTCAGGAGGTGGCAAAGG,0.255130418379093
CGAGGAACCTTACCCAAAGATGG,0.0792707287415374
GCAGCTCTGAATGCTCGAGCTGG,0.153544500946114
ATCAGTCACTCACCGTACAACGG,0.222852664576802
CGTGGGAGCCAAGATGGCGGCGG,0.400054427801098
CAGCCAACCTCAAGCCACAGGGG,0.273978147759092
CTTCCATTCCTACAAGAACCCGG,0.24340865977602
TCACTGTCACTGATGTCGACTGG,0.103276328073857
AAGCCAAGGCGCAGAGGGCCGGG,0.291151606484484
CAGCATAGCTACTGGAAGGGAGG,0.205464796644924
GCGGGAGATCATGGACGCGGCGG,0.0473689523570233
TGCGGGACCGAGACTTCGAGCGG,0.0552425155753932
GCTTCCGCTTTGATGTGGCATGG,0.092635410037274
TGGCCGCCAGTTCAGCAGCCAGG,0.146849331649939
CTGCGGTCAGCAACGCGCCATGG,0.169155786213011
GGAGTACTCGTTGATGAGGGTGG,0.0443469174504075
CACTCTTTGCTCTGATAGGCTGG,0.00571577847439497
TTGAAAGAGGCTCCCGAGACTGG,0.101423288825111
TCGGAGATACTTCTGCGGCGAGG,0.135012630517901
CAAGATGAATTTCCTCCGCGGGG,0.364380446609876
CGTGAGAAAGGTGAGGACCAAGG,0.373364681295298
TTCTCCAACTAAATGGCGGACGG,0.436394984326019
ACACGCTGTTTAGGAGCGGGAGG,0.162721441909373
CACCGGAAATCCAGTGCCCAAGG,0.212351097178683
CGTGATGGCTGCAGTCAGCGTGG,0.301287447655017
CTTACTTGGTGCATACCACATGG,0.200188087774295
GAACCTGTAGGTGCCAGAGGAGG,0.170689655172414
TCTGAAGGCGCACCCTACAATGG,0.0826559006519803
GGCAAGTGAGAACAGGCCGGTGG,0.580386624868966
CTGTCAGGAGCTGATTAGCCAGG,0.0152664576802508
GGAGGTCTTCTGGTGTCAGCAGG,0.510062695924765
ACTAAATTCCCAATGAGCGCTGG,0.177048532880503
TGATCCAGTTGGAGCTCCCAAGG,0.275245559038244
CGTAAAGATGACCGAGAGAGAGG,0.0896760710554232
GATGGCGGATCTGGCGGCACAGG,0.398685566776647
TTGTTCTGCGTGGCCTGCACCGG,0.22705329153605
TGCGCCAGTTACCTGTGGGCTGG,0.0401536963486847
ATTTGATGGGTTCCACACACTGG,0.217583163433073
GGAGCTGAAGTCGTATGAGGGGG,0.664012539184953
AAAGTAATCTCTATCCCGGGGGG,0.395412748171787
TCTGATCAGTCCAGATCGAGGGG,0.378147426755957
CTTCGCCTCGGTCAGGCGGACGG,0.0939444204691683
AGAGGGCGGTATGCGACACACGG,0.216146381824296
GGAGCTAATTGGGATTCCAGAGG,0.612719004603606
GATCCTTCGGAAGCGGCAGCTGG,0.2718046890337
GCCTGTCCAGAACGTCCGGGGGG,0.282175639922102
TCCCACTGAGTTACGCCGAGAGG,0.410744082973512
CGCCGTCCCTCCGGAACACAGGG,0.17365944347508
GACTGGACTGTGCTCGAAGGAGG,0.36903866248652
ACCCATGCATATATGCCCGGAGG,0.672863113897179
CGTGGCTCCGTCTCCTGACATGG,0.342238335846866
ATGCAGTGGAAGTCTCAACCTGG,0.0866666666667085
CTTTCCAACCATAGACACAGTGG,0.168377311813638
GCAAGAAGATTGATGGCAGGAGG,0.195535096557838
GCTGACGGGCACCGTGAAGGAGG,0.478225796662541
GAACTCCCGCTTCTTCCCAGGGG,0.623236245982917
GGTTGTCAGCTCCTCCAGCAGGG,0.652661533339029
TGCACAGTATCGAAAGCCAAGGG,0.425172413793103
AGTGAAGCAGACATAGACGAGGG,0.388622870852509
TGCTTAATCCAACTGACCGCTGG,0.202267502611912
GACCCATGATGACTGAGGCCAGG,0.215088819226332
CTGGCTTATGTGGCTTAGACAGG,0.128448741866961
CTTCAGGATGAGTACAGGGATGG,0.22176811641113
TGTAGTACTCGTTCATGAGCAGG,0.227285357790879
TTCAAGTACTGGCACTCCAGTGG,0.211891327063323
AAGCTTGTTCATGGACGAGAAGG,0.221640543364263
ACTTTCTTGGCCCGCTCGGCAGG,0.217368544330143
CTGAATGGACAGCTCTCGGGCGG,0.42448275862069
GGAGGTGACGCAGTCTCCGCAGG,0.273716914739029
GCTGTTCGGCCTGAGGCAGAAGG,0.105801554237901
CGTGGAGTTGAAGTCTCCCGCGG,0.163197492163009
CTCAGGCCATCATGCAGAAGGGG,0.0337169147394057
CGAAGTAGCGCGGGTGCAGCAGG,0.334168672839172
TCCTTTGGCCGTGTTCACCCTGG,0.272844396453136
TGAGCTACAAAGCTGCCGCGGGG,0.00115987460815047
CCAGTGTGCAACCATCCAGCTGG,0.105936987381366
TCAGTCCCACAATACCCGGCAGG,0.0601149425287774
TCACCATTCTGCATCTCCAATGG,0.407168234065204
CTGTGAATAGGCGCATCAGAGGG,0.58492381129138
GGTTCCGAGTGCATCTGACCTGG,0.405924764890282
CCAGGTAGACCGGCTTAAAGAGG,0.0954334486823533
TTCCCAGGCCGACTCTGCGGGGG,0.399855890705801
TTAGGACTGACTGTCGGAACTGG,0.127481713689028
CAACCATGACACCGTCCAGCAGG,0.155890373464421
CTCAATGCTTACCTTAGAGGTGG,0.228826632607368
GAGCCAATGTTGAAACCGGAGGG,0.206071055381818
TCCACATGAATGGTGAACGCAGG,0.369631230308935
CCGAGTGGCACAGCTGGAGCAGG,0.207345872517868
TCGCTCGCCCGCAAGCAAAGAGG,0.152065922053763
CTCCCTGCTACCTCACAGCCTGG,0.22341216924414
GACTGACATCACCTTAAAGGTGG,0.43660397074232
GGTCCCTCTTGATTATCCAATGG,0.421306165099687
CCGAAGGTGGAAACCCAAGGTGG,0.242499568866929
GCAGTTTGAGTCTGATGAGGAGG,0.198505747126019
ACGAGCGTTTCCAAACAAGCAGG,0.138275255911505
GGAGTCGGAACCCGAACGGAAGG,0.368058607528998
ATTGTGGAGCGCTCATCGAAAGG,0.00543582801008283
ACTTAGACTGCTCTATGGCATGG,0.769404388714734
GGTTCACTTCATTGTGCAGGTGG,0.129410079380064
CGATAGTCCCAGCAGTGAACTGG,0.201237638356602
CGCCCAAAGGCCTGTCCCAACGG,0.0651167156990273
TAATGTTGCTGCGACACCCATGG,0.208643769493888
ATTCGCCACCAGCCCTCACCTGG,0.29007010178229
ACATCATGCTTACGAAGACCTGG,0.427669801463323
CCATGAAGAGAGAACTACCCCGG,0.302045023412384
GCGCATGGAGTTTGTCAGGCAGG,0.0283490073144828
TCTCAGCAGTGGTGCTGACCTGG,0.136164493111041
TGACCTTCTCAGGCGCGGGCTGG,0.0485370950887775
CGAGGAGATCCGCTTCCGGGTGG,0.446447230930408
GAGAAGCAACCGCCATAGCCAGG,0.0830721003134796
GACTCGGGTTAAACTCCAGGTGG,0.397262277952351
GGGCTGCTCGGTGGTTCCCATGG,0.410545545878841
ACGAATTGTACAGCCAGGAAAGG,0.139706812860301
CCTGATGCAGTACTGTGCCCAGG,0.148119122257053
GACTCATTTGTCCATGGAGGGGG,0.359223706797964
CTGTGTTCTGTAGACAGACGAGG,0.170386624868966
CCTTGAGACCCTTGTCAGAAAGG,0.0103679074249229
TACCCAGTCTGCACTCCCGATGG,0.559417019232446
CCTTGGAGTACAGGCTGGACTGG,0.284289912190472
GCCCTTAGTGCGAAACACAAAGG,0.19739336046671
CTCGTCACTAATGCTCAGAATGG,0.122471730372666
CTGTTCTTCAATGCAAAGGCTGG,0.0144618599790596
AGCTGGTCGCTCTCCTCAGCAGG,0.161480352062432
ACAAGCTCACGGAGGACACCCGG,0.205493299274453
TTGATCCAGCCACCGAGGCCCGG,0.138668177603638
CTGAAGGTCCTTTACAGACGCGG,0.261465086108308
CAGTGCCCGATCGCGTCCAAAGG,0.322494344206302
AGTGATCGATACACTGAAGGAGG,0.43004920314091
GCGATTCATTCCAACAAACCAGG,0.351224751730252
TCAGTAGCCATCATGCCCAATGG,0.246935305544045
ACGATAGAGCCTTCCACGAAAGG,0.149275953401914
TGCAGGCTTCACACATAAGCAGG,0.17822823396795
GGCCACCATGAACTTGGCACTGG,0.387917541698904
ACAGGACGAGAACGTGCGCGGGG,0.298931125815519
GCTTATGATGGATGAGGACGAGG,0.196760710554232
GACGTCCTTCCCAAAGCGCAGGG,0.168288492587117
AGAACCCTTGCCACAAGAGCAGG,0.0415121080518822
GATTTCAGGACAGCTGAAACAGG,0.154142957564485
CGCTCACAACATGCACAGCCTGG,0.128204898020346
TCGGACGACTCGCCTTCAGAAGG,0.0453365594625405
AAGACGCTGGACTGCGGGCAGGG,0.153366454465755
CAGGCCAAGTATCGGGCGGAAGG,0.284516287780409
AGGCGTGAGACTTCAAACCCCGG,0.451786833855799
CAGTGATAGCATTGAAGAGGGGG,0.484275953402352
GGTGTGATCCAGCCAGGCCGAGG,0.351245650371631
TTGCAGAATCCGGCTTAAGCAGG,0.135148471688434
ACCTTAGGCCGGGTCAGGAACGG,0.0569383490072727
CTCGGCTAGAAGAAACAGACCGG,0.0278757444155186
GCAACAGCGACTACGAGGGATGG,0.0319091822420389
TTTGTGCCAGACCGGCGGAGTGG,0.168443051201254
CACCTGTTCGTGATCCAGCATGG,0.0476384535005643
ATACTCAGATCAACGAAGGGAGG,0.302800417972414
GCGTGTGGAACGTTCCACCCTGG,0.185639181738482
CGGGTGGAGTTTCCTCGAAGCGG,0.378377311813638
CTCCAATGCAGGCATGGCACTGG,0.406376266881349
TGAGGGTGACCTGAATAAAGTGG,0.132572714112258
GCATGCGCCTCTGGAAGCGGCGG,0.332922766358904
TTCTTCTTGGAATTCACGCCTGG,0.0161620558052552
TCCCTGGCATGACAGGACCCTGG,0.662904911181191
TAGTCTTCCATACCATGAGCTGG,0.135409704708309
TCAGCTTCCGGATGTAGGCGTGG,0.196517332712697
AAAGCATTGCGTACTAACCCAGG,0.3525361414895
CAGGAAGAGATGATGGGCGAGGG,0.151041480589516
AGCCAAAGTCGCATCGGCGGCGG,0.355026123301567
CGAAGCGGCAGAAGCCGAGGCGG,0.169320794147962
TCTTCGATGCAGGCTCAAAGAGG,0.377614511395456
CAATTTGTCTGCGCCCACACGGG,0.132554252776664
GATCCGAATCGAGGCCAACGAGG,0.131809913694307
AAGTGTCACAGGTTACCCACAGG,0.0355821185012239
TAATGTACTGGAACCAAGCGTGG,0.439296852043105
ATGAGTGAGCGCTTGAGGGAGGG,0.263262369284484
CTGAAGCGTGTCAGGGAAGAGGG,0.0566897465053618
CTAATTTAGCTGCCTCAGCCTGG,0.223630940845363
AACATGGCAGAGACCGCGGCCGG,0.136023427280363
ATTGGATTCTCATCTCGAGGAGG,0.389620780987932
AACACCGGGTAGCTCAGGCCTGG,0.141050622744704
CCTCCTGCTTTACCAAACACAGG,0.394019945042478
GCTGGTTATTGTCCTGAAGAAGG,0.320407523510972
TTGTGGTTGGTGGCATCGACCGG,0.113678160919498
CGAGATCACAGTCATGGGCGAGG,0.0343887147335423
ACATGATCTTCTGCTGGAGCTGG,0.165537941890253
CGGTCAACATCAGCGCAGCGCGG,0.512580982235737
CCTTCAATGCCAACTAGGAAGGG,0.362588388093261
GGTATTACAGTAAACCACGCAGG,0.478098223615047
CCGGGACCGAAACCTAGCCCCGG,0.562546590810503
AGATGGCCGAGTGGCACAGCTGG,0.174394405398873
AGCTTGACGTTGTTGAAGAGCGG,0.39372736406066
ATGTTCCACCACTTCCAGAGGGG,0.385747126436364
ACTCACACCAACAAGCAAACAGG,0.120183329118748
TAAAGGTGCCCAAGAAAGAGAGG,0.270002181197337
CAGCCACTAAGTGTTTCAGCTGG,0.116224751730064
TGCTTCAGAATTGCCAACCACGG,0.196062787258152
GCACCTCCGCAGCCATACCCAGG,0.454336468129154
ACCTTTAATTCCCACGGACGGGG,0.144618401660347
GCTGGCTTACATTCCTGAGCTGG,0.122948481634219
AACAGTAGGTGCCATCGGGCCGG,0.294409613375549
TGTGGGTCAACTCATGGCGAAGG,0.525862068965517
CAATGTCGCCAAAGCTGAGGCGG,0.2217154617803
TGACCCACTACCTCCTACAATGG,0.255287356322257
TCGCGTGTACCTGAAGGAGCCGG,0.363333333332915
ACTCAAATATGGGCGGAAGAAGG,0.168899777853136
CTGAGCCTAACTGTGTCAGAAGG,0.0988579805701894
CTTTGCGAAGATGGCGGCGCTGG,0.130037038627713
AGAAGGAATCCTCTCAAGGGAGG,0.363983372419907
CAGGACATTCGCCACGGCCCTGG,0.454252873563636
ATTCAGAAAGTGCATCCGGGTGG,0.0929676071055799
CATTCGTGAGCGGATCCCAGAGG,0.255017855178089
TTGACGGCTCCGTTCGGGCAAGG,0.283413884436835
ACCTATAGTGCGGGATCCCAAGG,0.395091000423669
CCATCATGTTTACAGCGGGAAGG,0.437792149849374
GGAACGGGCTCCAATGGACATGG,0.532894461859561
TTACCTCTTCCTAGCCACCCAGG,0.569239380779155
ACTGTGCTTCTTCCAGAAGCTGG,0.163515590289705
CAGACCATGTGGTAAGCACGGGG,0.282389850998591
ATGTTTCTGGTGTTGCGAGATGG,0.130508973255456
GAAGCGGTGGCGGCGTGAAGTGG,0.0232153473413493
CCTACTCGGCCCAAGTAAGGGGG,0.0313793103448275
AGCTTACCGCAGTAGTCAAATGG,0.0406269592476489
TACGCAAGATCATCTGCCACGGG,0.436551724137931
TTCAGCTATCTCACGTGAGAGGG,0.0792683494137827
TCGCGTTACGGGCGGTACGGAGG,0.279678252252509
GCTCATCTTTCCAGGCGAGAAGG,0.317680250783699
GCTTGACGCGCCAGGTGAGCCGG,0.0420032261292489
TACCTGGGATCTTCTCAGGAAGG,0.0277429467084639
CCTCGGCAGTGGGATACCCAGGG,0.156088910559719
CTCGGCTGCAAGTGGCCAGGAGG,0.381564354655644
GGAGCAGAAGATGATCGAGAAGG,0.0837848353244214
ACTATCTAGGTCCCAGCCCAGGG,0.285456726651694
TGCCGGTGACAAATTAACAGAGG,0.326509926855172
AAGCAAGCCAAAGCTTCAGAAGG,0.309895506792476
GGCCCAGGTTGAGATAGAGGCGG,0.404939485272572
CCATGGTGCGGTTCAAGCACAGG,0.488878879211757
GGTCGAATTCCTCGCCGAGAAGG,0.33958943302555
TCTTCAAGATGGCCGTGAGCAGG,0.0272204806687147
ATATCGCAGTGCAAGGGCACTGG,0.0824764890282131
TCCCAGCAGCGACCCTCAGACGG,0.202196538563481
GGCAGTGGTCGGAGGTAAAGTGG,0.226491209410503
CTCACCAATAGCCAGCCGCGTGG,0.124049577812666
CTAGCAGTTGCCAATGAAGAAGG,0.0938871473354232
CTGAGACTGTTCCATGGAGGAGG,0.00619644723093417
TGCTTCACGGTTTAGCACCAGGG,0.0874921630094044
ATGGGAAACATAGGTCCCGCAGG,0.198628095512697
TTCTGGACTCGAAACCGACCAGG,0.510869474823042
CCAGGCTGCCTATGTGGGCGAGG,0.131501658731067
AGCCTTTACTCTTGCACAGGAGG,0.0537587120226032
CTACTACACTCCCGACCGCATGG,0.123967698438277
TGAAGAAGACCGGCGAAAGAAGG,0.447387669801881
TATTTCAGGTCCTGTGGGAATGG,0.201535852026115
AAATACGCATTCCCTCACACAGG,0.554249830100158
TGACCTCGAACCTAATAGCCTGG,0.0740042710612866
CTTGCATCTGTGCCACCGGCTGG,0.0844723092999373
ACCCAGCATCTGACCCACGGTGG,0.616645768025078
CTTGCACTGACAGATAAGACAGG,0.1775605495995
CAATAACGGTGTTGTCGGCCAGG,0.106327529745745
GAGTGGTGAGGCAGTCACAAGGG,0.16946404117602
CTCGTTCTAGCTGCGGCCGCAGG,0.110268638877149
AGGATGAGAGCCACTCAGAGTGG,0.215467175972885
TGGGTTGGTATACCACAGGGGGG,0.58481713688652
ACCTAATGCAGGAACAAGCAAGG,0.0797805642633229
TGGCAAACAACCCAGAGGACTGG,0.354587251828213
ATTGACCTTGGCTCAGGCAATGG,0.353573667711599
CGTCCTGCTGCTGGATGAAGGGG,0.36776384535047
CATCCCGCTGGTGCCCGAGACGG,0.0647544409613793
TTGACAAAGGAGCCGTGGCCTGG,0.00737722048066459
TCAGATGTATAAGCCCGAGCAGG,0.112661533339218
CGTCCGACTTGAGCATGACCTGG,0.367523510971787
TGAGAGCGGTAAGATGGCGGCGG,0.222254009828497
TCATATGCTTTGCCTAGGACAGG,0.0859506900616636
TGCACACATCCCTTCCAGGAAGG,0.488042933547807
TCGATGAAGGCATAGCCACGGGG,0.473458725182445
TGATACGACACAAGATCGGGAGG,0.491724137931034
AAGGGAAGACTGCCGCCGGCGGG,0.464137931034483
CTACAACTACGAGTTCGACGAGG,0.0647648902821317
TTCTCCACAGGTAAGCGGAAGGG,0.565388806066302
CGACTGCATTGCATACACCAAGG,0.248526645768025
TATCCTGGTTCTGGCAAAGGTGG,0.142305848405378
AGGGCCAAGATCTCTTCAACAGG,0.153123740759987
AGAAACGGTCAGGGCCGGCGCGG,0.151447032799344
AGTAGTCTCTGCTCCGGCGGCGG,0.14749196487878
GCAAAGAGGAGGTCGACAGGTGG,0.263032076200802
GCAGCTCATCGAATACCGACTGG,0.497238335846866
CCACCTATCATATGACCAGCTGG,0.423554950267556
CGGCTTCTCTCGTGTGCACCAGG,0.0699475552654253
TTTCTGGCAGACCTTCGGCATGG,0.239490164478214
AGTCCTGAGTCCGGATGAACTGG,0.714845441385424
GACTCGCTTTAGAAAGCCACGGG,0.506376266881349
CATGGATACTCAAGCAAGAGTGG,0.129108764269249
ACAGCCCATCATCATAGCACAGG,0.114545454545455
AAGATGAATTCTGGGCCGCCTGG,0.165218829579172
CTTACTAACCCGTTTGGCAAGGG,0.270038753819907
GGCTCTGCTGGAAGGTACAACGG,0.493988597080095
TCCTCGCGTCACAGCCGGGATGG,0.136259143156113
CCACCTATGAGCGGATCCAGGGG,0.468996865203762
CAGCTTGGCAGCGTGGCCACAGG,0.131321640949814
GCTTATGAGCCAGGTGGCCGTGG,0.114056109638419
AACAACATGGCGGCGGAAAGTGG,0.219396120590879
GGACGTGGAGAGCGAGGCCAAGG,0.274709600214892
CGTACTGGAAAGAAGGCCGATGG,0.102068965517241
AAAGGCCAAGGTCCGGAAAGCGG,0.172499568866929
GCTCTTCGGCTGCATTACGCAGG,0.0777115987460815
GGCGTCAAGTTCTTCTAGCAGGG,0.142994196412415
GGCAAAGCGCCTGGAAGAGGAGG,0.0404462773308791
ACGGATTTCCAGACACAGGAGGG,0.187149516620095
TAAATCGGTACGGCAGAACCTGG,0.304756622158465
AGACCCAGACACTCACCACGTGG,0.312692881302039
ACCCTTCCGGCGAATCAACATGG,0.060712735011111
AGGCTATCAGAGGTCCGAGGGGG,0.470911272106428
CTATGGCTCATTCGTTACCCGGG,0.264845441385424
CGCTCTTAAGAATTACCGACAGG,0.0587587120226032
CTGTGGATAGTACCACAAACAGG,0.134377659255285
ATGACTACCTGTCTATCACCAGG,0.473019853709091
TGGTTCCCACTGCAGTGACAAGG,0.324733542319749
CTCTGGATCTGGCAATAGACTGG,0.207847439915987
ATCACCCTAATTGTCGACGGTGG,0.556324020277588
CTTTGTGGACATCTCCACCATGG,0.500762800417555
GGCAAACAAGGCTTATCACCTGG,0.0489864158830094
GGTGGACTCTCAGCAGAAGCGGG,0.301224751730252
GAGAGGTTTCTTACAGGAAGGGG,0.048753487362227
TTCATGACGCACATCACCACGGG,0.559521512440597
ACAGCTGTATTCTGTACGGGTGG,0.0971233933185279
GGATGTCGGGCTTGTGCCGATGG,0.115815513026835
AGCTTCGAGGCCAAATCCACAGG,0.118244315975958
GGAACAGGTACACAGGACGCTGG,0.420916496766616
GATGACGACGTCGCCTAAAGTGG,0.433351188511443
TTGGAAGCTGTATTGGCCCAGGG,0.13546195131207
AAATCTCTCCGCAACTGGAGTGG,0.350524647236835
CACGAAGAACATTAAGCCGAAGG,0.685820271682758
GCGGCCGGTTACCTAAGGAGGGG,0.508544500945926
TCTTGAAAGACCTCAAAGGCCGG,0.132092045355957
ACAGTGCCGATTGTGAAAGGAGG,0.17327063740815
ACCAGTGACAACCCAAAGCCCGG,0.219143155695298
CTGCCGGTTGTCAGAGGAGAAGG,0.207387669801881
CCTGGACATCCATGAGCGGATGG,0.372499568866929
AATAGCAGACAAAGACACCCAGG,0.545953069389186
TCACCAGGTTATGTTGGACGAGG,0.0375204675084966
CCAGCCGGGTACTTACACACTGG,0.340480668756113
CTTCGGCCTAGACTGCGAGGAGG,0.7095319617616
TCACTAGGGCCCTGTCCGGCAGG,0.107655900651961
CAAAGAACTTCTCAAGGGCCTGG,0.0792370014514002
AGCCGATCTCGAGAGAGGGATGG,0.164127481714107
TGTCCTTCACGGCCACGGCGAGG,0.419166235533387
TCTGGAGGCTGTATGGCCGCAGG,0.157912317038528
CTGAACGAGTTCGTGGAGAGCGG,0.128006360925675
GCGGCGGAGAAAGCAGGAACGGG,0.0690804597701567
CCTGCCAAAGATTCTGAAGGAGG,0.109291627382917
CGCCATCACGCTGAACAGACAGG,0.167872957060928
TGTGTCCGTGGTTGCAGCCGTGG,0.188079506171004
CCAGTACAGTGCAGGCCAAAGGG,0.119445579840426
TAGTTCACTTACCCTGCAACAGG,0.246721094467556
GCGAACAGAAGCCCTGCGCCAGG,0.188628095512697
CAGCTTCGGGTCCTTGCAGGTGG,0.307363727696396
TCTGCAAGATGAAATCCAGCGGG,0.649508881922257
AACCATGGCAGAGTCCAGAAAGG,0.0601931143040648
AATAAGAGGGCCATATGACGTGG,0.295663531870846
CGATGGCACGGAGTAGGAAGCGG,0.296543456014265
CCTTAGTAAGCTCCCTGCCAGGG,0.491078461239343
GATGGGATAAGTTCTTCGCAAGG,0.423552769069593
CAGAGCAGTCCTCCTCGCCGTGG,0.419678252252509
GGCCGAGTTGGAACCCACGGGGG,0.282619736055644
CTCACACCACCCGGATGGGATGG,0.30046195131207
CCTGAGGTTTCCGTTTGGCAGGG,0.210571669180409
TCGGCAGATCGCAGAGCAGCGGG,0.121130707842917
ACTGCTGGTATCATACGAAGAGG,0.601527782033073
CTCCTTATAAGGATGAGCCCTGG,0.224247042745316
CCGACCTCATGCATAACAAAAGG,0.0825860087659269
GGATCCTATACTGTGAGAGCTGG,0.394140112231819
CTCTCCCACAGTTGATGAAGAGG,0.112471730372704
GGTGTGTCTGGAATATAACGAGG,0.297186089243105
TGTCTTCTAACCCTGTAGGATGG,0.177933215680095
AGAGCATGGCCACGCTGCGCCGG,0.241339694258779
TACTGTAGTGGCTGAAGGACTGG,0.0485788923720376
GAGACCATGAAGTCCAACCCAGG,0.157669801463323
CCGCCCTGCATTACTTCCGCTGG,0.231933124347335
CTTCTGTTACTCTGACGCGCCGG,0.272504793527117
TCATGCGACCGTTTGACAGCAGG,0.29061175127135
AGAAAGGTGTTCGCGGGCACTGG,0.626533006693261
CCCGCACCTCATCCATGGCGCGG,0.185138022367431
ACCGAACCACGTCCTTACCACGG,0.671577847439498
GGGCCTCAGTGAGTTGACACGGG,0.179979101357994
CCTGCGGGCAGCACTTACCAGGG,0.60276602654718
GGCTCTCTCAAATAGTGAGGAGG,0.601024033438245
GCCATCCAAGATCACCGGGATGG,0.493356413172258
CCACTATGGGTATATCGACCTGG,0.206235201050628
TTGTCACATGTTGCCTGAACTGG,0.150255402201994
TGTGCTCAGCTACGTCAGCAAGG,0.20151733271207
TCCCAGGAATTTGATGCCCATGG,0.118983372419468
CGCCCACATTTGCAGCGAACAGG,0.11905480247298
GGTGCAAGCCCTCTCGGAGATGG,0.168816183286992
CCCTCACCCGGTTGTAAGAACGG,0.213160721409187
AGAGCTCTTCGACCGTGGCACGG,0.208288492586866
CTGAAGACATGATCCCAAACAGG,0.0668597809707545
GACGCTTTCTGTTCTGAGAAGGG,0.106725911101303
CTGCGCGGTGAGGAAGACCATGG,0.301650992685893
GACCGTGTGGGATGAGGCCGAGG,0.416809913694515
TAGACCAATGCACGTCAAGATGG,0.324952978056426
CAGCAAATGCAAGCTGAAAGTGG,0.157089258001367
GACTGCCTATCATATGGCCGTGG,0.22012539184953
GGCCAAACGCAGTGAGCGGCGGG,0.0594117945722584
TGAGGCCTTGTTCCACACACCGG,0.436773341071945
GGTATCTAGCAGAGTGGAAAAGG,0.170020898642006
GGTGATATCGAAGCAGAAGACGG,0.0960366639557693
TTTGCGAAACACAGGGAGACAGG,0.140997712005237
TGTCGTTGTCTTACCCGAAGAGG,0.301598746081505
ACAGCGGCTCTGACCAGACGGGG,0.241992776808622
GCAGGCTGGGACCCTCAAGAAGG,0.176562173458307
GACAGGAAGGTGCTGTACACAGG,0.065987460815047
CAGGGACGCACAACTCACGGTGG,0.361389759665204
GGGAGTGTACGACGTTCGGCAGG,0.114524357773262
TCTGCCACTGCTGAAAGCCCAGG,0.419417019233073
GAGTTTGGAACTTGCACGGAAGG,0.209445579840426
GAATGGAGGAAGCAACCCACAGG,0.50327063740815
TCCAAGGAGCTGCTGACGGCGGG,0.630334378265831
TTCTGTGGAATTAGTGACCCAGG,0.468722139399845
GCAGTTGTCTGGACCTCAGGAGG,0.410540321218026
TGGGATGATCGGATGGCACCAGG,0.48010667440486
TAGTAGCATTATCCCACCACTGG,0.108387761134453
TTAGTTCTAGCTGAGGGAGGTGG,0.27000218119671
TTCTCTGGTAGAGCTCGGCAAGG,0.54122997639044
AGAAGATGACCAGAGAGGACTGG,0.238293717247493
GCCAAAGATCTGGTGAGGCACGG,0.219017763845768
GGTGGCTGCTAATGCACCAAAGG,0.236501250704438
ACTCACGTCCAGCTCCGACAGGG,0.255864250162854
CCAGGTAAAGGGTTGAGAAGAGG,0.27935954796787
CTGCTCTACTCTCTACAGCGGGG,0.199613375131034
CGAGGAACAGAAGTGCGAGGAGG,0.196736768448936
TCGACCATTCTCTCAGCAAGGGG,0.226886102403762
CTTAAGCCTCACCCTAGCAAAGG,0.397139067299531
CTACATGGATTCAACGCAGAAGG,0.503354231974922
TCTCAATGTGGCCTATACAGTGG,0.469090909090909
ATCGCCTGCGTGTCCGCCCACGG,0.405885148804233
GGTGGTTGTGTTCTATGAACTGG,0.557983281087147
GATCAGTCTGCTGCAGCCGCAGG,0.333187042842633
CGGAGGCTCTTAGAACGGAGAGG,0.11963645496933
ACCCTTAGACGCTAGAGACCGGG,0.369401345251882
GCTTGCATTAGATTTGAGGCTGG,0.059317750685111
CTTCACTCGCGATAACAACATGG,0.209119213590252
ATGAAGACGGTAAGGAACCCGGG,0.182257053291536
CCTCCAAGCAGCGCATAGCCTGG,0.171478380761977
ATGACACTGCTTTCAGCAAGAGG,0.106880679612322
CGTGCTCCTCAAGCTGCGCATGG,0.528058607529625
CCGCTGTACTCCGGGTGAAGCGG,0.438119122257053
GCTGGAGTCAAGCCTGCGCCAGG,0.356562173458307
GAAGCGTCCCTGGGATCGAGAGG,0.217147335423197
AAACAGTCCAGTATCCAAGGTGG,0.209780564263323
ATGTGCTGCTGTACAACAACTGG,0.0916214178933408
TGTAGCACAGCACCCACAAGAGG,0.380968743370377
GCAACAAGTGCAGATCGCCCAGG,0.864952978056426
TATCGACACCTTAACCAACCTGG,0.192800417972414
AAACTTTGTTGGCCCACCAGAGG,0.0802320662545781
CGACGGACGCAAGATGGCGACGG,0.115388806066741
AGCAGGCATAGCCGCAGCGGCGG,0.535294762179782
TCATCATGTCGCGTTACGGGCGG,0.0624629962441706
AAGATGACGACGTCCCAGAGGGG,0.110585161964514
CAGTATTACCTCAACGAGCAGGG,0.385420154028685
AAGATGACGATGAGAAACGCCGG,0.191138975966144
GCCGATACTTGTCCACCCAGAGG,0.598920676495142
CGTAGGGTCCACTTGAGAAGAGG,0.342086820695769
CGGCTCAAGTACCAGCACACCGG,0.653345963851255
AGATGCAATCAAGGCCGCCCTGG,0.703939393939812
CCAAATCACGATCCTTGCCCTGG,0.157747973238466
CAGCGACACTCACCCTCCGGCGG,0.385705329153605
GGTCGCTGGTTGCTACGAGCAGG,0.638089955492007
ACTGATTGAAGCCCACGAGCAGG,0.076851302950833
TGCTGCATGTTTAGTAACCCAGG,0.0418077324974295
CCACCAGAGGCGAAGCGGAAAGG,0.0679227663590922
GAAACTGGGTAAACAGGCCCAGG,0.517241379310345
AAACGTCTGCACGCAAACCACGG,0.0676301853768352
CATCCGGCACTCCCTAGCCCTGG,0.0566666666667085
TTATTGAAGATCAGCCCGGGCGG,0.0444514106583072
GGGCAATGCCTCTTCCGGGATGG,0.295153696348434
CGATAACTGCCTCACTGAGATGG,0.12884581605718
AAGCGACTGCAGAGCCAGAAGGG,0.530054427801098
AGTACCCATGTCAGTGGCCAGGG,0.131875454951946
CACATGCAGCATAACTGGGATGG,0.437398119122257
TGTCGCGCTGGTACTTCGGGGGG,0.0946027276791996
ATCCTGGTTGGCAGCAACACAGG,0.18194053020486
TGTTGCTCGTGCCATCACGAGGG,0.06707114671439
CCTCCACAAACTTGATGGCGTGG,0.173318125356992
CGATTCACACTGGAGGGCAAAGG,0.491418064164735
CAGCGACGTGTACGAGCCCGCGG,0.369686520376176
CTAACGAGCGGCTCCTAGACCGG,0.0389446185997492
GGTGCCTGGGCCTGTACAGCAGG,0.18650125070425
GGAAACCGTAGGTCTGGAAGAGG,0.173868429890754
AGCTCACCATCCTCAACGACCGG,0.17450061379903
TAATGCTCTGCGTGTTCCGAGGG,0.290867293626332
CGGCGATCCGAGCATGAGCCTGG,0.355738858313324
GATACTGCTTTGTTACGACCTGG,0.669801462905329
GGGTAAGAAAGCTCGGACCAAGG,0.164858934169279
TCCAGATGCAGAGCTCCAGAGGG,0.487105538140439
ATCTTTGTTCCATGCTGAGGGGG,0.183976432567024
TGGCAAGATCCGGGATGAAATGG,0.0405015673981191
ATCCTACTCTCATCACACACTGG,0.135914315569906
TGTACCGGGACGACTTGGAACGG,0.320185044310816
TGGCAAAGTGGGCTTCAGCAAGG,0.213542319749216
AGACTCGACCAACCAAAGCCTGG,0.0864472309300314
AGACTTCTCTACGTCGGAGGAGG,0.143845151921664
ATGTGAACCACCAAGGCCACGGG,0.350929989551097
GACAGCTGCTGGTATCAACCGGG,0.438476580360973
ATCATCGCCCATATCCAGAAGGG,0.170425378689061
TTCTCTCTCCGAACTGAACAGGG,0.180511410561429
GAACTGGCCAACGTGGCAGGTGG,0.0517868338557994
TGGTACGACGTTCCAAGACAGGG,0.390331334801725
CGGTGAGGATGCGCTCACAGCGG,0.432687656641224
GACAGACTACGCCAAGAAGGTGG,0.045141065830721
TTCACTTCACTCCACAGCGCAGG,0.178648994154704
CCGCAGAGTGGATAAAGAACTGG,0.227880969075707
GGCTTTGGCTGTAGGCACCATGG,0.278962473777901
GCAGAATCGCCGTACACCGCTGG,0.148152651416334
GACATGTTAGCCGCTAACAGTGG,0.35635318704326
TCCTCTGGTGCCATGAAGCAGGG,0.123325065209876
TGCTCGAGGAGAACGTGAAGAGG,0.23801462904953
GGCAGACTTACTACTTCCAGAGG,0.24481713688652
TATATCCAGAAGTCGCCCAGGGG,0.618100404812384
ATATAGAGAGGTCGCAGCACTGG,0.0968151383548916
GAGACTTCTGTCCCGTAACCAGG,0.192534426297431
AAATGACTCATCATACCGGGAGG,0.121444187466741
GCGTGAGGAACGCCTCCGCAAGG,0.363161385544704
AAGCAGACACGAGATGAGACTGG,0.137687656641412
TTGGAGTCCTGACCAAGAGCTGG,0.216551724137931
GCATGTTGTCCTGGATGAAGTGG,0.303743038041224
CGCTGAGGATGGGAGCGACGAGG,0.150127573046866
CATACACACGAAGCTGGGACAGG,0.08075737762693
AGGCTCTGCGCGAGATGAACTGG,0.145561219859594
AGTTCAGCTCATCTGGAGAATGG,0.111305966968623
ACAGCCCAAAGTACATGCACTGG,0.3078892372
GCTGGACTGCAACCGGGAAAGGG,0.179383490072727
CCACCAATCAGATGGACGCCTGG,0.251729828596741
CTTCGAGGGATAGCACGAGGTGG,0.313413884436208
CTGCGATGCTGCGTCGCAGGCGG,0.120111491038607
TCAGTACCTTTATCTCGGAGGGG,0.405485893416928
GATGGTGGCCGTGTTCAGGCCGG,0.558484848485267
CGCTCTTTCAGAGTATACACTGG,0.215350052247022
CTGTTTCGCACAGGCTAGGATGG,0.129923403264313
GCTGCAGCACTTTGAACACCTGG,0.174097906921805
CCCGGCAATTGGGTGTCACCTGG,0.114493207941442
ATACAAGTCCCACCTACCGAGGG,0.241034482758621
CCTCACTCAGATGGCCGACGAGG,0.155000466004892
CCCGTGTCTGAATGCACCGCAGG,0.548484848485266
TTGTTCTCGAGTAAGTCCAGGGG,0.628142202095769
TGTTTGACTCAGTGAACGCCAGG,0.107826541274859
CACTTTGCCTGATGGTAAACAGG,0.0144901644782145
TCGGATGCGTTTATATACGGGGG,0.47224878516787
TGCTCCTTACCGTCTTAGAGGGG,0.262925809821944
TTAACCTTGCAGAGAGCCACTGG,0.435318758383158
CTCTGAGACGAGCTTGGCGGCGG,0.189949934593575
CTAAGAAACCGGCATGCCCAGGG,0.588766980146708
GAGCTGAGACACCGGGCACGTGG,0.179498432601881
TGGGACGCAGGCTTTAAGGAGGG,0.544652128950315
ACTGCGCTTTCGCTTTGCCAGGG,0.374973876698433
GCTCATGCTCCGGCCCGAGAAGG,0.191041888616145
GGTGTAGAACCTGACTGAAATGG,0.0461986284280766
AATGTGGATGGGCTTACAGCTGG,0.0816897465054245
TGGTAGTCATACATACGACCTGG,0.300501567398119
ACACGTCGCTGAAGGCGCCGCGG,0.191609195401881
GCGAAGCCTTCCACTAGCAAAGG,0.291485984749688
GGTGAGTCTCCGCAAGGCCCCGG,0.475841170323511
AACGCTCTTCCACCAGCCGCTGG,0.22051419791602
GAAGGGCCACCTCCCTGAAGGGG,0.346165099268965
CTCTCTTCAATTGCAGGGAGTGG,0.135522932044641
CATGTCTACGACCTTTGCAAGGG,0.571389759665204
CAACCCAGTTAGTACTCACAGGG,0.247985462283857
ACAGCCACCATGTTTAAGGCTGG,0.0435005224660815
GGTTTGCGAAGGTGATGACCCGG,0.552215256008777
AGAAGCGCATGAGGAGAGACTGG,0.314519797248779
CTGGCGCAATGAGTACCCAGAGG,0.357492163009404
ATGCATGAGGTCTACTCACAGGG,0.0186280955127181
ATCATCCTGTTGTCATGCACTGG,0.41622997639044
AGGGATCAGGCAGCTCACCAAGG,0.512100313479624
GGCTATTGGCAAACTGCGGATGG,0.0225309168293117
AATTTGTCAGCTGCTCGAACTGG,0.201343203726898
ACGATGCTGAGTATTCCACGTGG,0.149490164478214
GACCTATGGCTGCACAAGGCTGG,0.0191453368919888
CCCAAATTCAAGGCGGCCCGTGG,0.143179573059041
CTCATCACACACTGGCGCCAAGG,0.0998241347167452
CGTCACCTGGAGCCCTCACCTGG,0.253840591396741
TGTAGGTATCTTCACCAGCAAGG,0.303257144624296
GCGCAGCTTGAGGAGCACGGTGG,0.78822579666254
CCTGTGTTCCATGTGGAAAGCGG,0.320043978480095
CAGATACTGGGTCGTCAGGATGG,0.0705224660397492
GGAAAGCAAACGCAAAGAGCTGG,0.216010540653763
AGCAGACAATGATCCAACAGGGG,0.255101449744672
GACCTATTGGTGCCGCCAACTGG,0.139613176999971
CAAAGTGCTGCAGCATAGCCAGG,0.202663970645003
CGAGCTGGACGTACCAGACCTGG,0.390451501991694
CACTTACCTCGCATCCCAGGGGG,0.10178379039276
TAACTACAGCCAACATGCCAGGG,0.115041191125693
CAGGCACTAACAAGAAGCAATGG,0.452758620689655
TTGACACCACAGGTCCAGCAAGG,0.24941483803511
AAAGCCAACAACCAAAGCCAGGG,0.680472400633073
TTGCACTTCGGTATGCAGGGAGG,0.237379401678214
CCTGGACTTCCTGGACGACGAGG,0.110394030726678
AATGCAGAGGCGAGCCAGAAAGG,0.14601297795953
CACTGATGTCGATGAAGGCCGGG,0.304009495722102
GGAAGATGAACCTGACCCGGGGG,0.41910876426881
AAAGCCTCATAAGGATGGACAGG,0.13996520054751
GGGATGACGACAGCCTAGGGTGG,0.212776475867995
CCCGATACTGCTCGAACAGGTGG,0.223542319749216
CTCACGGGAGGACATCAGGATGG,0.386689746505174
TGGATGAAATCTACCACACGGGG,0.391444187466929
TACCACTACCTTCAGCGACGAGG,0.145574514512823
TGATCTCCATTTCTCGGAAGAGG,0.235294762179155
CCAGTGGATGTACAACAGGGTGG,0.35051942257602
ATCGTCGGCGGTCAGGAGCCTGG,0.235449786798622
ACGGGCAATGACACGGCAGGCGG,0.294169278996865
AAGGCTCTAAGCACTGCCAGGGG,0.211736768448747
GGACCAACATTACTTGGAGGCGG,0.0931556948798746
CTCCAGCTACTCTTCGAGGAAGG,0.268497479002352
CCAATTGCCTTAAAGAGGGCAGG,0.19340865977602
ACCAAGCTCAAGTGTGCCGCAGG,0.137060697393387
TCGGTCTGGTGCTGCTGCGAGGG,0.72070010449279
CCTGTAAGTTCCGTTCCACATGG,0.135146756496052
TTCATTGGGACCGAAAGCAAAGG,0.170177638453918
AGGTGACCCTCTTCGAGAGCTGG,0.206703705294296
CCAGACAGCTGTCATGCGGAGGG,0.358850574712226
CATCCATAATCGAGGGAAAGAGG,0.121162055805048
CTGTCGAACCCGCTCAGCAAAGG,0.0554724006328854
TGTAATGACTACGACAACCCTGG,0.282734678584797
AAACACAGAGGTCGCTAGGCCGG,0.0929467084639498
CTCACCACACACGATGACGATGG,0.448680342117086
GATGCTGTGAAGAACGCCGACGG,0.577687656641224
AGGTTTCTGCCGAAGAAGCAGGG,0.0248693834900313
CCGACACCACCAAGTGGGAGTGG,0.410122348386678
TTTCTCTTGTTATCAGGCGGAGG,0.0740983149484339
CCGACTTCCCAAGGTGCGAAGGG,0.367551815471318
CCTTTGATAGATCTCTGCCGGGG,0.624390895930252
CGCCTTCCGCGACATAGAGGAGG,0.469808868762227
TCGGAGCGCGAAACATGGCGGGG,0.230143247028058
CAGGCCTGAAGCCACTCACAGGG,0.130564263322884
CGGAGGCATGGCACAGCCAATGG,0.164143621699814
GGCGACACTTAATGTTCACGCGG,0.334103539609249
AGCTGGCTGGCTAAATGAACTGG,0.0558381268606596
TGTATGGTGAAGTTGGCCAAGGG,0.175956112852665
GCACAACCACAACTGGCACGTGG,0.440553814002508
CGAGGAAGACCGGAAGGCCATGG,0.122810867293668
GGCCAGGTAATTACCGCAGGGGG,0.590399255387305
TGACATAGTCCGGGATCACCTGG,0.237092045355957
TTCTGAGTGCAAGCATGGCCTGG,0.187190905876664
TAAAGCCAGAGTGGAGACACAGG,0.355017316376888
TCTTGAAGTCGACGCAGGCCCGG,0.241950979525236
CCTACATTCATCGATCCGGGCGG,0.457147335423197
TCGCTTTAGTGCCGGCGCCATGG,0.0221525600836364
CCAGAGCCCTTGAGGAACACAGG,0.262998955068338
ATTTGATCACCACGTCCAGAGGG,0.147724229263794
ACCGGAATCTCGATGAACACAGG,0.460522466040125
TGTTCCATCAAAGGTCCAGGGGG,0.234615148300883
AATCAGAATCAGGTCCACCAGGG,0.42337208715345
TGAAGAGTTTGTCCTTGGACAGG,0.368020319713983
GATTGGAGTTGGCCTTCGCCGGG,0.193982964392839
CACTACAAGACGCCAGGCGCTGG,0.0330847308313806
TCCGGAATGGATACCAGGGCCGG,0.483845350052664
AGAGGATGGTGCCTTTGAGACGG,0.0647357235168978
TTCGTCTGCGAAGAAGAAAGAGG,0.390665713067556
TGCATGATGCTGTTGAGGCGGGG,0.114631230308935
CTTACCTTCTGGGCTTGGGCAGG,0.166354960213153
GGTCTTCGAGGGATAGCACGAGG,0.483126528114578
CGCTACATGGTAGAGAACCACGG,0.409730498856898
CGGACTTCGACGAGTTCGAGCGG,0.157128617978967
TACTGCCTCTCCAAGCCCAATGG,0.146818647823074
ACAGAGGTGAACTGTTGCAATGG,0.100613466463606
GGGTCTGGCTTGAGCTCCACAGG,0.145788317562433
AGCCCAAAGGATAGATGCACTGG,0.532957157784326
CAGATATTCCCTCCCACAACCGG,0.059801462904953
TGTGCTGCCCACCAAGGAGCTGG,0.116436583478591
CAGTCTTCCCACTGTGAGGAGGG,0.400853800841851
ATGACCTACTGTCAGTCCGATGG,0.157217437205675
CCGGCACAAAGAACACAAGAAGG,0.325362682764108
GACCCTAGTGGAAATTACGGGGG,0.646679297184798
GCGGCGGTAGTCAGCCCAGACGG,0.00752569216891667
AGTGTTGTGAATAGTACGGCTGG,0.145279088197964
GGCGCAGCATACTTCCAGCAAGG,0.37494470993276
CTTCTCTGCACTATGTCGGGTGG,0.497107719337149
TGGATGGCTTTGATTCGCCCTGG,0.301475535428685
CAAGAAGTATGGCCTGGACCAGG,0.143685158750394
GCCCTTCTCCTCTTAGGCCATGG,0.231458146255676
TGGCCTGGATAGGCAGGACATGG,0.110877544816084
GAGTATTCTTATCCATCCCGTGG,0.397165190601098
AAGAAAGGCGAGCAGAACAGAGG,0.166499477533542
GATGTGGAGGTTTCTGCCAGTGG,0.366590477957838
GCAGAACATGATCCGCCGCCTGG,0.134181909514578
GCTGTGGAATCAGCTCAAGCTGG,0.207717289411412
TCCTATAGATCTGCAGACCAAGG,0.138944618599373
TAACTTCAGACCACCGCCCAAGG,0.155686611708936
GCCGGCATAAGAGCATACGCTGG,0.174132100216602
CCGTCCCACTTATGTGGAGCTGG,0.0757835009289363
ATCGTGGGTATGCCTGGGACAGG,0.140068386590096
GAGGATCTCAGGCTCCACGATGG,0.58942746855345
TTCACATCGGCAGCCACCCGTGG,0.24505747126395
TTCATCCATGACAAGACCGCAGG,0.247133842639343
CGCTTGGCATGGAACTCCAAAGG,0.125475444096552
GACGGAAGTCGGCAAAGCCACGG,0.514699461970619
CCTACCTGAGTGCAATGCAAAGG,0.462311481092635
CTCAATCTCAGACCTACAGATGG,0.468079506171004
TAACCTACCTTCTGTGGCCAAGG,0.0673458725182445
AGCATAGCCTCCGATGACCATGG,0.696679297184797
AGTACCTCAGTGATGCCAAAGGG,0.00642633228840126
CAAAGGCATGACCATGGAGGCGG,0.137551815470691
CTAGCAGGACTTCTCGGCGAGGG,0.301692789968652
GAAAGCCGAGAAGTTTCCACTGG,0.149367617961287
TTACCTTCATGTTGTCAGGGGGG,0.270456726651882
CCCAGGCCTTTGTGGTGAAGCGG,0.0366562173458307
AGGCAAGACTGATGAAGCGGAGG,0.272619736055644
CACCATGAGCACACCTGGGCAGG,0.723539276285738
GGCCATCGAGCAGTTCCAGGTGG,0.194796238244514
GAGACGCTATGACCTAAGGATGG,0.351903957581663
GCGTCTGCACAAGATGCCGGTGG,0.256757667090754
GGAACCTCCTTTGCCAGACGAGG,0.0805120167188715
CAACGAAGACACTTCAGCCCTGG,0.390815047021943
CGTGAATGGTAGAAATCAGCTGG,0.162293019756853
CTCCGCGTACATGTCTAGCGGGG,0.192739903245612
TCGCCTGCGGGAACTTGACCGGG,0.587450365726646
ATCATGAAGAGTTCAGGAGCTGG,0.174670648264548
ACTACCTGGAGTGCAACACAGGG,0.644787970120848
CGAGAGGGAAGCGATGCCACGGG,0.729845441385425
GGACATAGCTTATCTGCAAGAGG,0.160263414216961
GGCGGAGATGTTCCGCAGCATGG,0.240924158732589
GCTCACCTATCTGTGTCAAGTGG,0.405460236120252
AGGGCAGCTTCCTTATCAAGAGG,0.292789968652038
TCAGTCAGAACTTGGAGCCGTGG,0.135836411668466
AGTGCCAACCAGTGATGAGGAGG,0.198683385579937
TGAACACTACCTGTGTAGACAGG,0.186924856223481
TGAAGAGCGAACGGGAGCGAGGG,0.218523602304547
CGAGTTGTAGGCGCGAGACACGG,0.414208032816773
CAGGAAGGGCCCACAGAACCAGG,0.115153696348434
CCTGGAGAATCTGCGGCGGAAGG,0.465579937304075
AAATCCTGGCGGCGAAGCCCTGG,0.268633320172885
GGCGTATCAACCCTGCCCACAGG,0.286449412127117
ACGACATCACTGTAGTGAGCAGG,0.212332379734641
TTCAGGTGTCTGCACAAGCGAGG,0.124806687565266
GAGTGGATTCTGAGGACCGGAGG,0.45647857889279
GACCATGCTGTATACTCCACAGG,0.26689350826066
AGCTCCCAAAGAGCAACAGAAGG,0.157768871879783
AAAGGCAGCAAGAGATGCACAGG,0.443800509305801
TAGGTACTGCTTCTCCGAGATGG,0.49941483803511
TGCATCCAGCATCTTGACAATGG,0.487175639922102
AGAACCGACGGAAGAAGAGACGG,0.374913361970377
TATGTTGGTAACCTGGGAACTGG,0.467719004603606
TCCAGTGTCGAAGGCTGGACAGG,0.0959352142110345
GGAGACCAGAAAGGGCGGAAAGG,0.0095924764890282
ATCCAGCAAGAACTGACAAGAGG,0.21822579666254
CCCATATCCTTTACTGCCAGTGG,0.186771159874608
CGACATAGAGGAGGTGAGCCAGG,0.2376981059616
CGTCACAGATTGACGCACAGCGG,0.173965983246271
GGGCGGAGTGGAAAGGACGCAGG,0.221003134796238
TACTGCTCGTCTCAGCAAGGAGG,0.197311481092634
CCAGGGCTCGCCATGAAGCCAGG,0.0962746190063031
AAGTTGAAGCGCTGGAAGAAAGG,0.0671024946767098
GACCTCAAGGAGGAGCGCGGCGG,0.121447696934923
TTAAATTGGCAGGGAGGAGGAGG,0.124058954971066
TCCTGTGAAAGCCAAGAACGTGG,0.139738766980564
TGGTGTCTGAGTGCTCCGCGCGG,0.124207624789893
CACCTGTCAATTTCTGCAGCTGG,0.269514572587964
GAAGCTGGTTCAGGCACGCCAGG,0.186546965482384
AGCAGTCGGCAAGGACAACCCGG,0.350104493207523
GGAGGGTCAGATGGTCCAAGTGG,0.68212339331834
TCAGTACTCAGCCTGGCAAGGGG,0.0446678029317129
CTTTCGGACAACGGATCGCCCGG,0.134195868303701
CGAAGATGGAGGGAATGCGGGGG,0.220435828009876
TAGTCACAAGCTCTATGCCGAGG,0.479017763845768
CTTGCTGCTTTGAGTGAGAGTGG,0.0833122365610993
GGGTGAGAACCTATCACCGGAGG,0.0669070010448903
TCTCAGTACAGGGCCCACAAGGG,0.0463344695983399
ATATGTAGTTGACACGGGCATGG,0.326489028213166
AGCAACAGCAGGGCGTGGAAGGG,0.401650992685893
GCACCAAGTAGATCATCAGAAGG,0.283513152983544
CCTTTCCGGTATCCGTACGGGGG,0.177377220480251
TTGGTGCAAACCCTGGGAGAAGG,0.689871564686992
TCTTCCAGTTATGCAGCACCTGG,0.208905002513512
TGGAGGACCAGTTCGCCAAGCGG,0.29077020627508
AAAGGTTGCTACTTAGCCACTGG,0.40512757304624
GAGACACTGCTCTGACAAAGAGG,0.157314524555486
GCCTTGATACAGTCTAGACGGGG,0.374098314948434
CGGAAGAAGATACCTCAGAAAGG,0.0830248802392811
GCTTCACTCGCACGTCCGCACGG,0.286287447655017
ACTTTACCGTGGTGCTCGAAGGG,0.308011585586051
CTAGCGAGTTATGGCGACGAAGG,0.0991348875714433
TTCTGAGATTCCCTCCAGGCAGG,0.0301671891326646
GCCCTTGCTGCTGTGGGACAGGG,0.121019274782321
ACATCATCTGGACCCTGACACGG,0.0941135809027659
GCTGACCAAAGTGGGCGCCGAGG,0.459331243469592
GACGGACTTTAAGGCCCAGCTGG,0.190997712004986
CATCCTCTGCCAGTCGCAAAAGG,0.0153888060665092
TGCCCTCCTTCATAGTGAGAAGG,0.194200626959248
AGGGATATCTTCACTCCACATGG,0.200629140444359
CTAGGATCTTTGAACTGACCTGG,0.234399164053918
AGAGTTCTTCATACCCGCCCAGG,0.548265412748589
CAGAATCTCGTGTGGCAGCGTGG,0.0435079283236063
TAAGGATGAGTGGACTCAGCTGG,0.226812957157367
GGTGGTGTGGCCAATCCCAGAGG,0.465360501567398
AGAACTACGAGCTGCGAGAAAGG,0.0694953891385907
CGTGCGGCTGCACACCAACAAGG,0.00269592476489028
TTACCTGACATGGGAAACAGAGG,0.160062497794328
CCTACCAGCTCGGTTTCCACAGG,0.0706030171427913
ATGCGGTGGTCCTTGAGAAAGGG,0.120164145669437
GATCAGCGGTTTGTATGGAATGG,0.60923415611834
AACCGAGGCCTCAGGCCAGGAGG,0.210153696348434
GGGCTATACCAAAGAAGAAGAGG,0.0987460815047022
TCATGCCTTCGACAAAGCCCTGG,0.0365412748171787
CAGTCGGAGAGGAAGCCCGGCGG,0.237029349431192
CACTGCAGAGCAGCGGCGCACGG,0.0360292580981818
CAAATATGGGCGGAAGAAGGAGG,0.205221616934014
CCCAAGAGGAAGGCCTCGGGCGG,0.415989642012384
CTTGGAGAAGGAGCATGAGGCGG,0.371170323928527
CGTGGCCATGTCCCAGCGAGTGG,0.502348053715205
TGCCTCCCAGACGGTGAAGAAGG,0.194531961761161
CCCTCGTTCTGCTGGCCAAGTGG,0.00338557993730408
GGTGAAATAGGCACCACAAAAGG,0.363197492163009
GCAGAGTATGACGTCTCCAGAGG,0.42965735361113
CGTGGAAAGCCTAAGAGCACAGG,0.325653082549216
TGCACAGACTTTATGTAGGGGGG,0.105235109717868
CCTGGAACCCTTGGAGGACGGGG,0.399589433026177
AGTATAACTGCCTGACACAGCGG,0.447321930413638
CAGCCGACCTGACTGAAAGAGGG,0.320122348386678
CTGGTTCACACGGCGCAGGGGGG,0.510430603349688
TGTACTCTTGGTGTCCACAAGGG,0.479699150894515
AGCTTGCATCATACAGCGAGTGG,0.280062695924765
AGCAACCCAGCTGAACAACAAGG,0.126432022953732
CTCCCTTTGGCGTAAGCAGAAGG,0.0606709377279323
TGAAACCCGAGAGGAGCGCATGG,0.161086729363009
TCACTCACCAAGGGCCGCGCCGG,0.1236385448337
AACACTCACCATCCTACGAATGG,0.289626005648747
AAAGGCCATCATAGAGACGCAGG,0.301438962806114
GAAGCTCCTGGACTATGAGGTGG,0.22899382174091
CATGCTTAGCATCCAGGAAAGGG,0.0521421107627586
AGGGATGCCCAATACAAACATGG,0.10068097902193
CTGCCAGTATTCCATCGAAGCGG,0.30576802507837
TTGCTGAGGGAGGACAGGAGGGG,0.504401345251882
TTACATGGTCTGGTTCCAGCTGG,0.212870519754703
GGAACCATCCTCTACACAGGTGG,0.167023716744124
GGTCATGGCCACTACTGGCCAGG,0.0895506792058934
ACTTTCAGCCACCGTACAAGTGG,0.123324657182808
TCCTCCAGGAAGACGTGAGGAGG,0.190399255387305
CTGGTAGAACTCCTCTGCGGTGG,0.447324973877116
TTCTCCTGATCAAGGTCAGCTGG,0.0948587360386542
AGCACATTTGCAAATCGCGAGGG,0.198261961257855
CTGCAGTGCCTCATTTGAGGAGG,0.100365726227837
AGCCACCCACCTGGTAGAACTGG,0.125815513026836
ACGAAATAAACTGGCGACGAAGG,0.255017855177901
GAAGGGAGAACAGGAACGGCGGG,0.199615148301115
TGCCCAGCCAGAAGAGGACGAGG,0.0851641456694371
CTCGGCCAGACCCACCACAGAGG,0.258777429467085
CCTTTCAGTATCAGCAAACCTGG,0.0565412748171787
CTGGTTACCATAGGAGGCAAGGG,0.173861490038372
CGGGCTCGGAAGCTGTCACAGGG,0.301559129995456
TGCTGGGAATAGGAGTACACTGG,0.145841170323511
CGACATGTAGTCCGGTAGCGGGG,0.091423288825111
ATTGTGACTGGCAGCCGAGATGG,0.25692789968652
GAAAGTTGAGCTTGCGCAGCTGG,0.0181400208986834
TACCGACTGTATGCCTACACGGG,0.464764890282132
AGAAGTGGAGGAGCTCGCCGAGG,0.441099359880722
CGTACGGATACCGGAAAGGCTGG,0.231818181818182
GCTGGCCAGTCTGGTCCAGCTGG,0.146317080424955
ATTAGACGTGGAATTGGACGAGG,0.116490801383435
CAAAGTGTCCTCCATTACGCAGG,0.306679297184798
AGTAGACAGTATTCCTGAGGAGG,0.248795284645612
TAATGCATCTGCCATCACGGTGG,0.503176593521003
TTGAACTGCTGACTTGGGAACGG,0.13997605789533
CCATGTCAACTGACCTCGGATGG,0.196467931440974
CATCAAATGGTCATCTACCCGGG,0.561517332712697
GCGCAAGGGTCAGAGAGCAAAGG,0.171663623203606
TACCTGGAGCACAATGCACGTGG,0.00220480668756113
CCTGATCACTTTGTCGAGCAAGG,0.144952779925801
CAACGGAAACACGTGTAAGATGG,0.0621837099153313
CGCTCACGCTCAGCTGCAGGAGG,0.0850833964357075
AGACCGCCTCCAAGTCGCCGAGG,0.230679205852038
ACGCTGCTGCGGACGTACAGCGG,0.295723184332133
CTGAGTACTTGTGATCACCAAGG,0.204670846394984
CGATTCTTCACTGTCAGCGATGG,0.0968129571577429
AAGCGGGACTGGATGCACACAGG,0.181609195401881
TAGGGTAAGGTAGCCGAACGTGG,0.345684430511599
GGGCTGCTCTTACTCGGAAAGGG,0.273847531249374
CACTCGCTCCACCATGGGCACGG,0.133264806590708
TGAGCTCTTTCGCTCCCGACTGG,0.171970162974547
AGAACTTGATCCCGGTCCGCCGG,0.141381491541725
AGTGCTTCGTGAAATGCGACAGG,0.00870428422152979
TTCTTCAGCTGCATATCCACGGG,0.0820032261294371
TTGGCATTCTTAGATACCGGGGG,0.244333424666302
ACCAACTACCAGCTGGGCACAGG,0.53683603699671
GCGACAGAAACTAGAGACCCAGG,0.379657353610503
ATCTGCGCATGAGTTCAGCAGGG,0.189247648902821
GAAAGACGCCGACATAAGGCTGG,0.28494252873605
CCAATACCTTGGCAGTGACCGGG,0.10140761484392
GAAGGAGTGCACGGTAACAGTGG,0.220512016718495
CTCCTGACAGTGGATCGAGCGGG,0.26206592205439
GGATCACCATCCATCTCAACAGG,0.103928746487933
TTGCTGGCACGAATAACCACAGG,0.215629140444359
TTGACAAGAACCTGGAGCCCGGG,0.590783699059561
ACCCTGTAGAGTTTCCACGGTGG,0.301243469174922
TGATAATCCTGCCTGGGAAGGGG,0.181264367815674
CACGTACAGGAATGCAGAACTGG,0.103882388679914
AAGTCTTGGCGGTGGAGCCATGG,0.164054138337275
CAGCTCCAGGCGATAGGGCACGG,0.102789770521413
GCCCTAAGACGATCATCAGGAGG,0.556339694258779
ATCTACCGGCACCTACGCCCTGG,0.615088819226332
TCAGCATGTCGGGCTCGGCGAGG,0.236619601294757
GCTTGCGGGCCTTTCAAACATGG,0.086793831686507
GCCTGATATCAACCAAGAAGAGG,0.0673354231974922
ACCGATCCGATTGAAGAAGATGG,0.373936350476334
GATGACAAGTACAAGAGACCTGG,0.410284312858779
GCTTGGACTTAAGGATCAGCAGG,0.094660397074232
AGGCGGGCTCAATGGAAGGCCGG,0.509354323308309
TACCGTCAGATTTCCTCCAGAGG,0.11113897596652
TTCCGGACATATTCCTGGAGAGG,0.384453591855644
AAATGCTGCCAGTGCTCAAAAGG,0.184269013549343
GGCCTTAAGGTCCCGGCCCACGG,0.136442472274484
CGGCATGTCTCGATTGGAGAAGG,0.0284922543423524
ACCGGGAGAAAGACTCAACCCGG,0.229623824451411
CCGGGTACGAAGATTCCAACAGG,0.0808881922674608
TTGTGGACTACCGAACCAGGTGG,0.576856935638089
TAAACTGCTCGGCGCCGCCACGG,0.278528826965362
CAGTCTCAAGATCATAGAGGTGG,0.454678252252509
TCTTAACATCAGGGTGCACGAGG,0.149009495721914
GCCGGGTTAAACGGCAGGGCCGG,0.100331334802352
GCGGATGCGAAGTTCCCGCATGG,0.548931125816145
CTTCATCGGGCCGTCTCAGGTGG,0.215109717868338
CTGGTATAACTGTCTGACACTGG,0.313460906380409
TCACAATGCAGTCGAGACACTGG,0.159458816515832
TGGACGCACATTTGATGCCCAGG,0.16153605015674
ACTGGAGCAGGAACGACAGCAGG,0.0805015673981191
GAGCTACCCGGAGATCGACAAGG,0.544239380779155
CATCTGTTTACTGGCAGGCAAGG,0.0980877742946709
AATCAGAGATCCTTCGGAAGCGG,0.277677207320221
AGATGTTGCCGCTCCCGCCCAGG,0.0827166252758329
CTTTCTCCTAGGTATAGCGAAGG,0.364994775339185
ACGATGCCGTGGGCCGAGAGTGG,0.10907219164624
AGGCTTGGTTAGACAACAGCTGG,0.26170785779215
AGTTCTGGACACACTGGAACCGG,0.227868338557994
AGGATACAGCCATGTAACACTGG,0.402204806687147
GCCCAGAATGCCTTGAGAAGAGG,0.301935305544045
AGGCTCCTTTAACCGAACAGTGG,0.478035527690282
GACAGCTGACGAGGCCACGCGGG,0.422154741280722
CGGGACCACATGCGCAACCATGG,0.250731452455172
TGATCTCCAAGAACATGCCCTGG,0.389046068344672
CTCGACTGTGGGATCCACCCTGG,0.552058516196865
AAGCTTGTGACCAGTTGGGATGG,0.482567489451882
CACGTTGTGCAACGCCGCCCCGG,0.286729362591849
TTCCAATCACAGACTCCAGGTGG,0.362978056426332
GAGATAATGCCAAACGAGCATGG,0.277551815471318
AGAGTGGTCTGTGTTTACGGAGG,0.494244605439343
ACAGAGTCTTTAATAGGCCCAGG,0.162719004603418
TCCGCCAAACCTCAGCAACCTGG,0.0967628917509417
AACCACATGAAACTCCACACGGG,0.408340739191067
ACTCAGAGCCTTAATTGGGCTGG,0.50494470993276
CCAAGCTGAGAGAGATGCACTGG,0.599059561128527
GCCAGCGTCCACAAAGCAGGTGG,0.0728838144085601
TGACTTCTCCGTGTCCCAGGCGG,0.230083594566771
AGCTCACGGCCAGGATCACGTGG,0.363993821740283
GGACGGCGCCATTGAGGACCCGG,0.308438292546585
ACCCTTACCTTCTACCGAAGGGG,0.336245650371631
AGTTGGAACAACCACAGGGCAGG,0.501940530204233
TCCGGCGACACAAGTTCCGAGGG,0.224947147238545
TTAGCCCACCAACCTTGCCGGGG,0.252288401253918
GCCTGCTGGTAATAGAAACCAGG,0.29122997639044
TCTTCCATCAACTCATGGCAGGG,0.592424242423824
TGTTGCCTATGCGCCAAAGAAGG,0.170904332253544
GGCTAAGGTACAGCTCCCGCAGG,0.292466039707837
GGCTGCAGTGTCGTCCAGCCAGG,0.275136307174798
CCTCACTGTGTGCCGCACCAAGG,0.17153605015674
TTGAATAGCCAAGTGCAGGGAGG,0.412298850574295
CCTGGGCTGTGAAGTGAGCGAGG,0.239887238668183
GGTCTACTGTCAGTACAAAGAGG,0.274033437826959
CGTGCTGGATGTGACTGAGCAGG,0.00866248693834482
GAACGCGCACACCAAGACGGTGG,0.46153605015674
CTCTCCCTTAGCTTACAAAGAGG,0.225120167188715
CGGCCACGGACTCTGACGAAAGG,0.296449412127117
TTCTTTACCTGGACGTCGGATGG,0.128866714698685
ACTTTGTGCCGCTAGTGAAGCGG,0.14730976590044
CTGGGTACGGTGTACCGGCGTGG,0.129879634680222
AGGGACGCTTAGCTCAGGAGCGG,0.3055873431616
ACAGAACTAGACAGTACGGATGG,0.441977102827431
CAGCCTGGCGCCTCTGAAGGAGG,0.0835736677115987
TGGAATGCCGGCCAAGCGACAGG,0.560252964896396
CTCCTGTGTGTTGGAGAGGCTGG,0.193192733507462
TGAGGAAGCGTTGGCTGCGCTGG,0.146854754441379
TCTGCAATACGAGTACAAGGCGG,0.389393939394357
AGTTAACCTCCTGTGGCGCAGGG,0.140946129536804
ACCTGAGGAGATGCGCCAGCAGG,0.382024124771004
ATGAAGAGCTTGACCGACAGAGG,0.329822361546081
GGCCCGGCATGTAGTAGCGGTGG,0.246924856223669
CACAAGAAGACTCAACAGGAAGG,0.392233111186678
CAGAGCGCTGGTAGATGAGGGGG,0.143539276285926
AGATCTGTCGGAACTGGGAGCGG,0.156368662893388
GAGTGCATCCAATGCAGCCAGGG,0.24578065559671
CGCTCAGACTATTAAGGAAGAGG,0.0381818181818182
CGGCCGCTACCTTGTTGAGCCGG,0.295968743371004
TTAACTTGAGTGGTTGCCCACGG,0.246060606060188
TCGCCTGGAGCTGGACCAAAAGG,0.100414929368497
GGTAACATGGCGGATGCGGAAGG,0.340859025502039
CAGTCATCTTCAGTTCAGCGAGG,0.418278043266302
AGGGCAATGGCTTCGTACAAAGG,0.0718913270636991
TATGGGAGACGGCCAACAACCGG,0.182664576802508
CCGAGCAAGTAGAGAGCAAGAGG,0.0543155694880251
CGGCAGCCCAGTGGCTGAAAGGG,0.105136307175212
TGCTCTGGAGACACGAAGACTGG,0.0318077324974294
CTGGATCCTGGCGGATGAGCAGG,0.175564065192071
AGCAGAGGTATGATGCCACCTGG,0.52305338286881
GATACGGCCTTCCCTGGAACTGG,0.119885057471223
GACAGCGACCATCCGTCCGATGG,0.284315569488401
GGGCGATTCTCTCACTGAGCCGG,0.0649342606119449
ACCATGGTAAAGAAGCGGAAAGG,0.148145711563889
TTATCCAGAGAGCTTCGACCAGG,0.0954022988505329
CTATGGACATTCATTTGCGGTGG,0.404855890706428
CTCCGGCACGCTGTGCACCATGG,0.25269592476489
TCATGCGGTTCTGTTTCAGCTGG,0.196807126339925
GCATGCTTTGTCTTAGCAGAAGG,0.0332392894461442
CTGTTAGCAGACTTGGCCGATGG,0.26660397074232
GATTGATGCCTTCCTACGGGAGG,0.599479715157838
AAGTCCTTACCTTCATGGCATGG,0.191065830721003
TTCTGCCGTTTCACCAGGGAGGG,0.246327529745331
ATGCCTCCACCAGCATGAGGAGG,0.347071146714578
AGAGACCGTAATGCAGGACCAGG,0.280179819650628
GCCAAACATGCTGGTCCCACTGG,0.263965983246271
TTAGCAACCTGTTCCGCAGATGG,0.19153605015674
GCAGTTATCTGTACCTCAGCCGG,0.188975966561755
ATAGTTTGTGCTCAAAGCGCAGG,0.0900417972831348
TGGTGGTCTGTCTATCAAGAAGG,0.116374085684389
TGCTACTCCTTCTGGCAGGCGGG,0.092878589748184
GCCATGATATATGAGGACCAAGG,0.30012539184953
TCATCGAGACGGTGTACCGCGGG,0.42040448004812
AGAAGGACACAGCTCAACAGTGG,0.145914315569906
TACACCGAAGAACGGCCGCGTGG,0.189968652037618
CAGACACCAGTTCGCAGAGCAGG,0.0789154518345154
CCCGACGGGACTTACGAGCCGGG,0.0633929857948289
TGATAAAGCGCGGGAACACCGGG,0.400660488407368
ACCAGGTGAGTCTGCGACAAGGG,0.0634243337572114
AGGCAAGACACTCTGTGCGCGGG,0.588366862493262
TTTCTGTCCACTCTGGACAATGG,0.16297222560847
ACTGACCGCAGAGATGAGAGAGG,0.398319840549688
GCACCGCAAGACCGGCCAGAAGG,0.560349562980859
TCATACCGGATATACTGAGCAGG,0.376938349006896
ATGGCCTTTAGGCTGACAGGTGG,0.425728408992321
AGCTGTGGTAGTTTGTCCACTGG,0.217283176593103
TGTAGGTAGACGAAGAGCGGCGG,0.212457771583982
CTCGCTAGCATGTCGGGCCGCGG,0.167473037538294
TACCCTTTCAGTAGCAACAGTGG,0.0696521289505029
TAAAGAGATCCCTCTTGCCAAGG,0.0923058484053596
AAGGTGTGAGGTGAACCGAAGGG,0.198450457059218
CCAACAGTTTGTGATTGAGGGGG,0.0959269460873681
AAGAGGAGTCCCGGAACACGAGG,0.156959247648903
GCTACAGAGTCTTCGAGAGCTGG,0.0487273640602208
AGAGAACGGAGCGGACGCCATGG,0.42917668485439
TTTCACCTGAGCAGACAGACGGG,0.206599212086397
GATCTCGAGTGGACAGCCGATGG,0.0657680250783699
CAGCCGAATTGGTCTTGAGAAGG,0.0754828499536377
CTACATGGCAATAGATGGAGTGG,0.361167280465675
CGATGACAGAACTTGACCACAGG,0.333361637832446
GCTTTGACAGTATACAGGGAAGG,0.176496434070503
CATGATGGAGTTTGAGCGGCAGG,0.30974921630094
TCAAGGAGCAGAAGTACGACCGG,0.344594657685738
AAGGAGGCTCTGTTCTCAGAGGG,0.118599592883168
AATGAGGAGGACTGTAGAAGGGG,0.584137931034483
GAAGGTGCAGCCGCCTGACGCGG,0.407813048490754
ACCAACCCACCTCCCAGGAACGG,0.257760801886992
ATCCCAATTGCTGACAAACGAGG,0.282601880877743
AGCGCCTCCAAGGAGAAACGAGG,0.210287158191193
GGAAAGAATAGCACTTGGAGTGG,0.273437826541693
TGCACTGATAACCAGTCAGAAGG,0.201799464373512
GGTGGTGAGCCAAGTGGGCCAGG,0.140261034888999
CTTCCAAGGAACCAGTGCGAAGG,0.516081504702194
TGGACGATACTCACTCCGGCGGG,0.228565399587932
CAGCCGCTTGCGATATCAAGGGG,0.289866340026804
TCAAAGAAGCAGTATCGGCAAGG,0.315111899065675
ACTGCACCAGCAAGATCGGCAGG,0.350477625293261
CCAAGTGGACCGGGTGGACGAGG,0.0775757575757994
CTACCAAGAATTGGGCCCGCTGG,0.172319143058815
GGCGCGTATGATACCTAAAGTGG,0.435571669180409
CACTCGTTCGTGTTCACGCGAGG,0.217839171792948
TGCGAAGAAGTTCAAAGCGAAGG,0.159466478482056
ACCTGTTACGGTGTATGAGATGG,0.520247740235581
CCTCGACAAATGAAGACACCTGG,0.272452546923355
GGATGCAAATGCTGCACAGCAGG,0.0303134796238244
CGGAATCTCGATGAACACAGGGG,0.453176593521003
TACCGATGTCCTCCTCCCGCAGG,0.249602925809404
GCGGGAACGCGATGAGGAGCAGG,0.105336559462729
GATGCAAATGCCAATAGAGGTGG,0.158183999378528
AATGCCACAGCAGTCCCAAATGG,0.0978994883897514
TTCCCAGTATCCACATGCGGTGG,0.211762891750942
TAGCACTCACCTACGAACACTGG,0.288999046401098
TGACCGCGTGGTGAAGCCAGTGG,0.644025169703293
AAATCTCCTCAGAGCCGCCGCGG,0.204793194781036
CTTCAAATCACTCACAACGGAGG,0.270083594566771
AGTTCCCTCTACTCACCAGCAGG,0.32260406207508
AGTTGTTGTGGACGCTCAGGAGG,0.114733542319749
CTCAAATACTCACCCTGACCCGG,0.0717315437885593
GAAACATCTAGTGGTGCCGGGGG,0.572998955068339
ATGGGCCTGACACAACCAAAGGG,0.068048158208622
CAGCTGCTCCATCCTGGACGCGG,0.0785601749275562
ACCTCTGCGCTCGGAGACGGCGG,0.114394405398835
ATTGTCCAGCATGCGCAGGATGG,0.134984326018809
CATGACAACAAGGTGCAGGATGG,0.545352233443732
GACACTTAATGTTCACGCGGTGG,0.486371042221161
GGCTGAGCAATATTAGCAGGTGG,0.124942528735674
CGGACCTGTCGTACTCAGACCGG,0.107530508802432
GGACAATTCCGGGAAGGAAGCGG,0.229688701573512
CGGAGAACGACCTCAACCAGGGG,0.168225796661914
TGTTTGCTGCAGAAGAGACAGGG,0.19794325697403
CCTGACCGAGCCTGATCAGAGGG,0.0854022988505329
GGGAGCCAAACCCGTAGAAATGG,0.158093464960002
CGCCGAGAAATTTCTCAAGGGGG,0.273497479002979
TTGGTACGACGTTCCAAGACAGG,0.0582205720017255
AGTTGCCGCATGCCTAACAATGG,0.254952978056426
CTTGCAGTCCTTGTTTGGAGAGG,0.305158921009249
TCCTCAATTTATCGGAAGGCAGG,0.131264169685469
GGCTGACGAGGTGGTAGCCCCGG,0.21743515774997
GATATCAATCATCCGTGAGCTGG,0.171180773250157
TCACTTCGCTGGCCTTGGAGAGG,0.356068011917713
CTGCGTCCGAATGTACGAACTGG,0.100694681702165
GAGAACTGCATCCAACAGAGGGG,0.545151515151097
TACAAGACACTCACCGGGACCGG,0.148580665542494
CCGGGACGCTAAGGCAGCCATGG,0.385158921009249
GAAATACTTCTGTACTCGGCTGG,0.0721630094043887
TGGCACCAGGGAATAAACCCTGG,0.131830404309454
TGGTACGACATGTTCCGAGGTGG,0.56506792058558
ATCGTTGGAGCCAATGGAACAGG,0.16588236144958
GCGCCAAAGACTTTGAAGCCCGG,0.118925901155519
TCGCCGAGAAATTTCTCAAGGGG,0.105344629455582
GCCGTATTTCTACTGCGACGAGG,0.370816006728404
GGTCACCGTCAGAGTCCCGGAGG,0.337021943573668
AAGAACCCGGAGTCCCAGCGCGG,0.156971878166804
ATGTGGTCTCCTCACTGCGCCGG,0.267899686520376
AAGGTGTGTTTCCTCGCCACAGG,0.392204806687147
GAACTCCAGCAACGTCCGGATGG,0.39071055381442
CTGGGCATACATCAAGAGGAAGG,0.304364772628685
GGACAAGCGGGTGTCTGAGGAGG,0.0570846394984326
GATATCTTCGAGAGAGCGCATGG,0.221574803976647
GCTCATCAGCACTGTAGGCCCGG,0.0357993730407524
CATTTCTCAGGACGCCAAGCTGG,0.201671891326646
TTCAGTGCAACACGTGGAGGCGG,0.359317750685111
CTGCAACAACATCATAGAGCCGG,0.131076280041379
ACAGTCGTGTCTGTTCAAACCGG,0.152630185376647
AACAGTCTCTCAGGATCAGAAGG,0.112436872941976
CCCTCCTGGTTGGGATAGCCAGG,0.129769916811883
TCAGTGATACCCACTGAACCTGG,0.163816183286992
TTTCTTGCAACGCATGGGCAAGG,0.30189701772903
ACCGGGATCCTCGTCTGAACAGG,0.125506593928102
TGAAGAGGACAACGCGGCCAAGG,0.0787008327313972
CTCCTCGATCCTTGGTCAGCGGG,0.0989078478463657
GCATACTGACTATTTGCCAGGGG,0.662598837414265
GGTGGTGATGAAGCAGCCGAAGG,0.277290582451255
ACTTGAAGTTTGCTGGCCACAGG,0.0550365726228213
GCCCTACCTCGCCTGTGAGCAGG,0.577533960292163
TCCCATCCTTGGCTAAGAACTGG,0.158392985794829
ACTCAAGGTCTCCACAAGGGTGG,0.117557040131506
CACTCCGCAGGCCATCACGCTGG,0.219124438250189
GGATCGAGCCTGTTTCACCATGG,0.624646904290127
ATTCCATCTAGGCCGTAGCATGG,0.143145245558621
TTTACAGCCGCAAGCACCAGCGG,0.422614511396083
CCGCGTCACGGAGCAGGACAAGG,0.205106674405048
GGCGGGACATACTAACCGGCTGG,0.375947844728998
GCCCACATCAGGTTGAAGAAAGG,0.273507928323355
TGTAAACTGGAACCCGGCCAGGG,0.188084730831193
ATGCCTATGTCGGTGGAGGAAGG,0.280143247028058
CAATCGCATAGAGAAGAGGGAGG,0.511180773250157
TGAGGTGATGACATCGGAGGGGG,0.222936259143574
TGATCTCCTTGATCGGAAGGAGG,0.360963518710189
GCGCTGGACGGAGAGGAAAGCGG,0.331256099692634
TGGGCATCGGACCAATGAGGTGG,0.458286311389342
CGAGGCAGGGTTACTCACCATGG,0.0674003003194057
CGTCTGCGCCTACGTGCGCATGG,0.238782047970019
ACGCGTCATCGAGTGTGACGTGG,0.357666757999218
CATTCACTTCGCTGTGAAGATGG,0.134265096054281
AGGGCCTCTGATCCGGAAGCAGG,0.16496520054751
TGAGGAAGCTGGCTACAAGCTGG,0.126363636363636
TATGGGTTCGAGAAGAAGAGAGG,0.350101449744672
CACCAGGTATCCTAAGAAGCTGG,0.100825496342696
CTTGCTAGGTCGATTCCGGGGGG,0.0402612330198119
CAGTTGGGTAGGGTCTCCGGGGG,0.373163100737149
GACCAACGTTAATTGCAGGGCGG,0.465603017142791
TGTAGTGTATGCTTCCAGGAGGG,0.258199673359719
TAGACAGGTTCAATGACCCAGGG,0.609072191646866
CTCCTGTCAGGTGTCAGAAATGG,0.121729828596365
TGTATACCGTATTGCCAGACAGG,0.485383581406114
CAGCCCGTAATGGCTCACACTGG,0.0292446054395938
TCTGTGGTGGAGTACGACCCGGG,0.777680250783699
TTGAAAGGGCACTCCACAGAAGG,0.14388932853276
AGTCAATGGGAGTTCTCAGCAGG,0.267857889237617
CAGCATTCCATCATTCCGAGGGG,0.221703239289028
CCTAACTCTGGCAACTCGAGAGG,0.160906047445613
AGCCAGGCATGAAGATCACAAGG,0.43594262006881
GCGGAAGATGTCGGACAGCGAGG,0.23241074963997
AATTACTGCGCGACCTCCCATGG,0.702142110762382
CAACCTCATCTACTATGCACTGG,0.26705329153605
TCAGGCCAAGAAGTACGCCATGG,0.690104493207524
CGTCCCATGGAATGTCACCCTGG,0.158089955491819
CTTTCCTGTTGAGCTCCACCTGG,0.309019945042478
GGTATTTAGCTTGTAGACCCTGG,0.551182954446866
GGATGGTCCCACGGAGACCCTGG,0.292964563641851
AGAGTGGTATAAGAGCAGCATGG,0.207199582027586
GAAGGCCGGCATGATGCAGGCGG,0.193343782654545
AACTCCCGCACTTACCAGAGAGG,0.425414929368497
GCTATCCTGAAGGCATCAAGTGG,0.241630094043887
CCAGGAAGAGATGATGGGCGAGG,0.14726927578262
CGTCCCAGCGCTGTAGACACTGG,0.231880877742947
AGATCAGCTCCGACTTGGACGGG,0.301047113276334
GCTCCAAGAGTGAGGTAGACGGG,0.172241845315237
CGGCAGCAATGGAAACAGGAGGG,0.316386716202352
CGCAGAGCTACACGCGGAGCAGG,0.222633228840125
AACACGAGAACTTGCCAGCCAGG,0.175282597666334
CTAAACCCTGGACCTTACCCTGG,0.266280041796865
AGTGACATACCCACCCAGAAGGG,0.0267711598746082
CTACATTAGAGAGTCTGGCAAGG,0.0715569487983699
TCACCGTCCGGAGGGAGAGCTGG,0.179791013583699
GGACACCAGGGAGAAGAACGAGG,0.406499477533542
CCCAGAACTAGTTGCCCGGCTGG,0.177258826461993
GAAGATCAGCTTCTGCCGCAAGG,0.293667711598746
TTGGGTACGGACAGCAAACCAGG,0.165433646812539
CTGCTGACGGCGGGAAGCGACGG,0.425433646812539
GGAGGCTGCCATGGACGACGAGG,0.231804689034327
CACCCGGAAGGATGGGAAACAGG,0.0889548697899394
CCCGGAGGTGTACCACCACCTGG,0.159518725086006
GCGGAAGGTCTTGTGTGGCGGGG,0.241898732921286
ACAAGGACACGGTCGTGCGGTGG,0.725799373040752
TTGCCGCCTTTGGGACCACCCGG,0.0113553682399888
GCACTTACATCGAAGAGGAGAGG,0.742392894461442
CTTACCTGAAGTAACTCGGATGG,0.651256099692634
ATCGGGAACATCATCTGAGAAGG,0.154988944521743
AACCTCGAAGTAGGGAGCACTGG,0.0323510971786834
AGAGAGCAAGGATGACCAGAAGG,0.0485967475503148
CACCGCTTCAGTGCAACACGTGG,0.290073145245141
CCGCTTTCCACATGGAACACAGG,0.0990356190238571
ACTTAGCATTTCAGGCAACCTGG,0.481437247613669
AGACCATGCTGACAAAGGCCCGG,0.367220480668338
AACTTGTTTCCGACAGGGCATGG,0.106822800321093
CTGTACTTCAGGTGCACAAATGG,0.147805036475787
AAAGGTGTGAGGTGAACCGAAGG,0.214479715157211
AGTTGACCCTACTGGAGAGGAGG,0.184472309300313
GGATGTGCTCATACGTGGGCAGG,0.0740334378265831
TGGTCCTGACTTGCTCCCGGAGG,0.380007405857525
ACACGAGATGAGACTGGCAAAGG,0.124291219356287
TGCCGACGTGAGGGATCCAAAGG,0.0832780432661142
CACGTTGGTATCGATGCCAGCGG,0.192703330622227
TGTCCTCAGGTACGACAACATGG,0.269443142534641
ACCAAGATCTTCTGCTGAAGAGG,0.190036374492134
GCACTTATTACTGGCCAGACAGG,0.206603364584188
TGTGCTCGAGCAACCAGAACCGG,0.14642050147052
GGGACACATACAAGCTGAAAAGG,0.108267185918482
TACAGCTCCGGGTTGACAAATGG,0.406862160298904
CCATGTCTCGCACCTTGAGGAGG,0.337133842639343
CCTTCTCAATGCGAAGGAGCAGG,0.403612421531506
AGTGTCTTGCCTGTACCGGGTGG,0.440467175972885
GGTAATACCCAATGCCACGAAGG,0.514505838459406
ACACTCTTGCCCTCGGCCACAGG,0.138183999379155
TCACAAGCCACTACCTCAAAAGG,0.148709974886773
GATTTCGGTTCTAAGCCCAGAGG,0.574911180773668
GCGCCGCCATGAACCTAGAGCGG,0.455337817943869
AGCTGTTTAGCCAGCAACACAGG,0.253980585064878
GCCTCGATTCACTCGCGCGGCGG,0.00870428422152979
TAAACGCCTCCGGAGCGACGCGG,0.312560083594984
ACTCCGGCCACACAGACGACAGG,0.281522557372258
GGACCAGGACCGCTTCGAGAAGG,0.331765935213793
CTTCCTGACCTCTTCAACCCAGG,0.0895106550929646
AGTGCATCTGAGCCGCCCGCAGG,0.127293625914734
GCGTTTCTGGAAGATGCCCACGG,0.349676071055799
GGACTGTCCGTAGGGACCCACGG,0.304594657686365
CTACAAGGTCTAGGGCCCGGCGG,0.374555903865831
TGGACTCGTCCAAGATCAAGCGG,0.116010540653951
TTAGGTGTCCTTGAACCAGATGG,0.132648296663854
CCAATACTGGTGCCCAAGCCTGG,0.126432022953732
GGCGTATTTAGGGTCCGCCATGG,0.289401345251255
ACAGGTGATACACTTGGAGCTGG,0.124978903227996
TTCGCGCACACCGTAGGCCACGG,0.670608241803606
TATTGCCCAGCTGGATCCAGAGG,0.297722048066458
CAACAGCATCGCCACACAAGGGG,0.132560083594984
GGTGGGAAGCGATACTGCCACGG,0.651337513062069
CCTAGGCACCGCTCTAAAGAGGG,0.281974921630094
TTAGCCTAACTCTGGTGAACTGG,0.0239916405433229
GCTGCACGTCGGACATAAACAGG,0.0190774163068458
ACGGTCCTTAGCTCTTCCGGGGG,0.491097178683386
TGATGGCCGATATGTACAACAGG,0.700773249739185
GGGCGAAGCCAGCAATGACGAGG,0.101313162929936
TCGGAAGGCCCTGAGCAAAGAGG,0.261086729363009
AGTCCTGGGTCCGCCTCAAGCGG,0.185733633652509
ATCTCGGGAAGTTGCTAGGGAGG,0.224202808156584
CCCACATCCACAGTGCCGACTGG,0.161151198457855
TCATTTGAATCGCCCTCCCATGG,0.119180194322509
CGACTGAGCATTGTCCAGGATGG,0.459845441384797
TGAGGATGGGAGCGACGAGGAGG,0.141015765314578
TCTGCATGCAGCGACTAAGGAGG,0.0882097146540931
TACCTCGAAGAGTGTGAAGGAGG,0.416311389759248
TGATGGGCGCGAGCGGGACACGG,0.186741993108936
ACAGTCTGCATGGATTCGGAAGG,0.668871473354232
CAATTGTCTGGCGGCGAGCCAGG,0.157954114321663
CTTCAAACCTAGGATGAAGCTGG,0.128251919964296
CTGGACTATCTAAAGAGGCCCGG,0.307972831765517
CACTAGGGCCCTGTCCGGCAGGG,0.145595413154642
AGTCGCCGCAGCACAGCAAGAGG,0.350564263322884
AATATCCAATCGGTGACCCAGGG,0.443970741902194
CGGACTGATCATGGGCGGCCTGG,0.162722514071726
ACCTGACGGTGCTGTACGGGGGG,0.244688701572885
GATCAGCCCGTTCCCGCAGCCGG,0.523278043265675
TGCGGTCTTCCAGAGAACGACGG,0.227389850998591
GATGGCCTTAATCCTTCACCCGG,0.423615464994357
GGATCCACACCTGTTAGCCGGGG,0.374009495721475
CACAGTCCCATCGTCGGAGCTGG,0.214535005225078
GCCTCTTACCTGAACCCACGAGG,0.568296760710972
CTACACCATCCATAGCCAGCTGG,0.24289141839671
TGAGATGCGTCGTAAAGCAAAGG,0.263183999379155
GACACAGTGTAAACACCAACTGG,0.139608616475111
ACTGTGTCTGAGGATGGACCAGG,0.178215347341537
AGGCCCATGAGAAGACGCACAGG,0.206248693834483
GATTCAGCCGCGACAGACGCAGG,0.192377022349626
GCACTGCTGAATGGATAGCAAGG,0.197669801463323
AGTGGAGGTCGGCCGGAAGGAGG,0.248737405354156
GCTGAACTACCTCAAAGAGAAGG,0.132186089243293
GAGACGGGCTACCACCGGAGTGG,0.279996956536522
TGTTGGAAGGCCTTGTAGCCTGG,0.0215778474398746
ACCTGAATGGCCCAGTGAGGTGG,0.299686520376176
CCTGCTCCTTCGCATTGAGAAGG,0.0854567266516941
CCCACCATGTTACAAGACAATGG,0.280289537518967
AACAAGGTTCCAGTGGGACATGG,0.0623301985370533
TCTAGATGGACGGTTTCCAAAGG,0.0601671891326646
TGCGGTTGAGGCGCAGGGACCGG,0.103788344792767
CGTGAAGGGCTACCTGAAGATGG,0.106833855799373
TAGATACCACGAGGAACCCGAGG,0.370564263322884
ATAGTGTATGCTGCTGCAGATGG,0.184383956077995
CGCCATCACGCTCAGCGAGAAGG,0.157569926757874
TCCCACATCATTGAGGAAGCTGG,0.163704750226459
TCTTTGTTTCAGGCCGGAGATGG,0.503622870852509
ATGTGTGGTTTCTTCACGACCGG,0.218257144624296
TCATTCAAGTGCCAAGAAGGCGG,0.0629362591431975
GGGCCATGGCTCCTACGGAGAGG,0.320911272106428
ATACCGTCAGCTTTAAGGACAGG,0.164545454545455
GGGCTGCCACGGACCTGAAATGG,0.0586624869383072
TGTCGACCATAGTCTCCCAGAGG,0.425895598125236
TCACAGTAGCATAGATGCACTGG,0.36504920314091
TCATCCTCCGTGATATCAGCAGG,0.507896643056898
CGCGTAGTCTCTCGTTCGCCAGG,0.105508973255456
TGTGCCTATGCTTCTAGGAGAGG,0.382904911181191
CAATGTTGGTTCCCACAACATGG,0.026269592476489
CGCCTGTGGCCAGCATCCGATGG,0.0399791013583699
ACCGTCCACATGTCTCCAGCAGG,0.135456726651882
AGGAGCTGGTTGCCTTCCAGCGG,0.294829767404233
AAACGCGCTGTGCGAGCAGCTGG,0.180832902200284
GGTTCAAGAGGAGCAAAGCCTGG,0.35
TTGGCCCTCTTAAGAGAAGAAGG,0.0528914183967098
ATGGAGGCGCGCTTCACGCGCGG,0.0912955176478705
GGACTGATGACACCTGGCACAGG,0.333116078794202
GCAGGATCCAAGTCCTCAGAAGG,0.325224660397492
ATCTGTGATGTCTCCCGCCAAGG,0.486499477533542
AGAAGGTGCGGCCTTGGAAGTGG,0.28471482487508
GACATCCCAAGATTGGGAGAGGG,0.48965735361113
ATGGTGGCCGTGTTCAGGCCGGG,0.158725182862696
TTCCTCGGCTGTGACGCCGCTGG,0.144085078273028
GATATCGAAGCAGAAGACGGAGG,0.499850666045613
GCAGATCCATGTGGTTCCCATGG,0.4357493076337
CTCCTCGATGCTGAGTGAGGAGG,0.413011585586051
ACCCGACTGCATGTCCAAGGTGG,0.294535005225078
TGCCCGCAAATTTGATGGGAAGG,0.206369327028967
GAAATTGATGGAGTACGAGCCGG,0.291149425287774
AGCTGGAGACTCCGCAGCCCCGG,0.0940199450426847
GAGGGCAGGCAATACGGCCGTGG,0.170318098126759
ACTAGTCATCCCGGAGAAGCAGG,0.0883355145304402
GGACAGTTCAGCCACCGCGGCGG,0.674965608574766
GCAAGATCGTCGGCAACAAGTGG,0.283816183286992
GCTTTCACCGACGTGGCCACTGG,0.276018808777429
GGTATCCCTGTTGATCCGCCGGG,0.596739811912226
TCGACCGGATCCGCGTCAGGCGG,0.290208986416301
GAGGTCTTGTCGTGTGAGCGTGG,0.187995911604233
TGCAAGTTTCTTCTTGGCGATGG,0.0737981299780272
GATTACTGCACGGGCAACAAAGG,0.0885597669006762
TGTTGTCACACAAACCACGAAGG,0.0902738635375875
GGAACTCCTCTCCAGAAGACAGG,0.200543364680878
TCCCAGCGCGCTACTTACAGTGG,0.506172505125863
CCACAACCACACAACTGAGCTGG,0.123648586127385
TTCATCTACCATGGCTCAGCCGG,0.277191313903293
GGTTGCACTTCCTGCAGAAGAGG,0.0769039575816627
ATTAGACATCATGCCAGGGCTGG,0.12035223344392
AAGCTGGTCAAATTTCGCGAAGG,0.100365726227837
GGTGGAGCAGAGCCGACAGGAGG,0.386115033861914
CAACCCATGACAATCCCAGCCGG,0.415297805642633
TGCAGTAACACAAGTAGCCAAGG,0.0741483803552351
CGTACAACGGGAACGGAGCCCGG,0.0663024140576512
CACTGCAGTACTATTGGCCATGG,0.0551201671890909
ATGCTGAATTAGTGGCCCAATGG,0.202930428325066
TTCTACCATAGTGTCGGCGCTGG,0.147794995181601
GGAAATCTTCTTCGAAGCCATGG,0.23242363626657
ACTTGCAGATAAGGAGCGGGTGG,0.558136977435581
AAACCTTGTGATGGTTGGGCTGG,0.236115033861913
GCACAGTATGTTGCTGGGAATGG,0.326538231354076
ACTGCTTGATACTCAGACCAGGG,0.206781609194984
TGGGAGTTAAACTCTGGAGATGG,0.431600927278841
AAATAGCCACCAGGATCCAAAGG,0.521327063740439
CTACTGTACAGGGAAACACCAGG,0.145091000423669
GGCAGGCTTCTCCGGTGGCATGG,0.416436781608777
GATGTCAGACCCTAAGAAGAAGG,0.326499477533542
AGAGCTACCTGTTGCTGAGCTGG,0.102298652444109
GGGCCCGACGCTCTATGGACAGG,0.139826980049392
CTACACTTACCTCAGTCCGGTGG,0.492873563218809
AACGGCTCTTTACTATGCGAGGG,0.433575848908935
GCGCTCCGTGGTTAGCACAGTGG,0.302131661442006
TCGCCAGTACAGCTCTGCCACGG,0.819864158830094
AGAACCATTGGTTACTGACGTGG,0.294223706797964
TGGCCAAACGCAGTGAGCGGCGG,0.265707510350315
AACCTAATGGATCCCTGGACTGG,0.19743515774997
CTGGCTGCTCCCGTAGCGACTGG,0.0775096101608643
GAACAGCAAGCGCTACAAAGAGG,0.41546195131207
GGAAATTCCACACTGGACCCAGG,0.428631138975549
TCGAACTCAACGAAGGCGAAGGG,0.0794535918554559
AATCCAGGATCCTCTGGACCAGG,0.131358411702821
TTTCCTACTGTCATTGGAGCAGG,0.109556369871136
TCCTCATAGGTTCCAGGAGAAGG,0.193552769069592
TCTTATCCATCCCGTGGAAAAGG,0.0900729471149551
ATCTCCGAAATGCTAAAGCCTGG,0.11803010489972
TGACTTCGATCAGTTACCGGAGG,0.240914117438654
AGTTTCCAAAGTGGACACAGGGG,0.136663623203167
CATGATATGACTGACCGCCATGG,0.229103539608622
CCACCTTGACCTGAAAGGAGGGG,0.4314807600895
TACCATCGAGGCTCTGAAACTGG,0.072105340009419
GCTGGGAACCTTCACTACCCTGG,0.180637408568025
GGACTTCAATTGGCAAGCCCAGG,0.318181818181818
TGGTCCACCCAGACTTGGACAGG,0.412037617554859
ACGCTTCACTGATACCCGGAAGG,0.64674721776975
GGAGAGTCACAATGCGGGACAGG,0.701745036573041
GGGTCTGGCCAATGATAGCGAGG,0.297836990595611
TTTGGATCGGGAGAACCGAAGGG,0.114472309299937
AGGTCAGGCCAAGCCGAGAGGGG,0.107774294670846
CGTGGCTGTGCACAACAACCGGG,0.129373040752351
ATGCTGCGGACAACAAACAAAGG,0.446094135219907
CACTCACCTCAATGAAAGACAGG,0.278302451375425
TCCGATGTCATCACCTCACCCGG,0.26766153333903
CATCCGATTCCACCGCACCAGGG,0.203993821740472
CCTCGCAGAAAGCAACGAGGAGG,0.210890373465048
CAGGACCAAGCTCTACAGAGAGG,0.470362682764735
ACCAGAGCCACAATAAGCCATGG,0.255122348386051
CGGCTCCTGGACAAAGACACAGG,0.109396120591067
GGTCCAGTGGATGTACAACAGGG,0.185488074614265
CTGCCTGGAAACGTGTCAGGGGG,0.695764981614891
GACCCGAGGAATTCTCCACCAGG,0.341789015053136
ATACAATGCACCAGCGGAAAAGG,0.173494691648138
TCTCCACCAGACGTAAGGCCCGG,0.663340739191067
TCCTACATCTTACATGAGGCCGG,0.0658538008418508
GCCAGAGGTGAGCATGCAAGCGG,0.105387090874271
AGTTACCGTCTGCATCAGGGTGG,0.165423197492163
CCTCCACGTCGCCAAACAGGCGG,0.190576893840597
GCACCGAAGGAAGCAGAACCTGG,0.179798419441224
TGAAGCTATCACTCTGGAACTGG,0.170131082514861
AAGCTTGAGTTTCACGAACCTGG,0.253946391770269
GAACATCAAACGTCCTCCAGGGG,0.67365726227837
GGCACCCAGTCAGCAGAGGCTGG,0.11548284995345
GGTGCAGTTGTTGGCCGAAGAGG,0.378037708887619
CACCGTTGGCTCCTAGGCCGAGG,0.10636866289345
CTGCGTCCTACCGGGAGACACGG,0.362468220904547
CCAAAGCAGTGGAGGTCGGCCGG,0.540242515575393
TGGTAGTGCGGCTGGACGGCCGG,0.219602925809404
ACTCTGTGAGCGAGTCACAAAGG,0.24741074963997
TTGGTACAACGATCCAGGCCAGG,0.205932170747807
TTGCTACTGAACAGCAGAGCTGG,0.313126528114578
CTCATTCTCTTGTGGCCAAAAGG,0.0784428530710241
TTTCATACTTGCTCGCCGCCAGG,0.238772670811161
AGGACTAGTGCTCTACCAAGAGG,0.563330289870064
CATACGGGCAGCACGACGCGCGG,0.334615556327744
ACTGCCAATTGGGAATGCCGAGG,0.204793194781224
CGGTGGCCTTCGTACCGGACTGG,0.327899686520376
TACCCAATGGATTCACCAAGAGG,0.358223615464577
TCTTGTGTAGGAGTATACGGAGG,0.532964563641851
TGCAGCCCTGGCTAGAAAGAAGG,0.130616509927273
AACCGGCTCCTTAATCCAAGTGG,0.0634191090968163
GCTATCGAGCCATGACGAACCGG,0.49801462904953
GGATCTTTGCTTCTCACGCCAGG,0.228041218355989
GGGCCATAGTAGATGCAGCCAGG,0.179395712563999
GATGCCTCAGTACCTTCCGCAGG,0.597384626338403
AACACATTCATCTGACGACCTGG,0.236948798328527
AATACCAGCAGTGCCTCACCAGG,0.371883058940283
AGAATTCGCCCATCATCAACGGG,0.154706812860301
TAAAGCGAAGCCTGGTGACCGGG,0.504472309300313
AGATATCAAAGACACGACGGTGG,0.116081504702194
ACGGAGTACACCGCCTCCACAGG,0.593458725182445
ACGCCTCCACGTCGCCAAACAGG,0.188886541177981
CTCACCAAAGTATTTGGAGGTGG,0.211940530204233
ATGGTTTAGCATCGCTAGGAAGG,0.280872984290785
GGGAGAATACTGTAGTACCAAGG,0.63837208715345
CCCTGTTCCTCCCACAGACACGG,0.186428513485299
CCCTCACTATGCAACTGGAGTGG,0.238923719958621
GAGAACGAGGCGGCAGAAAGGGG,0.283471355700785
GATCCCAGTCGTGGCCGAAGCGG,0.534447298961215
TCGCGGTCGGAGCTGCACCATGG,0.214587053697776
TTTGCTAGCTGTAACCAAGGTGG,0.243876698015047
AGCTGAAGGAGGCTTTGGAGAGG,0.340524647236835
GACAAAGAACTGTATCCCAGCGG,0.170355276906583
ATCCTTGCACACAATTCGGGGGG,0.208923719958621
GACCGAGATCCCACCAGCCCTGG,0.480919540229467
CTGATTCTGCTACTTACGCATGG,0.349902912649374
CGTCCAGTGTACCTGAGAGATGG,0.0974629962441706
GAGGACTCCTGGACCGAGACCGG,0.086987552147807
CGGCTGGTGGTTACTGGCCCCGG,0.0342184821375876
TCACCTACGAACACTGGCAATGG,0.390200718292634
CAGTGGAGTGGTGCCCGGCAAGG,0.141421107627586
AGCAGACTGTTACCTTGAGGAGG,0.350488074614265
GACATGTCCGAGTCCAAGAGCGG,0.248505747126019
TGAGCTGCACCAAAGAGACGTGG,0.491177729786051
GGGTGCGCTGCACCTCGAAGCGG,0.0988242532800335
ACCTCCTCGATGTAGGCCGGCGG,0.408265412748589
CTGTGTTGTTGCTGGTGAAAAGG,0.144206317624578
GCGGTCCTCCTCCGAGAGGATGG,0.322076371374766
TGGTGACTCACGTATCGGAAAGG,0.378894553192948
GAACACGCTATGGGAACGGCTGG,0.522828722471945
ACTCTCCATGCTCCTGGCCATGG,0.00942528735632599
CTCTTTCCTCTTCTAGGCCAAGG,0.0645842083653618
CACAGGCTCCCTAGATGACCTGG,0.11578892372
AGCTCCAGGCGATAGGGCACGGG,0.128392985795017
GCAAGAGGCACAGATGCAGCAGG,0.0907417036458015
ATTTGCGGAATCCCTGACAGAGG,0.329840216724609
AGACTGCGGCACGCCAGCGATGG,0.401715869807368
TGTGATGCACTCTCAAAGGGTGG,0.277112943997337
TCAGAATCCCATTCTTCCACAGG,0.267136886102821
CATTGACAGGATAGTGGCCAGGG,0.198014022891649
GGTGAATCGCCCAGAGGAGCTGG,0.215441052670503
CATCAGTCAGGTTGAGCCACAGG,0.331880877742947
TGCGGAACTCCTCGGAACCATGG,0.157969788302666
TAACAAAGCACTACAGCAGCTGG,0.383586298229939
AGAAGCCAATACACTGAACCTGG,0.114526737101224
ATGGAAGCCCAATATCAGCCTGG,0.274840216724609
AGCTGGAGCAAGTATTGGCGAGG,0.230984417351569
ATAGTGGATGGTTGAGACGCCGG,0.136720686440927
AGTTGTACTTACTGTTGCCCAGG,0.48153605015674
GCATGTTCATAATCTCCCACTGG,0.205297805642633
CAGCAATGATATCCACCAGGCGG,0.225496342737304
CTCAGCTTCCAGTGAACGGCAGG,0.20512234838624
TCAAACCCGATCCCAGGCACAGG,0.114910982642623
TGCATATATGCCCGGAGGAAAGG,0.143970741902194
CGTGGAGAAGCCCTTCGGGAGGG,0.220535096557838
ATGCAGGCTGTGAGAAACGCGGG,0.410723184332133
TGTGAAGGATATTGACCCGGAGG,0.446509926855172
CGGGATACCTGGGATCCAACAGG,0.0445141065830721
CAATGTGGCAATGGACGAAGAGG,0.0253814002090282
GGAGGGATCTCAGTGAGGCCCGG,0.165512482723763
CACTCACATCGGCAGGACGCGGG,0.197084639498432
AGCCTCCGTTTGGACTCCGGCGG,0.525383581406114
CTGAGCCAGCGGAAGAACGCCGG,0.276109809201098
GCCCTACATGACCCGGGAGCAGG,0.189226552130378
TTGTAGCCGAGTTAGCAGCGGGG,0.0546499477533542
AGGTGATTCGCTCCCAGGGAGGG,0.402039798752196
AGTTCCGCCAGTAGGACCGCAGG,0.0627190046036063
CAGTCACAGATCTGGAGAAGTGG,0.184474490497023
CGAGGGATTCTCTTATCAGCAGG,0.100083594566395
GAATTCATGGTCTGCGCAGCTGG,0.0922779519331662
TGGAGGAGGTATGCCTGGACTGG,0.0282340647858307
TCCCTGTGCTAAGCCGAAGGAGG,0.309093090287619
TGGAGTGTGGCTAGACAAAGTGG,0.0888660505631871
TGGTGGAGATGTCGCGCCCAAGG,0.764691745036991
CGGCTGTCCTTGTCCAACAGTGG,0.279352142110345
CGCCTTCTAAGATGATCGCCCGG,0.245924764890282
GGGACGTCGCTCAGACCAAGGGG,0.162653929351319
AGTCCACCTACAGTTCCAAAAGG,0.0858357475328862
TCAGGCGCTTAAACGGCAGACGG,0.165145684333655
CACCCTGTGTTCGCAGCAAATGG,0.173285705232276
TCACCGAATTCCAAGAAGCCGGG,0.11255181547113
AAAGGTGCCGAAGAGCGCCCCGG,0.359171460194202
CATCCTGCGGGAGGTCAGCGAGG,0.154466886508874
TAAGGATGATCCCAAAGCCAAGG,0.15352142110721
ACAGCGCATTAAAGCAGAGAAGG,0.085057471264326
TCGTGAGCGGCTTCGAGAACTGG,0.100015475850566
TCGTGGCTGTGCACAACAACCGG,0.171604436746835
AGACCGCCCAGCAGTTGAAGCGG,0.132555324939061
ATATGACGATCAGTGACGAGTGG,0.135862068965517
CGTACCATTAAGAGGAGGACAGG,0.232936259143574
GAGGAAGTCGATCATGAGCGTGG,0.115005224660439
CCAGACTTCAGCTCGACGCATGG,0.045576893840785
GCCGTGATTAAGATGGAAGGAGG,0.355555995199218
TTTACAGAGGTCCAATCACGCGG,0.232133842638716
CAAACCATTGAGTCTCCACAAGG,0.435830721003135
AAGCTGATGCGCCTCCCAGGAGG,0.103573667711599
ACTACATTCTCGGCCTGAGCAGG,0.136010540653763
GGGACGTCAATGTCATCAGCTGG,0.234346917450784
ACAAACTTTGCAGCTCGAACAGG,0.17589910759323
CAGGCTAGACGAGATGGAGAGGG,0.433218390805016
ACCACTTCCAAGCTAGGCACTGG,0.182860070434327
TAAACTGCGCACAGGAGACCTGG,0.120148471688246
CGAGGATGTCCAAGCGGCACCGG,0.182420790934093
GGACTCTGTATACATCGGCATGG,0.385799373040752
ACTTCAGGCTCACTCACCGGGGG,0.237896643057337
GGTGTACTATGGACTGACGGAGG,0.25466217024467
CTTCAGAATGCACAGCCGCCTGG,0.146572622779937
TGAACACTTCGATGACACAGTGG,0.56110458454091
GAAGCCTGAAGGAGTTACGGAGG,0.0848275862068966
AATGGTGTCACTTACCACACTGG,0.111034284628015
GAATGTGAACGTGGTGAAGAAGG,0.0362352010508163
CGGTCTGTTGGCCGTGCCAATGG,0.227706840090158
TCTTGATGAAGCTCAAGGAGTGG,0.232131661442006
CACATGCCCAAGGAAACCCGAGG,0.231903957581663
CTTCGTGGAGACCCTGAAGCGGG,0.0258329022002835
AGGCAGCTTTGTATTGGACCAGG,0.191619644723511
TGCAGGCCGAGTACACCGAGGGG,0.432288401253919
TCACCTCAAACTTCTTGGCATGG,0.231561567301053
GGCGTCCTTGGCGAGTAGAGAGG,0.184119213589813
GATGTTCGTCCTGGTGGAAATGG,0.0235131529839825
AGTTCGCTCCGTGTTTGAAAGGG,0.182773688513404
AACTCTTCTTCAGAGACGCGAGG,0.219597503018798
GAAGGTCAGCATCCACCAAATGG,0.404237665587337
CCTGGAGCGCTCGCGAGAAGCGG,0.372969788302666
TTGAATCTGTCCTGTAGGGAAGG,0.127570998920252
AATGCTTTGCTGAGGAACAGCGG,0.168460906380221
AGGTCCTTGTCCCTCAGAGATGG,0.0331034482758621
TGCTGCGAGAAACGCTGACCTGG,0.0951532883217421
GGAGATTGCCCGGGATGGACTGG,0.367811333298936
AGGCTCTTTGGTAAACGCAAGGG,0.299976057895142
CTGTGTCAACATGCAAGGCCAGG,0.168620689655172
CTCCATTTGATCCCGCCACCGGG,0.148936350476146
CCAGTCATTGACCTGAAGCGAGG,0.245088819226332
GGGTCAACATTTGCTCACCAAGG,0.337896643056898
TCAGGAGCCCAAGTATCAACTGG,0.0381818181818182
AGCTCGGAAACAGATGAGCAAGG,0.487429467084639
GCTTACTTGTAATCTGCAGGTGG,0.381762891750942
TGGGCCAGCGCAGTGTGAACCGG,0.183518377644547
AAGGGTAAACAACTCGCCGCAGG,0.402277951933542
GAGCCACCCTCACCGTCAGCCGG,0.378380355276489
AACTCACTGAGCACGAGCACTGG,0.0640617423256753
GATGGCGAAGTCTCAGACAGAGG,0.341653173882603
GCAGTCTTCCCACTGTGAGGAGG,0.521506883391694
CTTTGATGCTGGTGCCAAGGTGG,0.123993413713654
CTTGGCCACACTGCAACAGCTGG,0.114145336892196
TCTCCCGGAAGTCCTCACAGTGG,0.132727272727273
TCGGTGGGTGCAGATGGCGGCGG,0.432468220904547
ATCGGCGGCTGGAAAGCACCCGG,0.447499568866929
TAGCCTTTACCTCTACAGCATGG,0.309448367194829
GCATCCTATGGTGTGTCAAAAGG,0.153531264270959
AGCGGTGCAGAATACACACCTGG,0.190023079838716
TTACACCATAACGCTCCAGGAGG,0.517327155073826
ATGGTCACTTTGGTAACCACTGG,0.230047487948466
TGAAGCCCAAGTACAAAGGACGG,0.185524647236647
GCGGCACAGACACTAGGCACTGG,0.314484939818026
GCACTTTGGGCACTGACAGCTGG,0.116224751730252
GAGCAGCTTCGCGGAGCGACTGG,0.0260501567398119
GAATGTACCTGAAGCTCAGGAGG,0.442886193736522
TTGCCTGGAAAGCTACCAAAAGG,0.187520467508936
GAGCAGAGAATATGCCCAAGAGG,0.535592567821788
ATCCACTGCCTTCTTTGGAAAGG,0.139064179631461
GACGCGGTGTATGGTCGCGACGG,0.756203853088246
GGAGCTGTTCATCGAACAGAAGG,0.0777137799431674
TGGAACGGATGCAGTCCACCAGG,0.121995820271724
TTCACCTGGAACAAGCGGAGTGG,0.390752351097179
AAGAAGTAGAATCTCGACGCTGG,0.31504920314091
CAGTGCCGATTGTGAAAGGAGGG,0.00975966562173041
ACTCACCTTTGTAGCCCGGGCGG,0.128272818605487
GAAACGGTCACGAGACCCAGAGG,0.0333459638512552
CGGGTACTTCTTCTTCAAGAGGG,0.155668150373342
CCTTTACTTACCCTTTGGGATGG,0.709268547544827
AGATTGATCGACCAGCAACAGGG,0.179526737100973
GAGGCAGCGTTGTTATGGCCCGG,0.546250875031819
CCGTGCTGGAATGACAGAAGAGG,0.438787878787461
TCGTATCTGTTATAGGCAGCTGG,0.155794614385205
AGAGGGATCAGAGCTGGAACTGG,0.337011494253291
CAAAGAGGTGACCCTGCACAAGG,0.197591897561883
TTGCCAAGACTCAGGTGGCCGGG,0.267738188052541
CATGAAATAGACACTCACGGGGG,0.371180773250157
CTCCCTTAGTGGACTCCAGAAGG,0.246944039672603
CGGACGGTGAACCTCTAGGGCGG,0.244824542743418
TGTCGGAGAAACCACTGCCAAGG,0.0245977011494671
TGAGGTGATGCACCTACAGAAGG,0.280728408992321
TCGATGTGGTCATGAAGGAATGG,0.27128744765439
TTAACCAAGTAAGGCACAGGAGG,0.156378704187323
TCCACCAATGATGGAGGAGCCGG,0.489453591855644
AGTACGAGCTGATTGGGAACGGG,0.573678160919122
AAGAGAATTTGCCCTCCGACTGG,0.336990595611285
CAGCGGAGGGTGTACACGAGGGG,0.470532915360502
ATACTCACTCCGGCGGGAAGAGG,0.263053382869437
TCGCGATGCAATGATGGCAAAGG,0.218905002513951
GGATCGAGATGGAGCCCAAGAGG,0.0338975966561756
GAGCCATCTGTCCTGTCCGCGGG,0.236311191629062
GACGCTCTATGGACAGGGCAGGG,0.192679644626257
GCATGGCCAACGACAGCGCGTGG,0.27105233793671
ATTTGTAGTGTAGACCCACCAGG,0.270553814002508
ATCTTAACTCCTGCATGGAGAGG,0.331219527069437
ATCCCACTGGGCGTCCGCGACGG,0.581494252873981
TGCAGTCCACGTTGCTGGAAGGG,0.185460236119876
AGATCACCCAAGGGTCCACATGG,0.150138022367431
TGAGGAGGGTTGCTCCGGCCAGG,0.120287158191256
AGACTTCTTAGACTTGGAGGAGG,0.106123301985329
GGCTCGTGGTTGTCCCGCCATGG,0.0652843128585906
CATTCCGATGCTTCAGCGCCAGG,0.131849331649939
TTCCCGCACGTCTCAAAGCAGGG,0.399437917873826
AGAGGCCGTCAGGGTTGAGCAGG,0.109615556327556
AGAGCTCCCTGTTCTGCGGCAGG,0.410632649913356
AGACGCAGCTGTGCACCACAAGG,0.500221616934014
CACGCACATCATGGTTGGACTGG,0.589717868338558
TGACGTAGCGCAGGCGGCCACGG,0.116804281007259
GCCGTGTACTCCACCTGGGAGGG,0.238631138975548
GGATGAGTCAGGCACCAAAGTGG,0.111235201050816
CTGCATCATCGTCGGTGGCATGG,0.298459191187337
TCCATAATCGAGGGAAAGAGGGG,0.498220572001725
CACCGTCTGGTCCAGTGAGGAGG,0.276050156739812
ACAATGTTCAGCTGTTCCAGGGG,0.0978785897481212
CAATGAAGTGAACCGCAAGCTGG,0.011682340647862
AGGTCAATGGCCAGCAAGGAGGG,0.0734378265413166
TCAACACCAGTGCCTGACGGTGG,0.65718086458229
TTTCTCGATGGCGTCAAGAAGGG,0.122314990560754
TGCGGAAGGCCTCTCTGGCCAGG,0.146546965482384
CGAGCACCTCTAAGCAGCACTGG,0.0836831874492937
GGTTAAATGTTCCTGAGGAGTGG,0.0984504570592176
TTCGATTGCTCCCAGCAGCCTGG,0.143474865168904
AGGCTTCTCGAAGGCCGACATGG,0.321914406902666
CAAGCCACCGAGGAGACAGCAGG,0.525381400209404
GCCACCCATCTGCTGAACAATGG,0.152455590386207
TTGCCTTTGGGATGATCGGATGG,0.291606151939029
AACAGTGTCCGATAGACACCAGG,0.338265412748589
GCCGACAAGAAGCACCCGAGAGG,0.173667711598746
TAGAGTCCTCTATACCAGCACGG,0.138380355276489
GCACAACTCTGGTTCGAGGATGG,0.34004920314091
TGCTGAACCTTGTCCTGAAGCGG,0.136055847405143
AGAGCGCATTCTCCTTGGGCGGG,0.159090710960284
ACTACTGTCAACACTGGCCGAGG,0.22786773240074
ACTCCTCGAACAGATCGAGGTGG,0.303382536474453
ATTCGCTCTGAAGATACCACTGG,0.22518286311348
TAGTGTCGGAGCTGAGCGGCGGG,0.319490164478214
CATGGCCCAGAAGCCGAAGGTGG,0.178292002055049
CATCGACGATGATAGCGAGGCGG,0.483594566353605
CACCTTTGTGTCCTTCACACAGG,0.307358503036208
GCTCGGCGGCCCGTTTGAAGAGG,0.315707510350942
ACGCTATGGATGCCATGGACGGG,0.248105629472572
TCCAAGACGTACTGGTGGCGAGG,0.515757575757994
CGACAAACTGGGATCCACAGAGG,0.204025169703293
AAATATTGCGGCTGAACGCAAGG,0.0769487983281505
CGAGTACGATCGAAGGCGCAGGG,0.199171460193575
CCCGCATTCCGATCCTGAGGAGG,0.252415974300158
TGTCCCAGGAGGAGACAAGCAGG,0.511475535429312
TAGAATCCCAGGATTCAGGCGGG,0.460240334378683
CTGACCACTCACCGCTGAAGTGG,0.031721094467763
GCGCACATTTGGTCATCAGCTGG,0.130733225625817
AGCAACGTGGCCATCTACGGTGG,0.459960383913951
TCTGCTTCTTGCGGCCGAACAGG,0.0486646681354747
AACATGTTCCACAGGCAAGCAGG,0.0281400208986834
CTTACTGATCTAGAGCAACCTGG,0.0673585030362082
AGAGTCCGTGCGAGAGCCCGTGG,0.0915121080518822
CATGGGCACCATGAACAGACAGG,0.295603017142791
GCTGGATGCAGCAATGGGCAGGG,0.276360592900158
AAAGGCAGTCCGGATGGAGGTGG,0.0992289314583399
CATGTTCCGTGGCCTCGCCCAGG,0.474281178062541
TGGATGTTGACAGCAGACCACGG,0.388265412748589
ATCCTCACTAATGCCTGGCATGG,0.908840125391849
TGGACTAGGTCTCCACACCCTGG,0.42223615464953
GGACGTGCTGAAGACAAGGATGG,0.184777520799844
GAGCGGAAACCCAGCACGAGGGG,0.21281827315138
GCCAATTAAGCCTTACCAGCAGG,0.264155378185943
CCCGGAACTTTCAGCCGACGCGG,0.120545545878653
TATGGCCTTGCGACAGCGAGAGG,0.1558934169279
GCGTTTCGCTTTCAAGACCCGGG,0.120592567821788
AGAAGTCGATGTTGGACAACAGG,0.0886520376175549
TCGGCAACTCTAGGCAAGGCAGG,0.134976057895142
TGTCCTGTGAAAGAGTACGAGGG,0.0665308254963009
TCTGAGAACCTCACCACGAAGGG,0.158758712022854
ACCTAACGATGCCGCCGGAGCGG,0.194030394363481
CCATAGCCATTTCGACCACCTGG,0.103594368222541
TAACACCAGTACAAGCCCAAGGG,0.3219958202721
TAGGAGTGACCCTATGGAAAGGG,0.217533960292163
TTCCGGGATCAGAGAAAGACAGG,0.221504702194357
GATGCGGTGGTCCTTGAGAAAGG,0.110926946087619
CCTTTCCTCCATAGAAAGACTGG,0.00737417701739944
AACAGTTCTGAGCACAGGAATGG,0.130185044311004
AGGCTGTTTGGTGCGCAAAGTGG,0.0848193180832302
CAGTCCCGTGTAGCCTCCGGGGG,0.454328200006114
ACTGCTGGTAGCGCTTGAAGAGG,0.228910227174327
TCAGCTATGGTGTCTTCCGCCGG,0.300658307210031
CCCAACTCACCGTGAGCCACTGG,0.616185997909718
AGTGGACATCCGCCATAACAAGG,0.106658398543042
AGAGATTGTGGCGCAGGCGCGGG,0.164749682305832
GGTGTTCAGAGCCGTCAGAGAGG,0.569519331243887
CTGTGGCAATGTTGGGCACGTGG,0.0890356190238571
ACCATGGGCAACTTCGCACGGGG,0.00859979101357994
ATGCACAGTTCTCACCAGGGAGG,0.366820363014892
CCTGCACAACGGCTGGCAGGTGG,0.748784835324609
GGTACTAACTCGGGCCCACCTGG,0.500762800417555
CAACTCCGGTGAGCGAAGAGCGG,0.320658307210031
TACTACAGCTGTCTTACCACAGG,0.243625716184924
TTGGAACTCCATCAGGGACAAGG,0.0845141065830721
GATCATCATGCAGGAGGCGCAGG,0.112758620689655
GCCTACAAACGCTTGCCCGGCGG,0.0190804597701567
CCATGGCGCTCCGAGTCACCAGG,0.133261961258043
AACGACAGTGAAAGCCACAATGG,0.369007314524138
TGTGCGCTACGGAGCTGCAATGG,0.611632275240597
ATCCTGGAACTTCACGACAGCGG,0.160514197915832
CCGAATTCCAAGAAGCCGGGAGG,0.359730498856271
ACTGCATTTGAAGTGACCAGTGG,0.328704284221944
AGCCCTGTACTTCATCGACAAGG,0.175161964472727
GCACACGTAGTAAAGGCGCATGG,0.239636454969124
GCCACCAGCCTACCTTGCAAGGG,0.769040843683857
GCTGCCCATTGATGACACAGTGG,0.576548680674453
AAATTGATGATGCCCTGCACTGG,0.181964472309718
CAAATCCAACACGCTCAAGCAGG,0.0683407391908602
ACATACCACTCAGTGCCAACAGG,0.056778565732133
CGGTCAGCAGTATATACAGCAGG,0.294733542319749
AAGGTTCGAGGTGTTGGAACAGG,0.272027168234483
GGTACACATCCATACCCACCAGG,0.286762483724313
TGAACTCCACAGTGAGCCGGCGG,0.309432693213638
TGACTGGGATGGAGCGGAGCTGG,0.514902912649374
CGCTTCGGCATGACGCAGACGGG,0.0639444204691871
CCCATAGCTTACCGAAAGAGTGG,0.193189224039343
GCTGTGAATTTGTCCAAAGCAGG,0.0997248661692468
CAAGTATGCACCATAACCAGTGG,0.246005315992948
ATCTGGGCTGACGAATGGACTGG,0.209443142534641
CGGCGGCATTAGCGAGGAGGAGG,0.248446309758844
GCCTGACTTGCTGACAGAAATGG,0.188490539150096
GGGCTCTGGAGCTCTTCGACTGG,0.200737143120879
ATCGGTGGACTTGATGAAGAAGG,0.163552769069592
AAGAGTTGTGCAGGCAAGCCTGG,0.0758098223615047
GGCGCATCACACACCAAAGGTGG,0.32546195131207
GAGATCCTTTGCAGCCAACGAGG,0.232076371374766
AAACCAACCGCTCAGGAGGGCGG,0.0820189001103775
CAGAGCGGGACAAGGAGAACCGG,0.221379310344828
TTATCCCGGAAGCTAAACAGTGG,0.172959338982102
GACGTCGAACTCGGAGACCCGGG,0.664451410658307
AGGCTGAGTAAGAGCCGCCAAGG,0.196454636787932
TACCATGTTGATTCGCCGGAAGG,0.170028304499531
GGGCCAGTTATGCTGTCGGCAGG,0.304503657262696
AAGACCTACTGGGTGAGCAAAGG,0.545670937727744
TCACGTACCTATCGGCAAAGCGG,0.114994577208999
TCCTTTAACCAGGACAACCCCGG,0.0470637408568025
TACAACCTTTAAGGCAAGGGCGG,0.0566039707419436
GCGGTAGCGGTGGCGAACGACGG,0.46659352142069
CAATGATCCCAATGCTCAGGGGG,0.213941575136522
ATCAGCCCGTTCCCGCAGCCGGG,0.387571541349897
GATCTCCTGAAGAATGCCAGAGG,0.35817877471834
CATGCATTGCTTCAGAAGAGGGG,0.069153605015674
ATTATATCCAGAAGTCGCCCAGG,0.484678252252509
AAGGACTACGCGCTAGAGAAGGG,0.225966562173041
CAACTCGTGGCTTTGGCACAGGG,0.379942994740942
AGCAATATCAGGAGGTAGAGAGG,0.23789141839671
GCGCACTCCCTCAGCTACGCAGG,0.28699800146881
AGAGCATATCAGCGAGCGACAGG,0.296154649947335
CTTCAGATCCAACACCAACAAGG,0.153756996830346
TGGTGCCTCCAATGCAGGCATGG,0.504124438250628
CTTGTGATAGAGTCGGGCCGGGG,0.18972771150168
CTGGGTAATGGATTGTAGCAGGG,0.0471181686579637
AATTATGCCACCCTCGGCCCTGG,0.224424681199047
TCTCGCTTGACAGGCTGCACTGG,0.0900387538199073
TACTGGACGTCTAACTGACCTGG,0.179035210996789
GGAGTACATCAAACTCAACCAGG,0.309474490497023
ATTCGAGCAGCCACATCACGGGG,0.149258098223197
CTTAAAGGCAGATCTTCACGGGG,0.462779519331661
AGTATCAGAACAAGGGCCGCGGG,0.347722048066458
TCAAAGAGGCTGCCCGAAAGAGG,0.137335225066867
CCAGGAGACAGTGTCCGCGAGGG,0.166917450366144
CTATGCAGATCAGAGAAACCTGG,0.0346312303089355
GAGCAGCCGCCAGCAGCGAAAGG,0.553124346917868
CGAAGGCGTCAGTCACGCCAGGG,0.20513802236787
GGAAACCAGACTTGTTCAGCTGG,0.108669892795895
CCCACCTCCTCGATGTAGGCCGG,0.105245559038621
CGCCCAGGCAAGTCTAACAGTGG,0.398392985794829
CTCGGTAGCTGTGGATGCGGCGG,0.283481805021161
GCGCTTCCAGGATGAGCACGAGG,0.100282131661442
GCTTCTCGATCAGGTCCACGTGG,0.249929035951569
TACAGGTTTCTATCCACCAGCGG,0.17845289436494
ACTCCAAGATGAGCTTGACGCGG,0.275190268971631
CATCATCGAGAACACCGACCTGG,0.491791137344914
CCGCCTTAGGGATTCTCACACGG,0.316120258522102
TGGAAGTCAATGCCTCGCACTGG,0.582645859357838
TCCAGAATTATTGCCACGCCCGG,0.235063161929657
TCACGTTGCCGCCCGTGACCAGG,0.105315252794093
AGCGGAAGTTCGTTTAGGAATGG,0.109514572587964
AACTTTAGGGCTAGGTACACGGG,0.0720868206955813
AGATGCCGGCTATGGCGAACAGG,0.134482152463185
TCTCCTCTTAGACCGCAGGATGG,0.0826824319808477
TTGAAGGTTCACTCAAAGGCAGG,0.423539276285738
AAGGTGGACCTCTTTCGGGCAGG,0.0352351097178683
CTTACTGCTGAAGTCCAGAGAGG,0.255715778473981
AGGTCTCTTACCAGGTGAGGTGG,0.304521512440597
CCTTTGAGGAGTTCGAACGGCGG,0.140749307634139
CGGGCTTGGAGGTTGCAGCAGGG,0.204495389139029
GGACTCAGCAGGATTCAAGCGGG,0.228808777429467
CTACCTAAGAGGAATTCCGGAGG,0.336165099268965
CGTTGTTGTTAAGGAGGAGCTGG,0.154787970120848
GCTCAGTGGAATATATCCACAGG,0.660041797282759
TTACTTGATGCGAACGCCGATGG,0.11155694879837
ACGCCTTGCACTACCTGAGCCGG,0.0653417841229166
GGGATGTGTCCTTCTTCACGGGG,0.490459770115361
AGAAGTCCGGCATGATAACAAGG,0.188952024457525
GATATTTCGTGTGCCTACAGTGG,0.222204806687147
GAAGGCGATTGACCGAGGCCTGG,0.0489968652037617
TCCCGCCGTGGCAGAAGGAAAGG,0.28365944347508
CAGGAACGCTTTGTGGCCCATGG,0.35212339331834
CACTCACGTCCAGCTCCGACAGG,0.266629487886382
CTGCTGAGGATGTTCGGCAAAGG,0.243821407947368
GGGCCTGTCTACTGGCGAGAAGG,0.0695088819226332
GCAACACATCAATGTTGGGAGGG,0.424035619023669
AATTTGTGAAGCCGATCGAGTGG,0.261193403767243
ATCGAGGCTTAGGCGGCAGCGGG,0.244325412651273
ATGCGCCCGCCTGCATGGAACGG,0.043601972210691
AAGCGCACGAGCGGCGAGACTGG,0.169941922578169
TGTGTGCCGGTGCCTGCAGAGGG,0.454127481714106
ATCAGCAGTTCTCGCCGGGCTGG,0.15377723133646
ATGGCACCGTGGCCAGAAGGGGG,0.138866714698685
GGGCACCCGTATGGGAGACAAGG,0.381674072523982
TCCTTCTATTTCTGCAGCCAAGG,0.0647304988564778
GCATCGCAAGTCTAGCACCCTGG,0.285715778473981
TCTAGCCATGGCACTGAAGAGGG,0.280237290915205
GCTCATGTCCCTGCACGACCTGG,0.0503448275862069
CCAAGGGTTAACAAGGCCCAAGG,0.558557993730407
GAGAACCGAATTACTCACACAGG,0.460658307210031
AGCCAAGCTATAGTAACGGCAGG,0.299631230308935
TGGGCGAGTTTAGCCTCAGGGGG,0.374740948177274
GAGCACCATATGTTCTGCGGGGG,0.596196447231348
ATCACCGTCTTCTCGCCCGACGG,0.25817117073061
GCTCAATATCTAGAGCCCGCTGG,0.360647857889655
TGCGGCTCCCTGATTGGGAAAGG,0.145511410561448
GGAGACCACCGCATCCGCGACGG,0.199268547544828
CGGGCCAGCCCACATCGACATGG,0.128365147300566
CCTACCTCTTGCCATCAGGATGG,0.304263322884012
CTAGACTACCTTCACAGACATGG,0.457523510971787
TTACCACTCTGGTAAACAGCTGG,0.0200626959247649
TCCTTACCGCTTCACCACGCCGG,0.543450457059406
AGATGTGGAGCAGGGCCAACTGG,0.177497853674735
GATGGACTCGGAAGATGCCACGG,0.576256099692635
GATGGCTATGTCCTTCAACAAGG,0.365527690699687
CTGTCGAGCGCCTGTGCAGATGG,0.11813459810762
TAACCTCCCTGATGTCAAGGTGG,0.312204806687147
TGTCTGGAGGATGATCGCCCCGG,0.192092045355957
CCCTGGGACACTCACTCACCTGG,0.0516091954022571
GCTGGCAGTAGAAGATAAACAGG,0.056010540653763
ATATTCCCTCCCACAACCGGGGG,0.187722048066458
CATGGCGGTGGACTCGGCGATGG,0.0825988374145154
CCTTGGTGGGCGCATTCCCGGGG,0.0445737590445468
CTTCCTTCCCTAGTCTGGAGAGG,0.204420062695925
CGCGGAACACCTTAGCGACGCGG,0.259758591194025
GACCTGATCTGGATGAGCGCTGG,0.56828326792649
ACCGAACTTGGTGTCTGCAAGGG,0.211713688610658
TGGTCCCTGATAGTGTGGAAAGG,0.171501658730879
CCTTAAGCTCCTGTATCACGTGG,0.261274817137304
GGACCTAACGGTAGTGAAGCAGG,0.220172879797995
CTGATTTCGCATGAAGCCCAGGG,0.617828722471945
AGATGGCTTTGAAGGCGAAAAGG,0.146039101261555
CCGTGCTTTGCCCAAGGAGATGG,0.110148063661366
ATGAACAGCGAGAGCAGGACCGG,0.365848576181663
AGCGCATGCAGGACTGCCAGCGG,0.180738858312697
CAGGAATATCGCATACAACGTGG,0.454641679629938
AACCCATCGGAGGACAGAGGTGG,0.399949934593575
AGAAAGGTCCCTAACACCAAGGG,0.11653300669345
TCGGGAACTACAAGTCCCAGGGG,0.0639729230989041
CTGGAGCTCTTGTCGGACCAGGG,0.220895598125048
TCGCGATGCATTCTTGGCGCTGG,0.155031149831946
GCAAGCCTTGAGGAGAACCATGG,0.484453591855644
TCAAATTGGCTGTAGCCACACGG,0.0741035396090421
TTCCAAGTAATCAGGAGCACTGG,0.36377220480627
ACTGTGTAAAGCGCACGCCCCGG,0.339166235533387
CTGGCTTGAATGGGATGCCCTGG,0.387217437205487
GGAGAGGCTTGATTGGAACCAGG,0.534202808156585
GGCTGCATCAAATTATGGGATGG,0.428032484227431
GCAACCACAAGTCGCGCCACCGG,0.240733225625629
CCTTAATCCTTACAGTGGGCCGG,0.0460471132765217
TGCTGAAGGTATCCAGCCGGGGG,0.642998955068339
CATAACCTCCAACATACAGGAGG,0.52128526645768
GCGTCTGGAAGGCAACACAGTGG,0.699592476489028
CTCACAGCAGCCGCGGCACAGGG,0.144800856747448
ACGAGAGTCTGTTGAACAACAGG,0.118484650354265
CTGCAAGAACCGCTACGACAAGG,0.576334084053377
TCGGCCTCCAGCTTGACCAGGGG,0.636562173458307
ATTCAGTGTACCCAATGCCAAGG,0.439772296139657
ACCTACCTCCACGAGAGGCAAGG,0.030198537095047
AAATTTGCACGGAGAGCAGAAGG,0.21635536823997
CATCACCATCTGGTCCAGAATGG,0.0753864267387589
CCCGAGGAGCCTTCAACACCTGG,0.136703041158591
TCAGGGTGCGGGTGAGCCAATGG,0.277003226129625
GCAGCGATGACTTCAGAGCGCGG,0.174263322884013
ATTACTAATTGGAGCCCAGCTGG,0.292382445141066
CTCATGAGCAGTCGATAACGCGG,0.262907092377901
GCCTGCGGTGCATTCAGACACGG,0.221828631138558
TCATCAACAGAGCCCGCCAATGG,0.300331334802352
TGGCGGAAGCGGTAGGAGGCCGG,0.165038753819907
ACCCACACGGAGAGGAGGCGGGG,0.364890282131661
GAGGATGTTCGGCAAAGGGCTGG,0.457750352565989
CAGATTTGGACACAACGGAAAGG,0.235592567821788
GCTAGTGACACCAAGTCAGCAGG,0.224009495721475
GGACGAGCTTGACCAGACCCTGG,0.68398119122257
TCGGCTTCATCGAGGAGGCATGG,0.119046068344421
TGTCAGCCTGACCATGGCGCGGG,0.299584208365362
AACGACCTGGGAGAATCCGCTGG,0.294548545913357
ATTGCTCGGAAGTTACACAGAGG,0.182225705329154
GAGCTGCAACACTTGAAGGCTGG,0.170608241803606
AGCAGCCGGGTTCGAAGCCCAGG,0.0648349920644214
CACCTTTGTTCGGGAGCGAGCGG,0.230485287259674
ATGTACGGAACTTCCTCACCTGG,0.134435130519655
GGGAGCAAAGATGGAGCGGCGGG,0.246496434070691
CAAATACTACGTTGGACGCAAGG,0.131912225705329
TAACTGTCCGGCACTTAAAGAGG,0.381494252873981
AGCAAATATGGACCTCGCGGCGG,0.278695742012416
AGAGTTGGTGGACATCGAGAAGG,0.637452546923355
TCTCTGAGAGTCCTAAGACATGG,0.533309391228685
CTGAGATGCGTGGAGGCACCTGG,0.257132127446898
TGCCCACTCGGTACTGCCGCAGG,0.440397074190595
ACGACTCTTCCGTCAAAGCCTGG,0.109316035492879
CATCAAGCGCTCTCTGACACTGG,0.0311359325032929
TGGTGGGACTCTCAGCGACCTGG,0.137791741822306
CTCACCCAACACCTCGAAAGAGG,0.508743038041224
GCGGCTACAGCCGTTGACCCAGG,0.384505838459406
TATTTGATCACCACGTCCAGAGG,0.265545545878214
TGCTTACAATGCAGTAGCCCAGG,0.112204806687523
TACCGTGGAAGAGGCTCGCGAGG,0.230310436160346
ACACATCGAGGGTCTTCGCCAGG,0.0200313479623825
GGAGAGCCTGGTGAAGCGGCTGG,0.441128526645768
CCACAGCCACGTGAAAGGGCTGG,0.548450457059406
CGCTTCTGCCATATAGCCAAGGG,0.123709310751319
GAGCGAGATCTGCTATGACGGGG,0.238199673360346
TTCAGGGCTCTTATTGCAGGAGG,0.09083052287251
TGACATCCACCATGGTGACGGGG,0.10846394984326
TTTCAGTTCCAAGAACCCAGAGG,0.434346917450784
GCTCTTCGTCGCATGTGCCGTGG,0.640430603349688
GCCGAAGAGCGCCTTCCACACGG,0.236296181782948
CGGATGTTGATCCATGAACCTGG,0.138359456635737
CCTCCATCCTTGGAAACACATGG,0.0698767893475562
ATCCATGATGCTCTCTGCGCAGG,0.247165190601287
TGTCAACTACTTCCTAGACCAGG,0.25417668485439
GGAGGAGCTTCGCATACAAGGGG,0.493845350052665
GGAGTCTGGTGGACACCGAGTGG,0.158235837956037
GATGGATAGTGGCTACAGGAAGG,0.572006269592477
TGCAGCCTACGTACGCCGACTGG,0.273638136806632
CAGTATCGTGGGACAGAAGCTGG,0.294535005225078
TGGAGTCCGTCGTACAGGAGAGG,0.189646904290127
TATCCGCCGGCAACTGGAACTGG,0.0372100313479624
TCTTGCTTCAAGCTCAGGGATGG,0.186559129995644
ACGTGTTGCACTTCCTGGGCAGG,0.131844771125017
GCCTATACATATTCAGGCGCCGG,0.311454636787305
AGTGGCCCTTCCGCAGCAGCCGG,0.137126238650943
CTTCGATCACTCCCGCGACGTGG,0.345806778898277
GCCAGCTTCGTGTGCAGGCAGGG,0.406750261232602
ACAGCGCTGCACCTCTGCCGAGG,0.171762891750942
GCTCTCATCGTGGTGCAGCAGGG,0.183375130616928
AAGATGGCGTCTCCCACAGACGG,0.485514197916459
TCACAGTCGTCGCCGTGCACAGG,0.408735632184326
AGCGATGGAGTTCACCCAGAGGG,0.174075235109718
GCTATTGCAAGGTGCGCCAAAGG,0.232776475868183
AAACGTTGCCGGTGCCCGGCAGG,0.107874029223287
GGAGCTGGAGGAAACTGCACAGG,0.380334378265831
GGGAATATTCAACTCACACGAGG,0.141238710518999
AGAGTCGGCGTTCACTGCGATGG,0.345091000424296
ACCGTCAGTCACGGCTCCCATGG,0.531619644723511
TAATCCTCCGTCTCGTCCACAGG,0.435059652461287
TGGATCATACTCCTTGGCGATGG,0.143552769069592
CGAAGAGAGAGTGTATGACCAGG,0.603131752775393
TGATGTGGATGCTCGAAAGCAGG,0.0771390672995311
ATCCCTGCACGATTCCCAGCGGG,0.124453591855205
GGAATTAACGGCCTAGAGGCTGG,0.500733633653136
GCTGACGCTTGTCACCCACCAGG,0.170961139382667
CCAAACATGTGATAGAGAGCTGG,0.29974921630094
CACAGATGTGCTCTTTGGAGTGG,0.250117123725863
TTGTCGTACTCACCGTCCGGTGG,0.100508565228764
AGGACGCCTATGCCATGAAGCGG,0.353322884012539
CAAAGGGTTTGGACGTCCACAGG,0.44493207941442
AAATGGAGGTGGAGCCCGCCCGG,0.191886568408277
GCATCCAGTAAGCGCTGCAAAGG,0.153594566353605
CAGTGAGACTGTCGACCGCCTGG,0.0937615573552686
CAGCACGCTGGACTGCGAGACGG,0.433991640542947
GCTTTCTGCCGAGATGCCGAAGG,0.0651014497446722
TCCTCTTGAGACATGCCCAAAGG,0.113688004082871
CCTGCAGAGCTGCCAAACGGAGG,0.227489119546114
TCCTGACAATGTTCGGGCCATGG,0.146223036537807
CATCGACATGCTCAACGCCAAGG,0.406081504702194
GGGCCAGTACACGTCTGGGAAGG,0.564461859978684
GAGATGTAGCTACTCCACCACGG,0.0395715778473981
CGCCTGTGTCCTCTCTAGGAAGG,0.0415904779578383
TAGCAATGAGTCCCGTAAAGAGG,0.418460906380409
CATGCTGACACAGTTTGCCGAGG,0.339960383913951
CGGTGTATTGCGCCTCAGCATGG,0.129749018170316
TATACTGATTCAGCTCCGGGTGG,0.394913361970377
TCACTGCCGACGAGAGGCCATGG,0.34212339331834
AGCTTCTATGTGAAGCGGGCGGG,0.218659443475268
GCCTACATTCGCTCTCAGACTGG,0.127424044293638
CACCCTGACCTATGGTGCCCTGG,0.104764890282132
CACGGGCCATGTGCAACAGCAGG,0.0516823406478997
AGAGATCAGCGCCATTCACGGGG,0.306203853088246
GCTCTAACTTCCGACGGACCTGG,0.0835577955997827
CCAACAGCTGGCTGCGGAGCTGG,0.147586206896552
TGCCCGCTTGGCCAACGAAGGGG,0.328800509305801
AGGGCTCGGCGTCATCCAGGTGG,0.332727272727273
CAGCTACCTCATCAATCCGGAGG,0.369035619023669
GATTCCATCTATGGCTCCACTGG,0.112612330198495
GAAGATCTCGGTCAAGGGACAGG,0.0675883880937004
GACCTTTACCTTTGAAGAGGAGG,0.234346917450784
CTCCGCGTCACACTTCAGGATGG,0.498056426332288
CTGACATGTTCATTAAGGGCAGG,0.0398506660456126
GGACCTGTCGTACTCAGACCGGG,0.266789015053136
GGAATCTTTCAGCTGACCAGTGG,0.273855799373041
TGGACCGCTACATGGACGCCTGG,0.155905639418983
TGGTCCGGTTCTCCAGCACCTGG,0.100501567398119
ATCCGAGGTGCATTCCGAGGTGG,0.146396757496288
TAGTCGAATGGCTAAACCAGAGG,0.352967607105956
TGTTGTCATCCGCGGCGCGGCGG,0.259025169702666
GGGCTACAGTGTATATAGGACGG,0.231849529780564
ATTCAAATGGATGCCCGAGCTGG,0.114827388076272
GGGAAAGACGTTCCAACAGAGGG,0.16755663210425
AACCATGAAGCTTGCTACGATGG,0.145451093964438
AACTCGAAGCCGACTTGAGGTGG,0.186867384958653
TCCCACGGGTTTCGCCGAACGGG,0.0739811912225705
CGCCCATCTCAAGGTTGGCGTGG,0.0386624869383072
TGAACGTGGCCGAGGTGAGCTGG,0.0654253786893116
ACTGGTGTGAGCGTTGAAACTGG,0.221656683350723
CCTCCTCTTCCACAATCGGCTGG,0.143512744957103
CTGGTCAGATATAGGAGGACTGG,0.17692789968652
TGAAGGACATCATGGAGAGCCGG,0.332708555282603
GATCGGGTCATCGGCACAAAAGG,0.0944013452516941
CCAACATACAGTGGAACGCAAGG,0.14542299936135
CACCAATCTGGCAATAGAGGTGG,0.130229885057053
ATGACTTCCGTGAGGACGGGAGG,0.266454636787305
GCATCGACTCTTTAACCACACGG,0.0273167057530107
ACGTGGCTCAGAGGATGAGCAGG,0.112560083594608
TAGCAAACCTCCTTGGAGCAAGG,0.40212121212163
GCATAGCATTGGTAACACACAGG,0.409268547544828
GCTCCAAATAGGTCCTCCAAAGG,0.266512108051882
ACATCCTGCGTAGGATACGATGG,0.329709192188012
AAGGTGGATGGATGAGGCCCAGG,0.18807387348356
GGTTCAGGTATCACTTCAGAGGG,0.17715474128091
CTGCTCGGAAGCAGAAGGCCCGG,0.0794094152444849
TGAATCCAGGTCCTAGCCAATGG,0.463497479002979
TGTACACCGGCTGCTGCGGAAGG,0.325743674946444
CTTACCAATGCGGGCACAGATGG,0.117554858934169
CCCACTTACCTCATCCAGGATGG,0.0655485893416928
ACTGGAGCAGATTAGGGACATGG,0.58642328882555
ACTCTATGGGTGCTGACCCGGGG,0.127868338557994
GGCTACATCAGCATCGCCAATGG,0.571765935213793
GCTCATCACCATCAGCGGCATGG,0.417272727272727
CGAACATCTGGTCCAGCGAGGGG,0.462975012963481
CAGCTCACTGTCTCTGCCCGGGG,0.339150561552823
AGAGCTGAACTTCGGGCAAACGG,0.135370344730688
ATTGGTCATTGCTGGAGGCGGGG,0.370177638453919
ACTCACCAACGAGCTCAAAGAGG,0.149519331243887
CCAGTATTACCTCAACGAGCAGG,0.117238335847055
GGCTGTGTTGTCCTTGGACGCGG,0.0766980146290909
TGAGCGGCGACAGCAAGAAGTGG,0.179218482137776
GCCGCGCGAGTGAATCGAGGCGG,0.290167189132288
TGCTGGAGCGCCTGCAGGCACGG,0.0135423197492163
TTCAGATCTGATGAGACGACAGG,0.440723184332133
CCGATATAGCCGGCAGCCGCGGG,0.287964563641851
CCTTCGGCCAGATTTCAGGGAGG,0.196945754864421
GGACCAGCTGCAGCGCAAGGCGG,0.372978056426332
AATCCCTGTTGACTTTGGGAAGG,0.593706465418653
TCAGTCAGCAAACTCCACAAAGG,0.264963427376802
GGCGCAAGATATTCTGCACCTGG,0.164916207303231
TCCTGTATGAACTTTGACGGTGG,0.316344918918967
AGTGGTAGCCAAGACAAAGCAGG,0.348089955492008
CCATGTGTTACTGCTGCAGCTGG,0.0304284221526018
GCTGTGGCATGGCGGACGAGGGG,0.386522557372258
AGAACCTGTTCCCGGTCAAAAGG,0.17288340638168
TGAACACTCTGAAAGACGGAAGG,0.345015673981191
TTTGCAGGCCACTACGAAGGAGG,0.161588296761129
GCCTGGACTAAATATCCCAGGGG,0.427311481092635
CCTATCCGGGCTGCGTGAGCCGG,0.216329244937776
GGATGCTACTCTTCAGGAGGAGG,0.0976280041796865
CATCTTTGTAGTAGGACGCGTGG,0.107001044932038
GACCACTTACCAAGAAGGGCTGG,0.409467084639498
TGCGTAAGAAGATCGAGAAGCGG,0.342165190601099
TCATCTCCTTCTGATGGCCGAGG,0.186363030206132
ATTGCGCCTCAGCATGGAGGAGG,0.185905639419171
GCAGTTATGGGTAAAGCAGAAGG,0.117648902821317
GGCCCTTGATGTTCTTGACATGG,0.125966562173041
GGACTCAATCATGCGAACAATGG,0.359730498856271
TAAGGAAGGAGTATGCCCAGGGG,0.118584583037243
TAAGGTACATGAGCAGCAGCTGG,0.18030521149997
TAGTCTGTGCGGCACAGGCCCGG,0.0125182863113856
TAGTGCGGCTCCGACGGAAAAGG,0.118795284645613
GGAAGAGTTGAGTCAGGCCCTGG,0.116423288824923
TTGGAATGTCTGCAATGCGGCGG,0.350679205852038
GGATGTGCACAGTGATCAAGAGG,0.509046068344672
TGCAATTGGCTTTGTTCCAGGGG,0.106944039672603
CTGATCGTCATGGCCAACCAGGG,0.201306165099686
CAACTCCTTCATCTCGAAGGCGG,0.24823102132254
GCCTGGGCCTGGCCTTGACAGGG,0.179623218293969
TACCTCCACCAGGACCAGAAAGG,0.225906047445613
TGTCTTGAGTGCGGAGCAGACGG,0.00721221254509221
ACACTCCATTCCGGTCAAACAGG,0.0256604884071612
ACAGGAGCTTGTACTCCACCAGG,0.399828052211788
GCCCAAAGTGGATTACCAGCAGG,0.167760393859736
TGTATGTGCCAGCAAGCCAGAGG,0.440148471688246
CGACATGACATGGCAGCCGCTGG,0.432844396453136
CTCTGTGTTTGTGAACAGCCCGG,0.0290909090909091
CAATAAGGGCCCTTGGAAACAGG,0.164560522369204
GAGCTTACCTGACTATAGGCAGG,0.281724137931034
CTGTGAGTTGGTGGAAGGGCTGG,0.170153696348873
AAGCACCCGGCCGCCTACCATGG,0.581306165099687
TCATGTCTGTCATTCGAGAGTGG,0.0992683494138266
GCCGCAGGATGCATGGGCAATGG,0.207136886102821
GATCCAGCACACGGAAGACATGG,0.559258098223198
CCTTCTGCTCGCTCAGGCCGAGG,0.348497479002979
CTCTTTGGTCTAGCACCAGCTGG,0.0787983281087147
CTGCAGTGACCACACGCGGATGG,0.433009404388715
CTTGGGCTTCCAGCTCAGCAGGG,0.282833947132133
TTGCTGGGCGGTCGAAGAGATGG,0.242243560507055
GGGTTTCTCCTCCCAGGAGATGG,0.0182967607105956
TCTGGTCACATAGCTCCAGCAGG,0.111358411703198
CATCACAACAGCAGGCCGCACGG,0.248254963426959
AAGTCTGTGGTTGCACCGCCAGG,0.0584743991640125
GGCACTTACCTATGCGGCCGTGG,0.235023079838716
CACTGCAGTAATGGTCACAGCGG,0.515153696348434
CCCGGACAAGCCTATCACCCAGG,0.325582118500785
GCCCAACTGGACCCGAGAGCTGG,0.181290957123011
AGCAAATCTTCGGGCAAGGAGGG,0.173913072506554
GGACATGGCGGACAATGAGCAGG,0.277849621113324
TCAACAGGGCATTCTTAGCAGGG,0.161170323928527
TATCATTCCGGACGTAGACGTGG,0.515130616510345
ACACATACCTGGACTGCCAGCGG,0.47340865977602
CATTGTCTACAGAGACCAACTGG,0.0208276775398634
TAGGTCCCAGCCCAGGGACGCGG,0.108218192673952
TCGAGAAGCTTCTCATAAGCAGG,0.221468595576428
TTTCGACCCGCTGTTGAGCCCGG,0.0816455698944535
GCATACCTGGAAGCGGCGGGTGG,0.383048158208622
AAGTACTGAGGAGCAAGAGCTGG,0.402518286310972
CAACAATGCTGTGATCGAGAAGG,0.119432285186946
TCGTGGACAAAGAAAGCCAGTGG,0.499417019233073
TGGGCCTACACTTCGTCGCACGG,0.369584208365362
GGTTTACAACTTGGACAGACCGG,0.199808868762227
CCGTGTGGATGTAGTACACATGG,0.231462904911599
CTCATTTGCCTCGACTACGATGG,0.200438265315912
CCGTTCTGTTTCTCAGGAGGAGG,0.452630185376647
TCAACTCGTGGCTTTGGCACAGG,0.0687983281087147
TTCCTTGCTAGCGTAAACAGAGG,0.173612421531506
TACAACTCCTTTCCAACCCAGGG,0.435088819226332
GGAAAGCGACGGAAGGCGGACGG,0.560564263322884
TCCAGTGCACTTCGAACAGGAGG,0.259629515117118
CTTCTCCTCCTCGGCCGGAGTGG,0.113035993695588
TTTGTTGGATTGCAAGGGAGTGG,0.113249738767022
ACTATGCTATCCTGGCAGCCAGG,0.00910135841169909
TCAGCCTCCACAGCACCGCGGGG,0.13434671931972
GATGGTTCGGAGCTTTGAGACGG,0.281313570956584
GGGACTGAACCATCTACGGATGG,0.24433864932649
GGAGCAGAAATTTGACCCGATGG,0.0870478687450491
TCTGGAATAATGGACGCCGCTGG,0.113466131040158
GAGTTTCTTACCTTTGCCGCAGG,0.163669892795895
CCAGCCTCACCAAGTGGAAGCGG,0.598735632184326
GGCCACCTTGTTGTATACAATGG,0.177722048066458
GCTGTGGTGCATGGCAGCGGAGG,0.101922675026081
CTTGCTCGCGCAGGACGAGGCGG,0.16401994504229
TGCAGGACTCAATGCCAACAGGG,0.21224660397116
CTCTGATGTCTGGATCCCAATGG,0.450815047021943
TAATGGCAAACACTCTCCCATGG,0.59646812957116
GGTGAGCGGAAAGCATGGCGGGG,0.384949934592948
AACTGGCCAGCAGCAACCGCAGG,0.115658773214923
TCAGAACCGTCTCTGTGAGCTGG,0.0345977011494671
TTGGAACACGTCATCAACCCTGG,0.319171460194202
GCTGCCCTCCGAGTCACCGATGG,0.603758712023042
GGTCCACCCAGACTTGGACAGGG,0.543918495297806
GCAGAGATTGAACGTGAGCGTGG,0.158181818181818
GATATCGTCTGTATGGCCAGTGG,0.0962068965517241
TTTACCCAGGTCACCCGCAAGGG,0.122008450789813
CATCTCCAATCTTGTCCACAAGG,0.0743852632433721
GAGCCCTGAGACTATTAGCACGG,0.297669801463323
ATTGTTGTGGCAATTGCAGGTGG,0.152126902786459
TCTCTTGCCATACGACGACCAGG,0.107095088819185
TACAAGCTTTGCCCAAGGCCTGG,0.16435736677116
TTAGTGGAGGACTACAGAGCCGG,0.427792149849374
TTACCCTCCCATTCCAGGAGAGG,0.130665713067744
GCTGGAACTTTATCCACCACAGG,0.454994775339185
GCACAAACTCTCGGCCAGACGGG,0.108605481678873
TAGCAGAGGCTCTTACCCAAGGG,0.464850666045613
GATGGTGCCGGTGTAGGAAAAGG,0.159404388714734
CCGCTACTTTCGGATCCAGGAGG,0.196945754865048
TTCCATACCTGACCCAGAAGCGG,0.0904097047080577
ACCGTCTGGATCTGGAAGAACGG,0.0807523510971787
ACAGGAGATGTCAGCGCAGGAGG,0.181389759665204
GGATCAAAGGGACGTCGGGCAGG,0.209832810867712
TGAGCGGCTGGTGTTGGACGCGG,0.475383581406114
TTGGAAGCCGGTGGTGCCGAAGG,0.480472400632447
CGTCCCGGGCAAAGACGAACTGG,0.0534400077384026
GAAGAATCCGGCGATGAAGAAGG,0.0117868338557994
TATGGGATCTCCAGGGAAAGAGG,0.0987482627016001
GGTGCATCCTGCAGGACGGCCGG,0.178021626879798
GGTGCGTGGCCAGTCTAAGAGGG,0.138453500522884
AGATCTGCCGTCGCTGCAGGAGG,0.376883058940283
GCTGGTGTCGGTGACCAGCAAGG,0.146285068326867
TAGGAAATAGAGCGGCGGCGTGG,0.0250783699059561
CTCGGTCTCCCATTTAAGACTGG,0.0358851488042333
TGTCCGTCAACATTGAGAGATGG,0.339667802931506
TATGGTTGGCGCTGGCCGAGAGG,0.227941483803135
CATACCTTTACCAAACGACCTGG,0.627836990595611
GATCATGACGATGACCACCCTGG,0.184777520800472
AGAGGATCGAGCCTCCGGACCGG,0.574702194357367
CTCAGATGTGGAGCAACAAGTGG,0.351504702194357
GACCGCGGCCACTTACACGCTGG,0.590080551103293
TGGTTGCAGCTTAACTCACCAGG,0.12230062374519
GAACCGAGCTGAAGCTGCCATGG,0.595472400633073
ATGTACAGCGCAAGCAAGCCAGG,0.12091086407936
TCTCCCGGCAGCAATAAACCTGG,0.164662578271318
ACTCAAAGGCATCCCGAAGCAGG,0.116369327028967
ACTCATGGCTTCAATCGCACTGG,0.138124812922384
CTAGGAAGGAACCCTTACCCTGG,0.400773249739185
GAAACGCTGGCTTGCACAACTGG,0.142931500487651
TCCACAGCGCTGGCAGACACAGG,0.482071146714578
CCGGCAGCTTATGAGCCAGGTGG,0.4237826541279
GCTCTGCTGGGTGATAAGCACGG,0.48865944347508
TGATGATCAGCTCCTGGACCTGG,0.42365944347508
CTGTTATAAACAGCATGGGCGGG,0.521877834279468
AGCAGAAGATGACTCAAGACCGG,0.119090909090909
TTCAACTACGCTGTGCACGAGGG,0.319850666045613
TGGGCAGCTTCTTGTCGGGAAGG,0.166765329056727
CGCCACGTTGTTGAAGCAGGGGG,0.480947844728998
ATCTCTTCTGCAGATTGAGGTGG,0.349218482137149
CTAGGAGGGTATACAAGGAAAGG,0.544587251828213
ACCAGCACGTGCAGTGAAGGCGG,0.0857366771159875
AGACTTCCAGAAGTTCCAGCAGG,0.328309391228058
CGGTGTCTTGTCTGTAGGAAAGG,0.145349446089078
CCTGTCCCAGGATGACCGAGTGG,0.356270008818686
AGATAAAGACACCACACGACTGG,0.428591522890127
CATCGATGAAGAGGATGCAAGGG,0.247029349431192
TATGCTCTGGCTTCTTCAACAGG,0.0858742914565571
TCTGTCGCAGGGCCTGGAGCTGG,0.195887586110019
TGAGTTCAGATATCTTGCCCCGG,0.535002181197337
CGTGGAATTATACCAGCCAAGGG,0.395926946087619
CCAGTTCCTCGCGATCCGGCGGG,0.227011494253291
GACATCATTACGCGAGCCCATGG,0.702060697393575
ATTCCTCAGCCCATGTACGCGGG,0.280010449320376
TAGAGCTGGGCGCTCCGGAAAGG,0.124959975887303
CACAGTTCTAAAGGAACGCCTGG,0.426812957157367
CTAGATGATCAGGATGAGCAAGG,0.108662486938307
GGCAACATGATTACCCACAGCGG,0.468413884436208
CCTCACACCAGAAGTTAACAAGG,0.0188714733542319
TGCACATCTCTGAGCTCCGGCGG,0.3
TCTCTTAGTAGCTGCTCCAGTGG,0.129876789347619
ATGTCGAAAGGGAACAACGGTGG,0.215997910135423
TTCGTGGTGTACTGAGAAGAGGG,0.416666666667085
TACAGGACGAGAACGTGCGCGGG,0.439150561552196
TCTATCCCACTCCTATCAAGAGG,0.189007314524138
CCGGCACCTCTTCAAGGACAAGG,0.153278043265863
AGTGGAGTGGTGCCCGGCAAGGG,0.321212121212539
CCGCCAAAGAGAGGGAAGCGAGG,0.436308346296396
CCAGTATACCTGAGGTGCACCGG,0.624061742325863
GAAGGCGGTCTGAAATGGAGTGG,0.114636046942432
AGTGACCTCTCAAGGCAGCCAGG,0.234101824416177
AAACTGGAACAGTTGTCCAGTGG,0.426616601259406
CATGAGATAACGCTGAAGCATGG,0.548424333757211
GCATCCGCAAGTTGTGAGAAAGG,0.169404388714734
CTCACCTCACATAGTACACCCGG,0.470488074613638
CTGGCCAGTCTACTGAGAGCTGG,0.293793103448276
CCTTGAGAGCCATGTGCAAGAGG,0.131754879735912
CTTCACTATTACCTCCAGGCAGG,0.372434691745455
TTGGCTATGCTTAGGGAAGCTGG,0.102094890688623
TACGATCAGGAGTGTTGCAACGG,0.106933590351814
AACTTGCTGGTGTGCTCAGGGGG,0.467520467508308
TGAACCAGCAGCGTTCAAGGAGG,0.374328200006114
GGTTCAGAAGATCCACCACCTGG,0.379761846818653
CTCCCAAGGCTATCGCCAACAGG,0.13768486928657
CTTGATAGTCCTGTCCAAAGAGG,0.396135932503293
GCGTGTTCGAAGTGGTCCCAGGG,0.712267502611912
TTCAGACCACGCTTTCAGCCTGG,0.178532336433356
TTTGGAAGTAAACCAGCACCTGG,0.0748976879891863
TCGGAAATAAGCCTCTGACATGG,0.545932170747807
ATGTATGGAGGAAATGCACCAGG,0.31956853438417
CGGGCTCCAGCGACAGGAAGCGG,0.10460339181471
GAACTGGAAGGACCACGGGAAGG,0.130376175548589
AGCTACTGCGGCAGAACCAGAGG,0.23405129300486
TGTCATCATCCTCTTTCCGGGGG,0.324787970120848
GCATGTACTGGCCGCAGCAAAGG,0.404098314948434
CTTGGTCGACAAGGAGAACACGG,0.131088910559719
CATGGTCTTGCCATTTGAGCCGG,0.112492629014296
AGACCACAAGTTACCTGGCGGGG,0.0177220480668338
TCAGCCCTGCAGATGGAGCCTGG,0.0536781609194984
GGGAGGAGACGTCGCCGAAGGGG,0.567283176593103
TTGATCATCTTCACGTGGGCTGG,0.0656761623883273
AGAAGATCTTCTGGAGCCACAGG,0.0836019722105029
TGCGTCTCAAACCCAAAGCCAGG,0.116937742849831
ACTGTCACCTACGGCTGCCAAGG,0.420916496766616
AACTGCGAGGACAGAGCCACTGG,0.175540321218215
TCTCTTCCAAAGCACAAACCTGG,0.190867293626332
GCGCCTCCAAGGAGAAACGAGGG,0.203079506171193
TCCTCGGCGTCTCTGGGAACGGG,0.186677115987461
ATTGTTTGTACTCCAGGCCAAGG,0.238881316517354
TCCCGTGCAGCATTTCCACAAGG,0.0802786801712718
GAGGACGCCATGGACGACAAGGG,0.437865295094515
CTCCGTCACCATGAAGCACAAGG,0.24094612953718
AGCCGAAGCATTGAAACAGAAGG,0.256959247648903
AAAGACTTACCAGAGACGCCGGG,0.247241379310345
ATGAGCAGGAAGGCTCGGACCGG,0.276191024440096
CGTCATCGTGGAGCGTGGGAAGG,0.0369487983281505
CAGAGAGCGGGATAGAGACCGGG,0.121212121212163
CATAGTGCATGAGCTCAACCCGG,0.636360592900785
AAAGGTGCCCAAGTCGGCACTGG,0.141245650371631
ATGCAGCTCGCCGTTCCAACAGG,0.172747565211335
TACGCAGGAGTTTCATCGGCAGG,0.206846486317086
CCGACAGCGCCCAACTGACCAGG,0.158643361467259
TGATCAGAAGGTTCTACCGATGG,0.178380355276489
CTTCTCCTGGCCTGCTGCGCTGG,0.267528129474909
CGTCGATGATGTAGCTGGGCAGG,0.125366192232729
GCCCAGCTTACCCAACGGCGTGG,0.327546590810503
GATCAGGACTTACCCTACAGGGG,0.256156831144672
TGAGGCTGTAAGAACTACCCTGG,0.633199673359719
GAGCAGTGCAGTTTCACGGGAGG,0.572170415261913
CCAAGCGATACAGATCGCACAGG,0.539205851620063
GACTACCGAACCAGGTGGAGTGG,0.674166235533387
CTCAGAGAAGCATTCGACCCTGG,0.0392916273831236
AGTCATCATCGGGAGGGCCATGG,0.178689076245268
GAACGACCAGGAGGGCCGAGAGG,0.582675026122884
GATTCCAAGCAGTCCTACCAGGG,0.407818273150942
ACTTGGACTTTCGCCGAAAGTGG,0.107635002010394
GCATTCTCTCTTACCACAGCAGG,0.335412748171787
CTGACACCTTCTGGAAGCACTGG,0.100299986839782
CATGCCGCTACTTTAAGGAGAGG,0.332745127905174
CATGACATGTCTGGCTCGAAAGG,0.0730929989551097
CCATAGATAGCACATCACACAGG,0.11819444869997
AGTTATCCAGAACCAACAGCTGG,0.238761557355268
CAAGCTCAACAACTGTGGCATGG,0.598275862068965
ACACTTGCCAACACAAAGCCAGG,0.250773249739185
GACAGAAAGGAAAGCGCAACCGG,0.274098314948434
CCCTGCCAGACGCACAGGGATGG,0.182081596035142
CCCAATGGTCAGGCTCCGGATGG,0.202288401253918
CACCTTCGCCTCTCCCACGCAGG,0.116391940862979
ACAGTCAGCGGTGGAACAGCTGG,0.0970948906886228
TGAGAATCTCCAACTCGAGATGG,0.0131452455589969
GGCACGTGACTTCATCCACATGG,0.112723821237165
TAGGAGTTCGAGGGATAACCTGG,0.0734765803611612
CCTGATAGGCGCCTTTCCCGCGG,0.179676071055799
CGTACGGGACACGATCGCCAGGG,0.462964563641851
CTTGACGCGCCAGGTGAGCCGGG,0.161600519251773
CAAGGTCCGAGCCCTTCGGGAGG,0.391525600836364
CTCGGATGCCCTAATCGACGAGG,0.0678861937363336
GAGCAACCAGAACCGGAGCATGG,0.558805733965989
GGCGGCCACGTTCTTCGGAGAGG,0.224681097585363
CCGTATGATGAGCCACAGCCCGG,0.114952978056426
GGGTAACCTCTGTGGACACACGG,0.154273772204389
GCATGCGGTGCAGGAGAGGCTGG,0.595252964896396
CAGGCCAAGTATAAGGAGCGAGG,0.303225796661913
TACCTTTAGTTCCCAGCACACGG,0.397345872517868
TACCAATAGCAAACTCCACCAGG,0.191705420486553
GGCAAGCAAGCACGTGCAAGAGG,0.218108474805864
CCGCATCAAAGAGATCGCACAGG,0.438863205230565
TCCATCATCCCACGTGGCAAAGG,0.400127573046867
CCTTCACTGAGACCCGGACAGGG,0.327651084018653
GCGGAGAATACATCTACAAGGGG,0.431107628003762
AGTGCCCAGCAAGTGCGGACAGG,0.114153406885258
TAGCGTTATACGCAGAGCAATGG,0.49442746855345
GGTAACAGTGAACCAGAAGGTGG,0.426959247648903
CGTGGAACAATGTCGGCAGCTGG,0.220756969599862
AGGGCTCTTATGACATCCCACGG,0.132985462283857
ATCCCGCATGCTGGTGGCAATGG,0.197240773153091
CAGGCGACGGTAATCCAGCGAGG,0.0673114810926346
CAACATACAGTGGAACGCAAGGG,0.324422243893261
CGTCTATGACGCATCTCACATGG,0.218197958167901
TCTGCTAGCTCCCTATGCCAAGG,0.592964563642478
ATCTGACGTACATTGGCACAAGG,0.21710249467696
CTGACCTGTAGACGCGACCCCGG,0.119882014008183
ACCCTTACTGTTTAGGCCCACGG,0.115519422576208
TACTCCTGCTCCGAGTACACAGG,0.265888658271976
ATCTGGGACGACCTCAGAGCCGG,0.177419017764263
AAATCAGATGGCCTCTCCAGAGG,0.388066875652664
TACATCCTCCGCCTGTCGCCCGG,0.28166144200627
ATGTGGGAGTTACCGAGGGCTGG,0.292973297770409
AATTGGCAGAATCTGGGCCATGG,0.200717959671736
TGTACAGTAGGCATGCACAAAGG,0.0954928912476166
CTGTCTGAGGACGACAACCCGGG,0.0523615464994358
CCGAGTGTTGGATTTGCAACAGG,0.0741867261483251
TGCCACAGCTCTCTCCGACAAGG,0.401214302409249
CGGAAGATGAACCTGACCCGGGG,0.326862160298277
GCGGAGGAGACGAATGAAACTGG,0.0895789837049856
TCCACCTCGACCAGAGCCAAAGG,0.174273772204389
CCAGATCCACATCAAACCGGGGG,0.244890282131661
GAATCGATCTGACACCGAGCAGG,0.102670267467797
TTAATAGCAGTGGACACAGCAGG,0.574984326018809
AATAAGCACAGTGAGTCACCAGG,0.106384535005266
CAACCACAATCTCAGGACGACGG,0.0697492163009404
CCGTGATGCGGTTCCGGAGGTGG,0.133312434692163
CGATCAGGTCTTCTAACCACAGG,0.289435736677116
CTCAACATAAGGTGGCCAAAAGG,0.122576223580691
GATCCCAGAATACTTGAAGGTGG,0.179258098223198
ACCACTGAGAATTCAGACCCTGG,0.213636363636364
AGAAACACATACCAAGAGCCGGG,9.4043887147325e-05
ATGCGAAGATGCTCGCCAAGAGG,0.233579358377306
CACGCTCACCCTCTCTGAGGTGG,0.118756530825455
CAATCCAGTACCTCAGACAGAGG,0.400216392273826
TCAGTGCTCGGCGTGGGACATGG,0.111933124346959
AGTCCATATCAGCAGACAGCTGG,0.0740489136771495
ACAGAGTTACCGGCTGAAGAAGG,0.404046068344045
ACATTGTGGACTACCGAACCAGG,0.380775430935895
TGTCTTCACAGAGGCCAAGACGG,0.206530825495925
GCCGGAATTCTGTTTACCAGAGG,0.285373132085111
CGAGGGCACTTCGGACAACACGG,0.0038349007314483
CCTACCCATTGGGAAAGAGATGG,0.117492163009404
AAGCGAATACCCACGAAGCCCGG,0.0333459638512364
GAGCGGCTAAAGATTCCAGAAGG,0.245820271682759
GACTTACCGTGTCTGTGAACTGG,0.113861490038334
CGCTGATGGTCAAACGCAAGTGG,0.0286542188146596
TTGGATTGCAGCCAACACAAAGG,0.153617646191694
GAGAAGTCACTCTCATGCAATGG,0.185023079838904
CTCACCGAAGCTTAGTACAGCGG,0.286457680250784
CAAAGTACATCAGCACCCACTGG,0.224688701573512
ACACACAAGGCCTCTGAGAATGG,0.0139080459770533
GCTCTGCAGATTCCGTGGAGTGG,0.469558085063794
GACATGCGAATGGGTGGCGGAGG,0.186883058940283
CCTGCAGCATCTAGTCCAAGAGG,0.187575757576176
AGGCTTGGCTCCAGGTAGGCTGG,0.15285205841936
CTTAGGTGAGGCTGAGCCGCCGG,0.0977742946708464
GAATGCTAGACGTGTAGCAAAGG,0.432789968652038
CATTACCTGGAGGATTGAGCTGG,0.0690595611285266
CCGCCCACCTCCATCACACCTGG,0.11147797273489
AATGGGCAAAGTGTATCGACAGG,0.498857980570377
AGGCCCTGTACCGCATGGCCTGG,0.0951408677000962
TCCTAGTATCCCAAGGAGAAGGG,0.177635410037462
TCTAGGGCAAGTTGGAAGACCGG,0.335632183908464
TGTCATTCTTGGTCAGAGCCTGG,0.132549028116269
CCAGTTCCATGTGGCCACCATGG,0.248296760710972
TAGTCCAGGGCTTCGCCGCCAGG,0.139200020801743
TTCGTCTATGAGCACCGCGATGG,0.137520467508497
ACAGGTTCAGCTCACTGAAAGGG,0.125042263288027
CATAGGAAGCCGCCTCAGCACGG,0.223022034907055
ACATTGCCAACATCCTGGACTGG,0.0294953891386095
TTCACCCTTCACGTGAACAGGGG,0.067094890688604
TTCGGTGTTACTTGGAGGAGGGG,0.0267711598746082
ATGCAACAACTCACTTGGACTGG,0.441797283176176
CTCGGAACCTTATCATGAAGGGG,0.425590386624451
GCTCGCTCAGCCAGCAAGACAGG,0.124111201575034
CCTGGACAATGCTGGGAAGACGG,0.165796329577274
GGCTACAGACTCAACCGAAATGG,0.11920109296414
CGTTGGAGACAAGGTACGGCAGG,0.363398210455017
CCATTGTATTGGCAGTAACCAGG,0.209518725086194
AGAGACGATCTCCTTGGCGAAGG,0.431682340648276
CGGCATCCGGAATCGAGACGAGG,0.200501567398119
GATGCCGTGTACCTCTCGGAGGG,0.619435736677116
CGAAGACGAAATCCCACAGCTGG,0.118941575136522
GCGGATTTGCAGTTCCAGAAAGG,0.0904702194357367
GCTGCCGTAATAGACTGACGAGG,0.469882014007995
TTTGCTGTCTGCCACGGAGCTGG,0.215428888157494
CAGCTCTGTCTATCCTACCAAGG,0.339578983705174
TTTACCCTCGTTGGCTGCAAAGG,0.186754879735912
CAAGCGGATTCAGGCCAAGAAGG,0.269636454969124
GCTGCGAATAAAGGAGACCAAGG,0.765611285266458
AGGCCACCCAGGTCAACGCCTGG,0.139420528700817
TGCCTGCTCTAAGTATGAGGAGG,0.281954022988088
CTTCTTGAACCCACGCAAGGTGG,0.214443142534641
CCTGAGGGTGTAAGTCAACAGGG,0.202873365087557
TTGTGATGGAAACACGCCAGAGG,0.112873365087745
GCGGGTTCCCATCTGGGACCAGG,0.0917263191283712
ATAAACAGGTACTCCTGCACCGG,0.393343782654545
GCAATGTTGGCAAAGACAGCAGG,0.139953444061318
ACGTGTCGCTGGCACAGACCCGG,0.361640543364263
TGCCTTACCTGAATCGGGCCAGG,0.150501567398119
CAGCCAGGTCGACCTTAAGCAGG,0.0213793103448276
TGGGCAAAGGTCGTTTGAAGAGG,0.0571786833855799
TTCTTAGATGGAGATGGCGATGG,0.0760919540229467
TCAGCGACAGTATGACGAGATGG,0.169479715157838
TTAATCAGTGGAGCGGAAGATGG,0.120313479623824
CACCATTGTGACCTACCAGATGG,0.290414929368496
CTTGTATGAGCTGCTGCAGCTGG,0.130946129536804
ACATGGGTTGGTCGGCACACTGG,0.265885148804233
GATTGATCGCTGCCTCAAGAAGG,0.131494252873981
GACTGAGCCATCCATTAAGGAGG,0.333758712023042
CAGTGGGTAAGCCTGTGGGCTGG,0.135710355683356
ATGTTGGACCTGACCTCCCGCGG,0.0486176461919261
CTATGATAGTTGACCTCAGGTGG,0.0260919540229467
GGCATTACCCGTTTATACACTGG,0.250010449320376
GCAGCTCCTCTTTCGAACGGTGG,0.208136977435581
CGTCGCTTTCCTGGCCGCCAGGG,0.06714429195997
AGTTCTACCAAACCCTCCACAGG,0.189699150894076
TTTGATGACTGCCACGAAGGTGG,0.127065922053951
GCTCTGATTGGCAAGCAGGAGGG,0.430597792482603
ACACTTCCGGTGGCAGGCACTGG,0.0824734455651737
ATGCACCTTCAAACCCACCAAGG,0.0369696969696552
GGAAGCGTTCGGCGAGAGCGCGG,0.123831857268183
TAGCACCTTGGTCTCACGCCGGG,0.303897596655799
GACCGTTAGATAACTCACAGAGG,0.0735736677115987
CATACAGTGGAGTGGAAAGATGG,0.182429933089531
GGCCGACTTACCTTCAGACACGG,0.436391940862541
AGCTCTCCGATTTGCACAGAAGG,0.214895972796992
GAATCCATAGGCTGCGCCAGGGG,0.316144200626959
TTCCCTTTAGGTATCTACGGCGG,0.416415882968025
CATGTGTAGGTTGGAGACACGGG,0.742828722471945
AAGCTCTGCTGAAGCACCAATGG,0.276729362591849
AGTTGCATCGAGAGAAGAGCAGG,0.0931136994660523
TCTGAGCCTCACGTAAAGAAGGG,0.440634365105174
AGCTACGCACCAGCGAACCAAGG,0.437201763224296
AGATTCGCTGAGATTCCAGCTGG,0.10537095088815
GGCTCATCAACCTCGTGGACTGG,0.159362591431975
ACAGGCTGTGTGTCGGCCGGCGG,0.20575281710207
GGTGCTTGATCACCGCCGCGCGG,0.564406569911443
GCAAGGCTGTTGGCCTAAGCAGG,0.146415684836773
GCAGCCGGGTTCGAAGCCCAGGG,0.223826632607368
CAGCAACCTCTATGACAAGCTGG,0.146599212086397
AGTTCCACAAAGTCCACCAAGGG,0.220167189132288
CTATGTCAGCCGCCTGCCCGCGG,0.310634365105174
CCGGCCAAGAGATTCCGGCCAGG,0.243959686423498
GGCCATGTAGCGCTCGAAGGAGG,0.323445232399218
ACCGAATCATTCGCACAGACTGG,0.185197930937417
TTGCCAAAGCTACAAGAGACAGG,0.0554804706259018
TATCCCATGTGCCATTGACCAGG,0.517917541698904
GCGGATAGGCACCTCCACAGGGG,0.260832902200471
TACCTTTAATTCCCACGGACGGG,0.120179819650816
TCTATGTGGTCACCGCCGAGGGG,0.345726227795611
AGCTGACATTGTGTTGCGCCGGG,0.144234156118547
CTGCTTCTTTAAGTCGCAGAGGG,0.119886830641554
TTAGCTGGCCCATCATGGACAGG,0.234514106583072
CTAAAGTTGCCACTCTCACAGGG,0.310284312858152
TGAATTTGAGGAGCGAGCAAAGG,0.414681295715361
GCTATAAAGCCCAACAAGGATGG,0.231364102368528
GCGACTACGAGGGATGGCGGCGG,0.24892590115533
CTTGCAACGTCTGTTAGAGATGG,0.111883058939845
CCGTGATCCGCACGGTAGGCTGG,0.0482257966621016
ACGTCACCTTGGAGCCGAAGGGG,0.243006360925236
ACAAGATAAACCCAACCAGCAGG,0.156066296725895
CTTCCAAGTGGAGTACGCGCAGG,0.601977102826804
AGGTTAAGGCGGCTAGGACAAGG,0.0220136754500201
ACTCGCTTTAGAAAGCCACGGGG,0.573241470643105
AAGCGCCATTCTCTTTACACTGG,0.178063832189813
AGAGGCGCGCAGCAATGAAGTGG,0.444709600214892
CCAGTGGATATCCATCAGGGAGG,0.0420868206955374
TACGGTGGTGCCGTCCGCCAAGG,0.341595702618653
TATAGTTGACCCTACTGGAGAGG,0.232163009404389
GACTGACAACGCGGTCCCACAGG,0.433565399587932
CCGAGGACTCAATACCACCCAGG,0.140660488406929
TTATGCCGCTGCTTGTGCGCTGG,0.130404072020632
CAGCATCGTAGCTGGCCAGATGG,0.218083015639124
TTCATGATCAGTCCAAGGAGAGG,0.25987460815047
CCAAGTCTACGACGACGAGCTGG,0.0810553814002508
ACAGCTCAAGCGCATGGCCCAGG,0.120198338964485
GAGGGCTCACTGGTTCCAAACGG,0.15848139699472
GGCTTCAAATGCCGCCGCCATGG,0.123599592882961
CATGTCACCACTTGCCGGACAGG,0.173949237102683
CGCAGCTGTGCACCACAAGGTGG,0.222175639922729
CGACACTCTGCGGGATACGCTGG,0.150012630517901
CATGCAGGACGCGGAGAACGTGG,0.177933215679657
TGTCGGCGAAGAGTTCAACCAGG,0.329032767438957
CCACTGGCTGGTAATTAGCATGG,0.0303731320852991
CCTCCGTAGGCGCCTAACCAAGG,0.0441483803552351
TATCACTTGGCGAAGGAGACGGG,0.146444187466741
AGAAGATGGCGCTCACCAGGTGG,0.621418064164735
GGATTTCCAGCTGCTTGAGGAGG,0.00694879832811285
GGAGACGATCGCGATGAACACGG,0.316214302409249
CTCAAACCACTGAATTAGGCTGG,0.095982038024046
TGAGCCCACTTCTGAAACACAGG,0.140362682764547
GAAATTGGATTCCACTGCCGAGG,0.155676162388559
TCTTTCACTTCCAGCTGGGCCGG,0.249487983281505
ACAAATGAGGCGCCAAAGAGAGG,0.264563309723982
TTCCAACTGGACCTCGAGGCTGG,0.305862068965517
TGGTTGCGCTGGTCGCCGACAGG,0.0629328076530085
TCTGAAACACTCGCTCCACATGG,0.324333424666302
AGAGGAGCCTTACCTGACGGAGG,0.348422152560501
GAGTCTACTTGCACCTCCGGCGG,0.494077416306428
AAGGATCTCGTTGGCTCCGGTGG,0.567593612754077
TGTAGGAGATGTGGTGGCCGCGG,0.132346338523136
GGTTGCCAGCGAGGATAACCCGG,0.219446185997492
TAGTCCACTCACCTTGCCGAAGG,0.224994775339185
ACTGACCTTTACTCTCCCGCCGG,0.282504793527117
ACGTTACCTGTCAGTCCCAGGGG,0.0601044932078997
CCTCCAGGTCATGGGTGGCATGG,0.0826121320679332
GCCATGTTGGAGCAGAAGAATGG,0.511452455589969
TTCCTCTCCCAGTATGAACGAGG,0.386982327487619
TCTTGGCATCAGGTACACGAGGG,0.191924856223669
TGTCTCTATCACAGCCAGAGAGG,0.38619340376787
TATGGGAAGAGCTGGTGAGATGG,0.524150561552196
CGTAGACAGAGAGGCCGAGAAGG,0.263699059561128
CATAGACTAACCACATGAGGCGG,0.507865295094515
ACAACTTCAACAGGCTGCACTGG,0.231640543364263
TCCTCGATCCTTGGTCAGCGGGG,0.191898732921475
TCCAGCCGGACATCGCCGACCGG,0.0652976075120272
AGCCTCCATCTCTCCACAGGTGG,0.357868338557994
TCCACTTGCTGTGGCCAGCGAGG,0.18191791637066
TAGCCTGAAGCAGCTGGAGGAGG,0.10625438450019
GAAGTGCCTCCATCTCACCAAGG,0.18141065830721
CTTGTACTCACAGAATCCGAAGG,0.606846486317086
CCAATGAAGAGCGTGAGAACTGG,0.3507493076337
ACAGAAATTTGTGGTGCACCAGG,0.161457074093279
CTGGCAGACTCATGGCGAGGTGG,0.462206987884484
GAGTTTCCCGCTGTCTCCAGCGG,0.477337604394829
ACGTTAGCAGTTTGATGGCATGG,0.0225914315569906
TGAGGTAAGTGCCGCCCACAGGG,0.107159965941099
ACGGTCGAAGTCTTTCAGAAAGG,0.493816183286992
TGGCTCTGGATATCTACGGAGGG,0.337557040131506
TTTCTCCTAGGAGGACCAGGAGG,0.196689338478294
GGATCTCTCCTGGCAAAGACTGG,0.125816820192212
GCATCGCTGTACAACTGGAATGG,0.10072602966461
TCTTGTGCTGTTGACAACAGAGG,0.19145986144812
ACCTTCAATGCCAACTAGGAAGG,0.680550770538402
ATCAGGAACGCGCACTGAAAAGG,0.0317868338557994
GGCGCGGGCATCCCTAGGAACGG,0.260936550093085
AGTCACTAGCTACCACACAGGGG,0.45507010178229
TACCACGACCCAGATCCCAGCGG,0.328006360925236
CATCATCAGGACTGCTGAGCAGG,0.0608986415883386
AGCAATATTCCCAACCGCACAGG,0.109986507215707
ACCGTAAGTCTTGAGAGAACGGG,0.063448275862069
GGAATAAGCCCAGTCTCAGCGGG,0.0362591431557367
GCCGGAGAAACCTACCCAGGCGG,0.128659443475268
CTTTATTCTGCTGCTTGAGCGGG,0.042342829055017
AGGTCACGCACGTTGAACCATGG,0.528549725606741
GACTGCTGCGGTTGAGGCGCAGG,0.0935632183908464
ACATCTTGCTGACAAACGAGCGG,0.191935305544045
CCAGTGAGCGGAAGACAGACAGG,0.033967698438528
TCTCCGTGGTGCGTGCGGAGAGG,0.0581609195401881
AGTCCAGGTAGTGGTCGCCCAGG,0.535550362511961
TGGTTGTGAACGCATAGGGCTGG,0.208484650354203
TGGTTGGCAGCAAGCGGCACGGG,0.415109717868339
ACTCCATTTGATCCCGCCACCGG,0.271956204185424
TGAAGAGTACATCGCAGACATGG,0.233145245558621
AACCATTCCGCACTGCAGCATGG,0.552290582451255
GAATGACCGCCAGCAGAAAGGGG,0.14317877471834
GGATAACGTACCAGACCCAGGGG,0.679855890706427
GAGGAGGTACGACTCAGGCGAGG,0.185554280007024
GGCAGCTTTAAGACGTACCATGG,0.465141065830721
GCTGATAAAGTTTCGTGCACAGG,0.221176014594234
GGTGGGCTGCAAGCGGAAACTGG,0.032128617978716
ACGACTTCTTCATCTCCCGCTGG,0.184514106583072
GGAGTTGATTGAGCCAACACTGG,0.443716914739657
AATTCCGTGACGAGGCCAGAAGG,0.437345872517868
CATCGAGACGGTGTACCGCGGGG,0.596888283600471
TAAACGCCACTCCTAAAGGCTGG,0.318746081504702
GCTGGTGAAGCAGGGTGCCGAGG,0.405242515575393
AGATCGGTTCTTCTCCAGCAGGG,0.205911272106428
TATGCTTGCTACTCCCAGGATGG,0.0503679074249041
CAAGGATCCTTAGGGTGCCCTGG,0.145597384455347
CACCTGTCTTGGGTCGGCGCTGG,0.196426332288401
ACCTCAGGCTGTCTGAAACCTGG,0.254284221526019
GCCGTGTGATCCGTGGACAGAGG,0.373513152984171
GCACTGACTGATACCAACAGAGG,0.520378356745299
ATACTCACTTCTTGCGACGGCGG,0.0799603839139512
GAAACATCTGCAAAGCCGAGTGG,0.0597074190178056
CTCAGTGCGTGAGGTTGGCGCGG,0.328826632607995
GCGTCATGACTGATGTCCACCGG,0.77339602925768
ACTGAAAGGCTCTGGCAACCTGG,0.532510018187305
GGTCACAGCGGCGGATACAGTGG,0.836374085684013
TCACCGAGCAACAGCTCCGGGGG,0.649281178061913
CACGCTGTCTGAGATCAAGAGGG,0.0293699972890609
ACTCTCTGGCCAGTCAACAGAGG,0.328392985794829
AAGTCCCGAGCAGGGTGCGAAGG,0.079813685395974
GGTTCTCTGCACGAAGGAGAGGG,0.469098314948434
GGTGGATCCCGGAGTTGCCCTGG,0.53307210031348
TTCGACAGTGGCTTCGGCGGTGG,0.0515173327122584
CGATCCAAATTTGAACGCCGTGG,0.024576802507837
AGTAGCTTCCTACTAGCACCTGG,0.697324973877116
GGATCTCTTCATGAAACGAGTGG,0.276935305544045
TGGCATGGTCATGCAGGAGGAGG,0.0674085684430094
GAGCTGATATCGAATGGAGAAGG,0.414359547968497
GCAGCACCCGGTCGTTGAGGAGG,0.289537186421788
TCTGCCCAGGAAATCCACAATGG,0.387492163009404
ATTCACCAGGGCATCACAGGTGG,0.043455681719575
ACCCAGGTCACCCGCAAGGGTGG,0.197943665001099
ATTGTTGGTGGGTGAGCACAAGG,0.089414639904861
GAGAGAAATAGCCCTACGGCAGG,0.312560083594984
GGTAGCAACTCCTGGTAAGAAGG,0.13265630867903
GATCATAGGTCCAAACCAGGAGG,0.374803644102039
GCACCACTGATGTTACAGAAAGG,0.461198628428058
CCATAGGTGGTCTCTAGGACTGG,0.270705795158497
CGCCTCATGAAGGTTTGACGTGG,0.0631004048126345
TGAAAGGACACGAGACGCCATGG,0.322092045355957
CATGCCTGTGCTGAATCAGGTGG,0.444845441385424
CTGGACCACTTCCACAGGGACGG,0.0902425155753932
GCTCAAGTTACGTGCAGAAAGGG,0.0204493207941066
AACGACGTCTTCACAACCAGAGG,0.207241379310345
GCTGATGGAGAACTTCCGCAGGG,0.586969696969279
ACTGTACCTGGTTACTACCATGG,0.280480668756113
GGCGAGGATTCCACCTCCACGGG,0.322311481092634
AACTACTCACGCATGTGACACGG,0.242622779519749
TATCTCCTATCTGGGTGCCATGG,0.349474490497023
CACGACCTTCCTGCAGCAGGTGG,0.180888192267085
CCATACACGTTCTCCCACCCTGG,0.168429558417399
TTATCGGCAGGCATATCCGCTGG,0.119811912225705
CAACACTAGTGGGTCCGCCAGGG,0.366977102827431
CAACTGCTCAGGTTTAGGAATGG,0.19077020627508
GCGTGTGAGAGACTTAGCCCTGG,0.42198537095047
CCCGATTAAGGCTCCCGCCATGG,0.181637499901224
ACCACTTACATTTCCGAAGCAGG,0.122576223580691
GCTGGTTCCATAATGCGGGAAGG,0.181679297184798
ACTCACGATGCTCTCGGCCATGG,0.185869066796413
GAGGCTTCTCTAGCAGCAACAGG,0.18247588287094
CAGGCCCTCGTAGAGCGGCATGG,0.160434112817807
TTAAAGTGTTGCGGCAGCACAGG,0.176961428845801
CAGAGCACGCGTTCTGACCCCGG,0.304610331667556
GACTACGATGCTGGGAGAGGAGG,0.463868429890942
GCTGTCTATGTGTGCTCCACAGG,0.790982236154232
GATGACGCGGTATTCAGGCGCGG,0.373565399587932
CCCACGGTTCTGGAAGGAGGTGG,0.0996730275923211
AGGCTCGCTTAACCTGGAGCTGG,0.210047487948466
GAACCGGAATGCTCGACGGAAGG,0.175676162388371
GCACCATTGCATCTATGCCCAGG,0.190156739811912
GAGGTTTCTACAGGAACACGAGG,0.201389759665204
GCTCCCGCCTGAGATCCAGCTGG,0.110351825416871
GGCAATTACATATGCAGCCCAGG,0.57401472038229
GGTGCAATGCTTACCAACACTGG,0.00180773249739187
CCTGCAGAAATACTACCCGCCGG,0.394772296139656
TCAATTGGATCAGGCCGCGCTGG,0.525226841594202
AGCACCTGTGGAAACCGAGCTGG,0.671836036996083
TGTAGGCAACAATCACAGGGCGG,0.344265504081349
AAGCTGTATTGCCACGAGGCTGG,0.0833855799373041
CATGGCCTCTCTACTCGCCAAGG,0.191454636787305
CTCCAAGTTGCAGAGTAAAGTGG,0.137079880842886
GGTGATCAGTGCTTACCGCAAGG,0.337283176593103
GACTGAACTTGCGAGGCAGATGG,0.124703967527635
CTGAGGCAGATGCATCCCAGCGG,0.426071055381818
CTTGTGTTGACTGACAGGGAAGG,0.141421107627586
CAACCGCAAGCTCATTGAGACGG,0.20519331243511
TCACGACAGAGCGCATGAAGAGG,0.28115987460815
CATCATGGTGAAGCTCGCGAAGG,0.120605862475394
GGTCTACGAGCTGACCAGCAAGG,0.330733225625861
TCAGTGTGTCCATTGGAGCAAGG,0.241630094043887
CATTCGCAAGCTCACCGGGCGGG,0.302337604394202
CCCAGTCCAGATCTCCACACAGG,0.123740856844263
GATTGTCTAGTGGACGAAGATGG,0.0886938349006897
TGCAGGCTGTGAGAAACGCGGGG,0.437112943997337
TGTCTTCCTATTCCACAGGCAGG,0.156634712546759
TTTGAGTTACCGGCTACCCAAGG,0.292048066875235
TAAGCTCATCCTGGTTGAGGGGG,0.0558202716823825
TCAGCCTCCGAGGGCTCCGAGGG,0.111694971165801
TCAGCATTAATGGGCAAGCATGG,0.0824451410658307
ACAGATGAGCTGATGGAGCAAGG,0.441470310768497
CATTCTCATCCACTTTGGGAGGG,0.136436781608777
ATCCTTTGAGGCAGAGAAGCAGG,0.0574712643677743
CTCTCCTTGTTGTGCTCGGGAGG,0.11165668335076
CTCACAGATCGAGAAGAAGCTGG,0.0872069878846722
ATGGCAGTTGGAACAACCACAGG,0.588372087152823
ATGGAAGGAATCAACACCACTGG,0.174208032816772
CCTAGCCCAAGCGCTGCAAGAGG,0.291240425711443
ACAATCTGCTGCTGGTCGGAGGG,0.503246695303293
GCCTATGAACTCTTTGCCAAGGG,0.114666087739475
AGGCTATGACAGTGCAGACCTGG,0.379113988929625
TCGAAGAAGCCTAGAGAGACTGG,0.0632101226809104
GCAGAATACGGAAAGCGGGAGGG,0.0902055349257546
GACATCTCCACCCTCAACAGTGG,0.0374420976025405
CCGTGGCTATCTGGTGACCCAGG,0.392557040131506
TGTGGGCCTGCTCTGCGGGAAGG,0.214678252252509
CAATAAGATTGGCGTGGGCGTGG,0.153852755909562
AGAATGTGTCATGGAACAGCTGG,0.185493299274453
GCGATGCATGTGATCAAGCGAGG,0.467290582451255
TCACAGATCGGGTGCTACCAAGG,0.522468220904547
AAAGATCCAGCTCACTGACCTGG,0.172363727696584
GGTGAAAGTGCAGATCGCCGTGG,0.464275953401725
TACCCGCCTGGTTCAACAGGAGG,0.222298850574295
TCGTCCTCTCATGGAGAAGGTGG,0.451663623203606
TCGAAGTTGAAGGTGACAACCGG,0.196423288824923
GAGTCCATAGGCAAAGGAGATGG,0.00376175548589342
GGCAGCTGGAAGCGCACGAGCGG,0.704537186421788
CATTTGTCAGACCGGAAGACTGG,0.14012234838624
GGACATCGTGTACCGCACCATGG,0.731068011917713
GAATGACAGCCAACTCAGCCTGG,0.16175072723787
GGCTGCCGGTTCTTATCAGATGG,0.605299986839343
CGGTGATTTCTCCAAGCCAGTGG,0.219017763845768
TCCGTACATTTGTTCGGCGCAGG,0.171593987425958
ATACCGCCAGCGCTATGGAGTGG,0.288607196871318
ATGTGCCGTTACGGCAGCGCCGG,0.101783382365692
AGGCGGAATCGCTCACCCGACGG,0.457337604394829
GCGAGTTTCAGGACCAGACCAGG,0.0238349007314107
GCATGTATGCCCTGCGAGAACGG,0.0799181786039364
CCCACTTGGACTTCTCCAGGGGG,0.280221616934014
ACCACCAATTCTAAATGCCCTGG,0.404453591855644
TTCCATGGTTGAGCACACAAAGG,0.0828857857094537
CACCCGAATTGTCCAGCAGAAGG,0.123492254342352
ATGAGACGTGGCTGGTGACCGGG,0.701276998334014
AGCACTGCCACAATGCCAGCTGG,0.0185266457680251
TGCTGAGAGGATCGGCAACATGG,0.156321232922934
GGAGTTGAACGTAGTAGAGCAGG,0.489646904290127
TCAATGGTGAGCACATGGACAGG,0.0859561128526646
TGCGTGGCCTATGCAAGAAAGGG,0.113923521827576
TGGACCGCTGTTCTCAAGGACGG,0.1921107628
TGTTGCGGGTTTCTACAGCAGGG,0.137722048066458
AGCGTTTCGCTTTCAAGACCCGG,0.110365528097149
TGCCCAGGATCCTGCAGCACAGG,0.368737813381036
TCCTTCCTTCCGCCGCAACATGG,0.114811714095081
CGATGAGACTCTCCTGGAACAGG,0.0137826541275235
AATCCACAATCATCTGGCCAAGG,0.121397165523356
ACCGATTGCAAAGGTGAGAGAGG,0.0575862068965517
GAGAACTTCTACAGGTGCGGCGG,0.352842215256426
GGTATCAGTACCCGAACAGAAGG,0.349373040752351
TTATGTCTGGGAGGCGAACGCGG,0.224626005648747
CTTGTGGAACTCACGCAGGAAGG,0.15942746855345
CTCTGCTCTAACTGGCCACCGGG,0.298511437791726
GCTGAATATCCTGCAACAACTGG,0.254420062695925
ATAGACCGTGTAGTCACAAGTGG,0.280629140444986
GCTTAATGACTCAGACAGCGAGG,0.117099707322163
GGATCAACTCTTGGCGAGGGTGG,0.277233111186678
TAAAGGTGACTGGCAAGCCCAGG,0.571922675025705
GCCACTCACCATCCGGGAAAGGG,0.584667802931506
GCCATCATCTTCACGGCCCAGGG,0.243912664479925
GAATGATGGAGACGACCAGATGG,0.290929989551097
GCGCATTGCACATCAACGGATGG,0.0110658307210031
TTGGTGTCAGCAATAAGGCAAGG,0.0929153605015674
GGTCTACTCTGATGATGAAGAGG,0.205205942952823
ACAGATACATCACGCCAAGCAGG,0.157146729265755
TCAGATGCAGGAGCTTCGGAGGG,0.236489028213166
ACTGATGGAAGGCATCGCCCTGG,0.359066966986051
TGGGTACTGGGTTGGAGCCCCGG,0.0711463818241079
AAGGGTCTGTTTCCTTACCATGG,0.672319749216301
TGATCTGCTCTTCCAAGCCCTGG,0.493105629472572
ACCAAATGAATGCCACAGCATGG,0.214328200006114
TAACGATGCCGCCGGAGCGGAGG,0.298366862492634
TCTCTTTCGACTTCCACGGGCGG,0.173636363636364
AGGATGGAACGGGAGACCAATGG,0.204461859978683
TTTCTGTGTCCTTGTAGCCGTGG,0.212712064750973
CTGCAGGAACTGGGCCCGGAGGG,0.347471264367398
TGGCTGAGAAACACAACAACAGG,0.124372434594846
TGTTTCGGGTGGATAAAGGAGGG,0.487076371374766
CGGTGATGACTTCGATGGAGTGG,0.277554858934169
CCCGGAACTGGGACAGGAGCAGG,0.01421107628
GGCTTTAGAGGTCGTGGACGAGG,0.152178077228138
CGGGCGTTCAGTACTCAGCCTGG,0.1434539665274
TTACCGAGATGCTGATGGCCTGG,0.0307493076339512
GGGTTGGAGAGAAGCCACGAAGG,0.702755577226177
TTACCCGGGATGTCATGAAGAGG,0.44775339602884
CACTAATGTGTTACTGCACCAGG,0.246721094467556
AGTGTTACATGCCGTAGAGAAGG,0.420911272106428
ATGAGGTATAATCTGTCCGCTGG,0.0480041797282759
CCTGACCTCCCGCGGACAAGTGG,0.130492891247573
ATCCCTCCTTTCCTGCAGCGAGG,0.348988597079907
CAACTGCCGTTCCATGCAGGCGG,0.167042236057774
GGTGCAGATCCCGGATGAGACGG,0.151562639463575
GAGGTCTCTAAGAAAGAGGGTGG,0.20717563992229
GGCTAATACTCAGGGAAAGAAGG,0.298330289870064
TGGACCTATTGTTCGGGCGCCGG,0.273711690078841
AAAGGGTATTACCTTGAGGGCGG,0.478505747126019
AGTGGCCCTGATCTTGCAAGGGG,0.444699150894515
CTGCTTACCTCAACCTGAAATGG,0.0293625914315988
TTGTGGACAAGGCTTCCGAGAGG,0.303910227174139
CCTCACCTTACGGTTCCAGCTGG,0.123793103448276
GGAATACTCACTTCTTGCGACGG,0.534986507215518
AACTCTGGGAAGACGGCCAGTGG,0.225386426738761
TAACTCACCAGTAAGCAGGCTGG,0.444399164053918
ATCGGTAGTCCTCACAGCCACGG,0.0877973745097505
GAGATCATGGGTGCTAGGAAGGG,0.112998955067962
CGTAGTGGGACGAATCACAGAGG,0.538152651416772
CATCTCGTACTCGAGGGAGCAGG,0.367541366150315
AGGAACTCACACTCTGGCACTGG,0.830054427801098
ACAGAACGGGTTGGAACACCAGG,0.538192267502194
TCCCGAGTGACAGATCCACAGGG,0.252142110762382
TGTCACCTCAGATGGCGAACCGG,0.162283642598372
CCTGCTTATGGAAATTGAGCAGG,0.144508275765191
GCTCGGTGTAAGTAGCCACATGG,0.170543364680878
GCACGTTGCCCACAATGCCAGGG,0.0531213034542019
AGGATTTCCCTCTTCAACCATGG,0.336543456014265
CGCCGTCCGTAGGTGTCCAGAGG,0.189613375131034
CTGGAAGACGGAGACAAGCGCGG,0.655639589765989
TCTCTTACAGGCATGTAAGGAGG,0.103187042842257
TTGCTTGTGAACTTGACCCAAGG,0.256447230930408
CTGTGCTCTTACCGTAAGCGTGG,0.11471833434345
CATGGAGTGGGATACGCAGGTGG,0.241052337936522
CAGCGAGGGTGCCTTCGAGGAGG,0.39476184681928
TGCCTGAGGAGCGATGCCGAGGG,0.411783790392321
CTCAATCACAAGTTCCAGCAAGG,0.21687260961928
GCTCACCGGCCATCCAGGAAAGG,0.122246603970784
CTTCCTTGTCACGCGCAGCATGG,0.517786925188559
CGTTTAAAGGGAGCACAGACAGG,0.138565399587932
CACTGACTTCACCGTGGACCTGG,0.00603970741902196
AGGTAGGACTCACCGTCCGGAGG,0.340221616933387
GGATCCGGACCTTCTGCACATGG,0.0866980146290909
TCCTAATTACATAGCTCCCGAGG,0.454542411081976
TTCCACGAGTTCATCCAGGGAGG,0.282823497811757
CTTCGTGATGGGTTGCGCCGTGG,0.136203853088246
GGATCAGATCAATGAGAAGCAGG,0.239845441384798
GCCGGCGCTACAACATCAAGGGG,0.24958943302555
TTCCAGTAGCCGGATCGAGCTGG,0.175251249703951
GCGGAGAACAATATGGCGGATGG,0.148058607529625
ACTGGGATCTATTTAGCCACTGG,0.43941483803511
AAGACGGAAGAGGATGGCCGCGG,0.158821407947619
GCCGCTCCAGCTTTCGAACCTGG,0.32340865977602
CACCACCTCTCCGAAGAACGTGG,0.194887238668371
AGCCTTCCTCCGGGATGAGCAGG,0.0323510971786834
AGCTACCACGAGGAGGAGGCAGG,0.0634922543423524
GGTGTCGCCTTCTTGTCCGATGG,0.611256099692634
CCCGCTTCACCCGCACAAACGGG,0.118920676494954
CTATCGTGTATGTGATGACCGGG,0.197844396453324
ATTCTTCTTCACAGGCACCAAGG,0.219028213166144
GGTTCGAGAGACAGGTGAGGTGG,0.370174594989813
GACGGTCCGAGTGTGCAAGATGG,0.357189132705956
ACTCCCATTAAGGTGCGCCCTGG,0.678275862068965
TTGACAGCTGGCTTAAAGGCTGG,0.156412839504108
CTCTACGGAAGCCTCTGCACTGG,0.242058516196865
CAGCATTCCTAAGGATAAGCAGG,0.0738349007314107
TTCTAGGCAGCCACACACCAGGG,0.117554858934169
CAACTTGTGATCTCGACAGATGG,0.127926275827212
TAGTGGAGCAATGCATGAAGAGG,0.555111899065675
GCGAGGTATTGTAGGTAGAAAGG,0.058025078369906
CTTCTCACCGTGCATCGAGCAGG,0.16473923298508
TCGGATCAATGGTTGGCAAACGG,0.112311073065755
CATTATGTTGGACTGCGGACTGG,0.19846394984326
AGCTGGTCTTGAAGCACAACAGG,0.0557649816150797
TGAAGACGATAGTGAAGGAGAGG,0.00471264367815675
TAGAACCACTTCTCCTAGCACGG,0.389385671270064
TGCCTCCTGGTGAAGACAAGGGG,0.240984417351569
AAAGTGGACGAGACACCAAAAGG,0.121177729786678
TGTCTAGTCGTGCTCGAAAGAGG,0.285506792058934
CATCGAAGAGTCCCGGAAGAGGG,0.194043887147335
GGTCACGCAGCCGTTCACGGCGG,0.617206987884484
TGGTGAAAGTGCGGCGCAGCCGG,0.102816557958915
AGCTCTACGCTTCGCCGCCGCGG,0.479023948212207
GGTGAATGACCAGTGTCACATGG,0.260271682341066
CTACCATCTCTACTCACCAAAGG,0.373518377644358
GCATAGTCGTTGTCACGACATGG,0.0833751306165517
TTCGGGACCGCCATGGCCACCGG,0.243121303453763
AGTCTCACCAACCAGTACAAAGG,0.449352142110345
CTATGAGCATCGTCTACAGCTGG,0.183912664479925
GATTCGCAGGAACTCCGAGGCGG,0.487692881302039
CGGAAGCACAAAGGTCCACCAGG,0.0722048066875235
CGCCTCCAAGGAGAAACGAGGGG,0.101621825920221
AGGTCCAGTCTCTCACAGAGGGG,0.32321534734091
AGGATGTACTGCTTCAGGAGTGG,0.159369997289061
CAATGGCGAAGTAGTTGAGAAGG,0.509882014007995
AACTCGTAAGTGCTACCGCATGG,0.803573667711599
CAGGGACTACGTGATTGACCTGG,0.0761233019853292
CGTCCAACAACCGCGGACCCGGG,0.0743155694880251
CTTTGAAGTAAGGCGACGACAGG,0.219322975345299
CAGAATGCAGACTATACCACTGG,0.175268638877588
TCGACCTCAAGAATCGCCGCGGG,0.122279725103184
CCAGGTGCTAGACAGGCCCACGG,0.128385381806867
ATGGCACCTGTGTGGCAGCCCGG,0.289074628952025
CTCACAACAAGATCCCGCCGCGG,0.490655263746553
ATGGCTGGGTCCCAGCAGGAGGG,0.109472111169312
GGACGGAGTTGATGAGCGCCCGG,0.616081504702194
TCTTCCTTAGCCCAACAGCCAGG,0.10307210031348
AGACGGGCACCAAGATAGGCTGG,0.304834992064421
CTGTAAATGCCCAAGTGAACCGG,0.141489494218058
GGAACCTGTATGGCACGAGGTGG,0.187105538140439
CGGGTATCACTTTCCGGAGCTGG,0.18512234838624
TGCGGCTGCGTGGTCACCGAGGG,0.18942746855345
TACTTCTCAGTACCAGGGCGTGG,0.276442472274484
CCGCGTCGTCGAATTGCCCGGGG,0.209571577847022
GCCGATTAAATGGGCCGGCGGGG,0.0553396029257681
GATTGCCATGACAAGTGAGCTGG,0.0822958071114433
CCGAGTTACTCTCTTCCCAAAGG,0.354399164053918
CGGCAAAGTCCATCTGACAGAGG,0.29465735361113
TACGGTGCTTCACGTGCGCGCGG,0.0941139889296251
GAAGCCGTATTTCAAGGACAAGG,0.038307210031348
GGAAGATGGCGGCCGGCGAAAGG,0.234563309723982
ATGAGGTGCAATTCTTACCCAGG,0.249268547544828
GAGATTTATGTCCACCGAAGTGG,0.398978147759092
AGGTAAGTGCGGCTTCCCACAGG,0.364754440961755
GAGCAACCCTCTTCGTACAGAGG,0.0887774294670846
TCGACTTGTACACCGAAGAACGG,0.381909182241851
CAACCGAGATCTGATAGACAAGG,0.220519422576647
GAATTTGTGCTTACAGCGGCTGG,0.0975461827836229
AAGATGGTATGGTGAACCACGGG,0.333236245982917
CCCAGCAATCGCCAATCCCAGGG,0.540867293626332
AACAGAACTTCGCTTTGAGGTGG,0.290626959247649
CGCACTTCCCGGATCACACGAGG,0.292089864159248
ACTGCTCCAGCAGACTGGACAGG,0.183275663938153
GCTGAACTCTTTCCTCGCACAGG,0.467029349431193
CATTACCTGTAGTCACACCAGGG,0.461368861024451
ATGGATCAACTGGACAGCAAAGG,0.43717868338558
GCTCGCCGCATTACCTAGACAGG,0.0760836858992803
CGCGCAGGAGGCCGTCAAGAAGG,0.0550335291595311
CCCACAGCTGTTAAAGCAACAGG,0.0381922675025705
CTGGAACAAGGAGCGGGAAAAGG,0.135125857854422
GCGTGCTGAAGAGTTGCGCGTGG,0.33
CTTCAATAGCATTGTGCAGCCGG,0.131954022988088
GGTGCTTTGGTGCTCTGCCCAGG,0.366757667090127
CTCCATGCAGCTTGAGCAGAGGG,0.158783120132415
CGCGATCCGCGTGTTTCAGGAGG,0.005423197492163
GAAAGCCAGAAGAGGCCCAGCGG,0.210485695286115
TGGCAAGTTGGCGGGCGACACGG,0.397327155073826
TTACCCGAATTTACCGCCAAAGG,0.0826458593580264
CTCACCGTTTCTCATACAAGAGG,0.0561098092012866
TCCGCAATGAATCTATGCGGGGG,0.413920676494515
GGTAGAATCAGTTACAAGGGTGG,0.136067603891479
CCATTACTGTGGATCAGACATGG,0.0923247757460962
AACTGAACACTGACCTGAGGAGG,0.518150470219436
TCTCTTTCTAGACGCTAGAGCGG,0.6121107628
GCCGAGTAGAAGGCAGGCGACGG,0.190689655172414
GATCCTTTGTTTCCAGGGCCAGG,0.155929791420033
CACTATATGGTGGAACACAGTGG,0.188643769493888
TCAGAGTACCCAAAGGCAAGTGG,0.198847531249374
CGCGATGCCGCTGGAGAACCTGG,0.0332571446245279
CAGGCAATTACTCTCACCGGAGG,0.127570998920252
CTTACGTTACTGGCTTGAAGAGG,0.255109717868338
ACCAGGCGGCGCCACTACAGGGG,0.10690918224229
CTGAACCAGCCACCCGAGGATGG,0.10872457670563
TGTGACTTCCGAACCTCAGGTGG,0.455775430935895
GAGGGCGGTATGCGACACACGGG,0.40824669530392
CTGTCTCCTGCCCGCACCAGTGG,0.27106801191834
GCAAGTGTACTGCAGCAGCAGGG,0.251580028636835
CCACGTGACCAGAGAGAAGCTGG,0.0300335291595123
ATGCGGGCTCATTACCAAACAGG,0.129375221949688
TGTGATGCTCCACACACACCTGG,0.121261324352823
CTGCTGGGTGGTAGTGCGGCTGG,0.109822361546458
TCGTAGCCGATCTCGAGAGAGGG,0.18045977011536
CGCCCTCGAACTTAACGCCGAGG,0.559317750685111
CTTCTTCTTCTCGTGGCGGGGGG,0.0743887147335423
ATGGTAGTTCCGATGGCCGATGG,0.353492254342164
ACTTAGCTGCTCCGCGCCGCCGG,0.0573876698015047
TCTGCCGTACCGATTTAGCGTGG,0.438110854133387
TGGACTAGCTGCTGATAAGAAGG,0.100950888192226
ACGTGACATGGGTTGGAAGATGG,0.0762978969755812
CCCGCAGGAGCAAGTGACAGCGG,0.0884430512016301
TCGCGAGGCGTACATACCCAAGG,0.49405129300486
CGTATACCAGTAATAGGGAGTGG,0.112927991019719
CTGACTTTCAAGAGGCCCGAGGG,0.301167280465863
ACGCCAGGAAAGCGACCCGGAGG,0.12865944347508
ATGACACTCCACGCCACCCGGGG,0.170386624868966
AAACTGCGGAACTCGGCCAAGGG,0.242126902786083
TGACGAGCTTGCTTCCACAAAGG,0.213291536050157
CATCATGTGGAAACTGACCAGGG,0.221339694258779
TTTGGGATCACGAGGGAACATGG,0.00357366771159873
CGCTCTCGGAATTATGGCGGCGG,0.260472400633073
GGACATGACGTTGCCAAAGAAGG,0.0567816091953605
TATCCAGCCAGATACTAGCCTGG,0.209367209934658
AGACGCCCTGCAGCATGAACTGG,0.115093845756522
CAAGAGTGCTCTACCAGAGGAGG,0.0975043855004254
CACTGTTGAGGACGAAGAAAGGG,0.100088621096084
TTGTTGGTCATAGGACGACAGGG,0.479916405433229
GCTTGGAGGACATGTTCCGGAGG,0.630512016718495
CACTGACCAGGAGTTCGGCCCGG,0.0699133619703775
ACTGGAATTCGTAGTCGACGGGG,0.421119850495222
CAGCGAAATCCACGGCGCGCAGG,0.0508851488042333
AGTGCGATCGATTCAGCCCGAGG,0.286627050581036
ACCTACAATACCTCGCCCACTGG,0.392361546499059
TGGATCGCGCGCAGCACCCAGGG,0.311867384959092
GAGAGCATGCTGCTGGAGACAGG,0.18779043465693
TTGATAGCTGCATGATGACCAGG,0.434134887571004
TCGCATTATAGGCGTCCAGCTGG,0.0669457548648603
GAGGTCTTCAATGGCAAGCGGGG,0.183594566353605
TACGGGCTGGTAGGACCCAATGG,0.587314524555486
GCAGCTTCTGCGACCGCGAGCGG,0.136039101261555
ATGTACCTGGTAAAGGGAGAAGG,0.217063740856426
AGTATGTTTACCTGGAACCCAGG,0.362267502611912
GCTCCTGCTGCAATTTGAGAAGG,0.0773195510856573
TCATCCTCAACGCCCTCACCTGG,0.416203853088246
ACACAGGTTACTCGACCAAGTGG,0.134509347927525
AGCAGTAGCGCTTCAGGCCCAGG,0.127443330297558
CTCAACAGTCAAAGTGAAGCAGG,0.12483980869798
TACGAGGAGCTGATCAAGGAGGG,0.43100009133276
GGTGGTCAGCGCGATGCCCAAGG,0.673069056850628
TGCTTCTGAACCACGCAACATGG,0.250869474823042
GCAGGACTTGATCTTGCCAAAGG,0.142828314445065
GGCTGGCTCCAAGGCACCAGAGG,0.0467816091953605
TCACCGAAGCTTAGTACAGCGGG,0.287199582027586
TCGAGCATCACACTGTACAAAGG,0.417826541275235
AGCCATTCACCTACAGGAGCAGG,0.264420062695925
TTACCTCGTCAGTGTCCCGGAGG,0.188861024033856
GCAGTTGCTGACGAGAAACGTGG,0.379678252252509
CCACCCTGAAGGACAAGCGCGGG,0.457191313903293
CAGGCTGCGCGCAAAGACAGCGG,0.207938440340472
GAACTGACTGGTTTAGCCAGAGG,0.420801554238089
AAGCAGAGTCTTTGTGGAAGTGG,0.0464023901835436
GAGAAGTACATTGCGGAGAATGG,0.141013584116614
ACCTACTTACCCTGTCCAAGGGG,0.437189132705956
AATATGCAGCGCCAGAGCCGAGG,0.0223532783757694
TAATAAGGCCATGACTACGGGGG,0.702539184952978
TCGGCATATGCCTGCAGAGGCGG,0.0610240334378683
GAGGTCACTCGGTCCAGCGGTGG,0.0165068833914872
GCGTGGAGTCATGATTAACAAGG,0.111572424648874
CTACAGGCTCACTACCAAAGGGG,0.169390895930879
TCCGTGCAGCTGCCATAACAGGG,0.356760710554232
TGTGAGCGCTGCAACGGCAAGGG,0.300994866672572
TAAGCTGACCACTCACCCGCTGG,0.352392894461442
TGCCCAGAGCATTCTAGAGCGGG,0.106390225670509
CTTCAACTAACCAGTCCACGAGG,0.337269683809249
TCGCTGCCGTCAAGATGGAGGGG,0.442598837414892
CGCCATTGATGGAGCCAGGGTGG,0.0864807600894997
ACTTTCCACAGTATTGGACCAGG,0.509331243469593
CCAATCTCCTCCCAGTCAACAGG,0.114738568849501
TTGTGGTAGAACTGTGGCAATGG,0.110142839000971
TCAAGACCCTGGAGCACCGAGGG,0.29903866248652
GAGGCTGATAGTCACGAGAACGG,0.244866340026804
TTCGAGGAAGGACTGTCAGATGG,0.188873654551569
GACCTCCAAAGATTGCAGACCGG,0.324858934169279
GCTCTTGCTTCACTACCAGCAGG,0.120574712643636
TGCCCTTCCATATCTTGACGTGG,0.17044932079373
CGAAGTTGGCGAGGTTGGCGAGG,0.440258189556584
CCTCACCCTAGCAAAGGAGCAGG,0.116114625834845
GGCAGATGTCCTGGATGCCCAGG,0.435621734586834
TATGAATCACACCAGTGAGGAGG,0.261828631138558
CAGAGAGTCCTCTTCACCGAGGG,0.551224751730252
AAGTCGAACTGAACCAGCGATGG,0.348231021322102
CTGGCGCTGAAGCATCGGAATGG,0.154257492066132
AGAGACCGTGGTCGTGGCGGTGG,0.238641588297179
CTGTCACTGGGTTGGTCCCATGG,0.0776802507836991
CTGTCCACGTAGTAGAGGCCTGG,0.0284743991640125
TCTCTTTACGGATCCGCAGCTGG,0.10171586980718
GGCCCTCTCCCTGCTGAAGAAGG,0.131626642553761
TGTCGCACGGCACAGACACATGG,0.0964441874667411
GGCAATAGACACCTACAGGCGGG,0.192351097178683
TCTTACCAACCCATCCAAGGTGG,0.463351188511443
TGCCTGGAAAGCTACAGCAATGG,0.487607105538558
AGCCACATGTGGTTTGCCCGTGG,0.477405524979782
TTCTGACTGCCATAATCCAGGGG,0.773502703663167
CAGGCTTCTCATGGAAGAGCTGG,0.466062787257525
TGGCAGGCCCACTATTCCACAGG,0.238871473354232
TCGAAGTCGTGATAGGAAAGGGG,0.105571669180409
CATTTGTCAACCGATAGCCCTGG,0.370769798248845
GACTACTACATGCTCCGAAATGG,0.293150936224328
GACCTACACTCTGGCCACAGAGG,0.295608241803606
TCGCAAGAGCCACTTGGCAAAGG,0.391438962806114
TGGAAGATACCCTGAAGAGGAGG,0.479150561552196
AAGCATCGCAGACAGCACACAGG,0.425832902200471
CTTCTCCACGGCCGACCAGCTGG,0.324970833234954
GAAAGCCCATCGTCTTAAAGAGG,0.129725274196271
AAGCGACGCAGAGTGGCGCCCGG,0.190744082973512
TGTTTCCCAGGGACAGCCAAGGG,0.0337587120226659
TCGTGGGATTGATGCTGAGAAGG,0.0650962250842333
CTCACCTCCTATGCCCGGCGTGG,0.137732497388088
CTGCTCCGCTGTGGCACACCAGG,0.134649947752978
CTCGTTGACAAGGTCCAGCCTGG,0.263015095054422
TGCGATTGCAGAAGATGACCTGG,0.419861115366616
CGGGAATCATCATCGCAGGCTGG,0.218386045942196
GCATCAACCCATACTGCAGGTGG,0.502957157784326
AGTTCCTCCGAGATGTGGACTGG,0.0730092062580899
CTTGTCCCGGGCATAGAGCACGG,0.507577938772885
GACCACGGAACGGATCAGCGAGG,0.562957157784326
GGTCAAGAAGCAGATCGAGACGG,0.100219435736677
AGGCAAGCCTATTCTAGAAGGGG,0.224840216725048
TGTCTGTCGCGGATTGAAGAAGG,0.354636454969124
TCTCGAAGAGGCAGCAGAAGAGG,0.110496144607118
CTTCGGCAGCCAGACAGGCACGG,0.146538231354077
CCGTGTAGAACTCCTTGGAGAGG,0.545287356322257
GGTCGGACACTGAGGGAGCAGGG,0.266959247648903
ATTTCCGCTGCGTGCACAGAGGG,0.0386311389759247
ATACCATGTGCTAGTGAACCTGG,0.0990282131661442
ACGTCACCAGTTTCCAGAGGAGG,0.0519614288460515
CTGGGCAGTTTGTGCTGAACTGG,0.00652255737267219
AATGTTCGACAGCTCAAAGCTGG,0.0820815960351424
CAACTTCAGACGCTGCGGAGTGG,0.247504793527117
GCTGGCTTGCGCATCTCAGATGG,0.322118168658152
TGTATTTACTCCGAGGAGGCTGG,0.0712330198536677
CACGGCATAAGCTAGAACGCTGG,0.412925809821944
CCAAGGAGATGAAGTAACACTGG,0.083187042842257
CTATGTACAAGAAGCTGAGCAGG,0.0755276907000627
AGGTATGGCCAAACTGGCACTGG,0.445841170323511
GGCTGGCTGATATCAGAACGTGG,0.0694640411762082
ACTCCGCTTCCGGCAGCACATGG,0.220179819650628
CTATCCGCCATACCAGGCAACGG,0.24763845350094
TTCCTCAGGTTCATTCCGACAGG,0.0602999868397819
TCTGCCCAGCTGTGTACGAGGGG,0.0416270505805969
TGAGAGCTATCCTCGTGGACTGG,0.0274734455649856
TCCAGACGGTGCCACACAGCGGG,0.137206987884484
GAGGCTCGGGACTTTGCAGCCGG,0.161020989974766
CTCACGTTCAGTCGTGAACATGG,0.0651826649832937
CCATCAGACTGTGAACCAGCTGG,0.192471730372666
TCCTTTAAGAGAGCGAGAACGGG,0.0867572590636856
AACTCACCTCTACGAGGAACTGG,0.299390895930252
CCATCAAACGAAATGCCCGATGG,0.114944709932948
CTCTGCAATGGCTGAAGCAATGG,0.216374085684012
AAGATACTGAGAGACTCCCGGGG,0.158317659351724
GCATCGGATGCCCATCCCAATGG,0.404082640967243
TCATACCCTCCACATCGGGAGGG,0.553617646191694
GCCTCATCCAGCGTCTGCACTGG,0.354699150893888
GCTGTTCCGGGACGACGAGCGGG,0.0773846263382145
AGTGGATCTGCAGTCTGACGGGG,0.1780041797279
CGTGCACAACATCACCCGCAAGG,0.313920676495142
CAGAGTGGCTCCGCACGCCATGG,0.296135932503293
GACACTATGGGAACCTACCATGG,0.46916405433605
ATCATCGTCGTGAACACAGAAGG,0.513424333757211
TTCAGAGATTCAGCCACCAAGGG,0.208087774294671
AATTGCTCAGCCTTGCCAGCAGG,0.113272410578858
TCCGAGCCACCAATTCAACCAGG,0.25481931808323
AGCTGTAGAACCAGCAGCCCAGG,0.634399164053918
TTGGAGCATTCTCATTCGAGAGG,0.125757575757994
GAAGTAAGAAGCTTCACACCAGG,0.0243125260247348
TCTTCCGGGATGGTGAGGAAGGG,0.193931125816146
TGAGAAGCCACCAGAGAAGAAGG,0.0614703107686847
GAGACAGTAATTCCAGCACCAGG,0.29645986144812
AATTTGGGCCTGACTCCGGCGGG,0.274221525601254
GAAGATCTCGAAGTAGAGACAGG,0.161031031268262
CAGCACTACCACTAAACCAATGG,0.219467084639498
CACCTGGATCCCAAGAAAGCTGG,0.270916496766616
TCTCCGCCTCGATCTCCAGGCGG,0.325425378688873
TTAATTGCACAGGCACGGACAGG,0.211041888616145
TACCTGGCCATCAGCAGACCAGG,0.273685566777274
GGTGGCTGACAAGTTCACAGAGG,0.626551724137931
CAAGTTCCTTTCGGACCCGCAGG,0.20819404067309
CAGCCCAGCCAACTGTACCACGG,0.193972923099092
CCTAACTTACTCTTCCAGACGGG,0.202316705753261
CCAGGAGCAAGGTGTGACAGTGG,0.115428888157494
TGGAGAAGCAGACGTTACCCAGG,0.542593612754077
ATGGTTATGGCGTGCAACGCTGG,0.0796464962632656
CTAGGAGTGACCCTATGGAAAGG,0.234378265413166
ATCGCGCGGACAGTTTCCAAAGG,0.125284312858591
CACACTCACGTCATGGGAGAAGG,0.19505747126395
GCAGCATCAACCTGGGAAACAGG,0.0542006269592477
TCTGCACTCCATGATGAAGCAGG,0.0677742946708464
GAGAGTGGAGCGCTTGCCGCTGG,0.193788344792729
ATGAACAGGAGTCAATGGCAAGG,0.242915360501567
ACCCATTTCCAGTGCGCAGCCGG,0.169895506792477
CCCTTCCACGGGCTCAAGCAGGG,0.0427294539244214
GCACCTCTGACTGGAACGAGTGG,0.159960383913951
ATGGTACGGCCAAATCAAGATGG,0.0636385448334496
TGGTGTTCCTATCCTCCAGAGGG,0.285339602925392
TCCTGCGGCTAAGATGGCGACGG,0.419578983704547
GATCGGGATTCAACGTACCATGG,0.488758712022415
ATAACCGAGTACGAAGAGACAGG,0.188095180152196
TACCGGCGTGTCGAAGGAGAAGG,0.189446185997492
GAGCCAATGTACACCACAGCAGG,0.173218390805016
ACCATGGAGACATGACCAACAGG,0.161148819129831
CCAATCGCTCGCAGACCGGCTGG,0.17409593562066
CCCACTTGGTGGTGTCGGCGTGG,0.14930166867704
CTGCGATTCGGTCCCAACGGAGG,0.331107628003762
GGCAGAACCTACACGGCCGAGGG,0.0982549634273354
AACCGGACGATTCAGTGGAAAGG,0.295540321218026
CTCCTCCTGTTGGCACAAACTGG,0.107073992046993
GGCGCACATACACTTCAGGGTGG,0.268016810246239
ACAGCTGCCATGAACGACAAAGG,0.071000091332948
AAGGATCTTGATCTCCCGCAAGG,0.431731543788559
GATTGTGGCTTCTTAGCAGATGG,0.0881086729363009
GGTGACCGTATCCTGAGCCCCGG,0.374796238244514
GCCCATCTTGCTGCACCAAGTGG,0.267280133130252
TTACGACCCGTCAGAGCCGACGG,0.113074281510628
GAGCTTCCAGATGTTTAAGCCGG,0.442904911181191
GGTCAAGGAGCGAATGGGCATGG,0.43224660397116
TGAAGACCCACACGACCGCGCGG,0.448074281510816
GGACAAAGATCATGGCGACAAGG,0.245130616510345
CGTCACTTCCCTTCCCGCGATGG,0.0657284089923211
AATGGAGACTGTAGCTGCGGAGG,0.095085367736601
GGCTCTTCCACTACTTACCAGGG,0.480010449320376
GGAGGCGAGATGCTACCAGCCGG,0.208735026026194
TGAAGATCAGCTTCGTGCAAAGG,0.0203134796238244
CCGGTAGCGGTTGTACCGCGCGG,0.359004271061286
GGATCCATAAGTCTGGGACAAGG,0.283466131040597
CAACCTGGCGCTGGGTCGAGGGG,0.172518286310972
CTCACACTGACGTTCCGGCCAGG,0.159432285187009
ACTCCTGAAACTCATCCCGCTGG,0.340754532294515
CGGAGAAGCTAGACCAAGACTGG,0.00407523510971788
ATCTTCTCTCCTAGGCAAACCGG,0.151270058481381
CGATGCCTTGGAGCCTCGGCAGG,0.311076280041379
GAGGCTATCAGAGGTCCGAGGGG,0.242943665001098
CTGCAGGCCGAGTACACCGAGGG,0.343981787098403
GAGGAGCTGAGCGAGGCAAAGGG,0.128254963426959
CGAGTCGGTATCCAAAGGCGGGG,0.202748171369279
TGGCGCACAAAGATGAGGAGTGG,0.227241379310345
ACTCTGCAAATGCAGCGCAAAGG,0.0847335423197492
TGATGGCGCGGTTGATGGCCAGG,0.089604698980068
GCAACTTGCAGATAAGGAGCGGG,0.416465086108309
TCTTGACATAGTCATGCCCATGG,0.315561219859406
CTTGGAGTAAGTCTGAAACCCGG,0.326363636363636
TTACAGATCGCTGTGGAGAATGG,0.0785179696175226
TCATATAGAAGCCCAGCAGCGGG,0.0544535918554559
TCTTAGCGATCTCCACGCCCAGG,0.629508881922257
GAACCAATCCTTCCAGACACAGG,0.709375221949688
AGGAGGCCGACTACATCGAGTGG,0.0979436650006596
GCCACTCTTGGTGTAGGCACTGG,0.525237290915205
CATGCCTCGGTATGCGCAGCTGG,0.0520480668756113
CACCACTTCCGAGGCTCGCCCGG,0.0301567398119122
TGACCTATCCCGATTTCAAGAGG,0.228746081504702
TCGCGCTCTCTCGGGCAACATGG,0.0897771127731527
TCCTCTTGAGAGGATTCCACAGG,0.090746928306115
TAATGAGGTCACGGCCAGAGCGG,0.568722139399845
TTCACCCTTCAGTCTCACACAGG,0.279981282555957
CTGTCGCGAGGAGAAGGGCCTGG,0.284854175513356
CCAGGATGTCCTGTGAAGAAGGG,0.0895713797167733
TCACCGCCTCCACCACCCAGGGG,0.383450457058779
TTAGATGGCTCCCGCAAAGAAGG,0.50176811641113
CGTCTGATCCAGGTGCCGAAAGG,0.156146381824296
ACAAGATCTCAGTCTCCCGAAGG,0.325151515151097
AGCGGCTGCAGAAGACAGCGAGG,0.0932048980203462
AACACAGGGAACCTCAGGCCAGG,0.0607836990595611
CTACAACTCGCGGCTGCAGCGGG,0.0138035527690282
GCTACTCCGCTGTGACCAGGTGG,0.197038083559751
TGGCGGCCTTCCATCTCCCAAGG,0.252666757999656
ATCTGATGGAGTCCTTCCCGAGG,0.287554858934169
TGCCATGATCAGGGCCAACAGGG,0.0944305120166771
AACCCAGGCCAGGTCAAAGACGG,0.174061742325675
CGAATCGGCCTGCGAGAAGCAGG,0.274227216265707
TATTGTCTTCAATAGGCCGCTGG,0.0634950996750385
TGTGAAGTTAGCTGCTGCCGTGG,0.420407523510972
GGCTCCTCTGGTAAGAAGGGAGG,0.400491118077743
CCTCTACGTCACAGAGCCGGAGG,0.747447322262541
GATTCGCTCCATCAATGACCCGG,0.438129571577429
CGTGCATTTCCATATGGCAATGG,0.10896075858587
TCTCCCGAAGGATCTTACCAAGG,0.561705420486365
GAAAGCACTGCCTACACCGCAGG,0.23763845350094
GCTGCGCTGGCATGTTAGGCAGG,0.138484848485266
GAAGGTTGGGCGGCAGGAACTGG,0.186752442429939
ACGCACAGTACTAGGTCAGGTGG,0.387577938772885
GGCACGTTTCTGCAGCAAACTGG,0.170783500928936
TTCCTGTGTCCACATGCCGCTGG,0.124409007217668
ATGCTGGGCACGAACGACGGCGG,0.277722048066458
AACTACTTTGAGAGCACCGATGG,0.194631230308747
TGTTTCGCCCTCTTTGAGAATGG,0.116240017684375
CACAAACTGTTGACATCCGGAGG,0.242614511395456
CGAGAGCAACCGTGACCGCAGGG,0.657711598746082
ACGGCCTAATACACTGACGCTGG,0.629443142534641
CATAGATGCAATGGTGCACATGG,0.115632183908088
AGAGGCGCTAAAGAGGAGCACGG,0.263032484227431
GGCAATGAAACGCTTGGAAGAGG,0.293730407523511
CCACTTTCTATGTTAGGACCTGG,0.0547461728377129
CGAGGTGGGCAGCCACGAGAAGG,0.148748262702039
TCGCCCATGCATCAACAACCAGG,0.315451501991067
CTTTACCCAGGTCACCCGCAAGG,0.0787273640604716
TGTGGGCATCAACTCGAGCCTGG,0.122837456600503
CAGGACTACGATGCTGGGAGAGG,0.179902912649374
GCCATGTAGCGCTCGAAGGAGGG,0.50199800146881
ACTGCACCGAAACCGGAAGCTGG,0.0903343782654546
TAGGCCACGTGTGGAACAGAGGG,0.646635318704702
GCCTCGAATTATGATCAAGGGGG,0.413654218814265
CAAAGGGCCTCCTACTCAAGGGG,0.0707941483803135
AGGATGTGTTCAACCACAGCTGG,0.35776384535047
CGGTGAGCTTTCGCCCGGGAGGG,0.191935305544045
GAGGATTACTTCATGCGCAATGG,0.515968743371005
TCCGTGCATAAGAAGCCGAATGG,0.103993821740472
AGAGATCACAGAGCGAGCCATGG,0.576415882968025
CCGTCAGCCTCATGGAGCGGCGG,0.217462996244359
GCGGAGGCGATGGTGGACGAGGG,0.261379310344828
GCTCATCCCATTAGCCAAGGTGG,0.132117760630877
TGGACAGGCAGAGTCTCCGCTGG,0.209519331243887
AGTGAGCCGCACTCTCAACGCGG,0.271421107627586
TATGACGCTTTCTAGGCAAGAGG,0.14427032071472
CACTACATGCTTCAGCAGACGGG,0.15627528314182
TGACAACAATCCTGAAGGCCTGG,0.155255402201994
CTGCCCGGAGGAATCTGCCATGG,0.434772296139657
AAAGCCGTCTCTGAGAACCCGGG,0.430553814002508
ATACCGCATCCAGGAGAAACGGG,0.109683476912948
CCTCCTCAAGGTGCGAGACATGG,0.048743038041412
TGTCGATGCCGAAGTGGGACAGG,0.136933590351851
TATGAACATCCGCAATGCGAGGG,0.14365726227837
GGCGGCTGGCATCCAGACACTGG,0.391692789968652
CCTGGTGAGGTTCACGCCCATGG,0.622703330622415
GGAGGCTCCTTTCTGGAGACAGG,0.18048635942182
TGCAGAAATGATTGATGCCCTGG,0.376196447231348
TCTTGTTCTCCTCCGCCGGGCGG,0.345373132085738
AAGCTCACCTTCTTCACAGCTGG,0.165658109079595
CTGTTTCCGGGCACGGCCCAGGG,0.218899777853136
CTGCGGGCAGATTAGCACCACGG,0.39012539184953
GGGCTTCCCGTACATGACGCCGG,0.21858934169279
TGAGGCAATTCGAGTGGAGCTGG,0.246047113276522
AGGCCATGGAGGTAGACGAGAGG,0.248837081928371
GCCACATTCCTGCCACAAGCAGG,0.231616193232776
ATACAGCGAAGCTCCAGCACAGG,0.299979101357994
GGGTTGGGCTACACCAAACATGG,0.0976767992935916
ACGTGAACGATCAAGAGAGAGGG,0.211118077325392
TGCTCCGAGCCGCTTGGAGGCGG,0.197452546923356
GCCTTCGCAGCCCGGACAGAGGG,0.0406687565307837
AAATGGTTCCGGAACTCCACCGG,0.255597792482603
CCCTTAGTGTCCCTTAGGAAAGG,0.335381400209404
AGCACTCTTCACTGACCGGATGG,0.027377220480627
CTGTTCCCATGACCAGAAACAGG,0.135109111710834
AAATCCATCACTCACTGAGGTGG,0.306300940438871
CATTGACATCTACGAACAGGTGG,0.138918961302698
TGAGCTGCAGTGTCATCCGCGGG,0.481799464373512
TTTCTCGTAGATGTTGCCAGAGG,0.0994117945722584
GACATTCACCCAGCATCAAGGGG,0.450909090909091
TTGTGCTGAACTGGAGCACCTGG,0.465211167613011
GCAATTAAAGTCCATTCCGCAGG,0.189801462905329
GACTAACCACATAGAGACGCTGG,0.0809508881922257
TATCTTCTCAACCTGTCCCATGG,0.123103448275862
AATCAGGTGCTCCTTCACCAGGG,0.804333424666302
CTGGCCCTACGGCCGACAGACGG,0.132995503577792
GATCTATGAGACGCTGGCGCTGG,0.112206987884904
TCCGAGGCGTTACCATCAAGAGG,0.372860070434327
TGCGTCTTCGAGTGGTGAGAAGG,0.378683385579937
TGTTGTCACTCAGGTCAACAAGG,0.186697408471586
GGTTGACCTTATCACCAACCTGG,0.204770580947462
TTGTACGACGAAATGAGACCAGG,0.292079414837617
ACTGGTCTGGCCCAGGCAGCTGG,0.0510366639557693
CCTGGGAGGTTTCTTACCCATGG,0.731389759665204
TCTCTACCAGGTCCATGCCCCGG,0.284265504080722
GCCGGACCCAGTCAAGGAGATGG,0.312716823406896
CATCTTCTCGAGTACAAAGCAGG,0.0602925809821944
TATTCGATTGGAGGGTGACATGG,0.437011494253291
TGAATCTCTCGCGGGCAGCAGGG,0.235362682764735
GGTCTCCGTGCCAGCCAGGATGG,0.119636046942432
TGTGTTTCTTTCATGCAGCGAGG,0.0570136754500013
CATTGAGCAGGGCAACACCAAGG,0.528931125815519
TCATCATTCGGAAGCAACAGCGG,0.269780564263323
TCAGCTCTGTGATAACAGCGTGG,0.415235109717868
GATCCTAATGAGAAGAGACCAGG,0.298578892372414
AGGTGGCTTCCGTGGTGGCCGGG,0.122769070010408
GGAGGTTAATGCCATCAAGAAGG,0.0864263322884012
CCGAGGCATCCTCCTTACCATGG,0.448413884436835
TCTAGTTCGCCTATTGCGGGAGG,0.330226841594202
CTGGGTGTCATACAGAAGCACGG,0.447494344206114
AGTGCTCCAGAATCACGGGATGG,0.122180456555849
TGACGAGCAGCGAACAGCCACGG,0.17514324702787
GCCAAGCCCTGAGCGTAAGGTGG,0.0252664576802508
AATCAAGTTCTTCGGGAAGCAGG,0.0277011494253291
AATTCGAGACCAAGAGCGCGCGG,0.287849621113512
AGTTGATATCAAGCTGCCCATGG,0.391600927278214
GGACTCAAGCGACGAGCGCGTGG,0.140856646174265
ATCGTCATCAGACAGTGAGGAGG,0.164871564687619
CACACAGTGTCCAGATACGAGGG,0.488484848485266
CCAAATCCCAAACCTTACCCTGG,0.467095088818809
CATCGATGTGTGCTGTGGCCAGG,0.147836384438106
GCTCTTGGAGATGTACAGGAAGG,0.437575757576175
GATGGAAATGGGCTTCCGCATGG,0.488419109097023
ACAGCATCTCCTTGGTGACAGGG,0.199822361546082
TGATCAGTACCTCAGCAAACAGG,0.130914781574422
CCACTTCGAACACGCTCAGCTGG,0.135596077290158
CCAGAGGTGAGCATGCAAGCGGG,0.199247648902821
ATACTACAGTGAGGAGGCCGAGG,0.127759086694547
TGCAATGATTCCTGCAAAGGAGG,0.17506792058558
TTCCCATGCCCGACTTGGCCTGG,0.318902821316614
CTGTCCAGAGGCAGGGAGACGGG,0.027941483803511
GAGACCACTGCTTCATGGACAGG,0.0505329153605016
ACAGCACGCGCTAACAACCCAGG,0.362915360501567
AAGAGCCGGGCAGCACGGAAAGG,0.545005224660815
CGGAAGTGTATAGGGAAACCTGG,0.114352608115651
GCTGTAATACATGGCTGCCACGG,0.247377220480251
GAATTACTGGACCTCCAGAGAGG,0.364900731452037
ACAGGTTGACACCAAAGGAGTGG,0.16307210031348
CCAAGGAGGAACTGCAGGACAGG,0.373991640542947
ACCAACCATAGTGACACCGATGG,0.404848484848903
TATTCCTGACACGAATGCACTGG,0.658850574712226
CCCAAGCGCTTCACGGCGCAGGG,0.194070476454171
CTGCCCTGTTAAAGAAGCCCTGG,0.221556948798746
AGTTCAGCGACCTTCAGCACAGG,0.182497387670219
GGATTGGTACATGATGGACGAGG,0.171473354231975
TGCTGGACCAAGTAGAGCACTGG,0.337377220480251
CTGTGTCTCGCAACATGACAAGG,0.0310135841169906
AGCTTCATGTAGGTTAGACGAGG,0.0119122257053291
TGGAGAAAGATATAGGCACCTGG,0.291086729363009
CAGTTATCTGTACCTCAGCCGGG,0.106170789933832
CGGTGTCCACCAGACTCCAGAGG,0.765559038662069
AAACAGCAGCGCGGGCAACCGGG,0.0533855799373041
AGCAAGAGGTCGACAGGCCCCGG,0.263082549633856
CAGGCGCTTAAACGGCAGACGGG,0.118197958167901
TCACAGACTCAGTTATGGAGTGG,0.182612330198119
TCCTCTCCTAGGGTGTAAAGTGG,0.166875653082132
ACTCCTCATGATAATGAGCCTGG,0.161970162974547
TGGAAAGATGGCGTCCCGCAAGG,0.38198537095047
TCACCTGGGCCTGCTACAGGAGG,0.485548589341693
TCATCTACCATGGCTCAGCCGGG,0.345475444096552
GGCCGGTACAGGTGTGAGAAAGG,0.375209452421193
AGGTGTTTGGCTGGGTCCACAGG,0.153092998955486
CCAGTGAGGAGGTGGCCACCCGG,0.0177742946708464
GGGCAAATTCTGGCAGACCATGG,0.735256008359875
TTTATGAGGTGCTGCGAGAGTGG,0.232126902786083
AGCACCATGGATAGCTCCGCAGG,0.108181818181818
AGGAGACAGTGTCCGCGAGGGGG,0.305141065830721
AGGTCCAGTGGATGTACAACAGG,0.160512016718495
AGCTGTACGAGATCCAGCACGGG,0.235924764890282
GAAGGGCTTGGGCACCACAATGG,0.37058516196489
ACAGCAAAGGAAGTTGCAACTGG,0.227905377186083
GACTCACCAGGTTCCGCAGCTGG,0.0734169278996865
TAGCCGCGGCGTTGGTAGGGGGG,0.327784743991222
AAAGATGCTTCATGGCCACAAGG,0.124195868303701
CTACTCTGATGATGAAGAGGAGG,0.0462904911181191
TGCGCTCCAAGGAGGACGGCCGG,0.316050156739812
GAATGTCAGTGAGTAAAGCCGGG,0.379968652037617
CTCTGAGAACCTCACCACGAAGG,0.20423197492163
TGCCTACTCCACGCTCCAGCTGG,0.155161964472727
GGGTCACCTCAGTCTGAGCAAGG,0.0603343782654545
GGCCAATTGGGTTTGAAAGAAGG,0.1858782089516
CAAGGAGTATGTGAAGCAGAAGG,0.231442006269592
GGTTACTCTCTTGTACAGCAGGG,0.253876698015047
AAGGATGTCTCTGACTCGGAGGG,0.188129571577429
GCATGTCTCAGGCCACCAAGAGG,0.401003134796238
CATGAATACTGACTTGGGCGTGG,0.109623824451411
GGGCTCACGGAACATAGGCAAGG,0.107795193312477
GCCACAACTGAGCTGTAACCTGG,0.0812434691745455
TACAGCAGCAGCCAGTAAGGAGG,0.330606060605643
AATTCCTCCACGTACTGGGAAGG,0.785548589341693
ATTGAGCCTTTCTACAAGGGCGG,0.657115987460815
CCAGTGAACTGGCTGGACCATGG,0.173615464994357
ACTTCGGAGACAAACAAGGAGGG,0.308934169278997
TGGCAGCTCCTCACTGGAAGTGG,0.0648693834900314
TGGCAGGATCTTGTGGCCAGTGG,0.183584117031975
GATTCGCTCCCAGGGAGGGAAGG,0.259916405433229
CTTCTTGCACATGAAGGAGAAGG,0.140998376140691
CACTGTGCACATCCGTCCCAGGG,0.294315569488401
ACAAGGTCGTCCCTGGGAACAGG,0.184436202682008
ACTGAGATGGCGGATGAAGGAGG,0.125611285266458
AGCAGTTGAAGCGGAGCGCCGGG,0.191525600836364
AAGAAGGTGTAGCTCTCGGCGGG,0.123385579937304
TTCGGACTCGCGGTTGCGGGTGG,0.117220480668715
GCCTACACCGCAGGCACAGCAGG,0.032236154649906
CTGCGTGACACTGTGCGCACTGG,0.608223615464577
GGAGGTGTATGGTCCTGAGGTGG,0.574117032392477
GAAGGGAGCACTAGAGGAAGTGG,0.164524555903448
GCAAGGTGTGGATACTGACCGGG,0.55390804597743
CAGGAGATTTGACCAGCAAGTGG,0.0269905956112853
TTTCTCAGCGTTCTTGCCCAGGG,0.0441065830721003
TACTGCTTTGATGGTGCCAGCGG,0.254781030268215
ACACGGGCCAAATATCGAGAGGG,0.391797283176175
GAGCCACATGGAGTGCAAGGTGG,0.517910135840752
GAGTAGCTTTGTGTTTCAGCTGG,0.0714002089864577
CAACTCTGGGTCCCAGGAAGAGG,0.133458725182445
GCAGCAGCGGCCATTCCCACAGG,0.430135841169906
GGATTTGAACCACATGCAAGAGG,0.184838035527273
GGTTTCTGACTATGCCCAGATGG,0.505924764890282
ACCCTCATCATTGCAGCCGAAGG,0.672006269592476
ACACGTAACACCTTCCAGGGAGG,0.125334844270346
TCTTCAACTTGCTGTGCAAGGGG,0.0201253918495298
TGGGATTGCTCTACCACAACTGG,0.0799059561128527
CTGAATTATGCTCTTGGAGCAGG,0.157508302995487
GAGGGCAGCGCCTGTCAACCTGG,0.0424555903865831
GCGCAGCTACCACGAGGAGGAGG,0.0726854754441379
CTCAGCGACCTGGGAAAGCAAGG,0.0688087774294671
TCTCGAGTGAACGACCAGGAGGG,0.338202716823824
TACCTGAACGATACCAAGAGTGG,0.4119958202721
ATTCTTCTCATCACGGGCCATGG,0.0196760710554232
GCCAGTCGCGGTAGTAGCAAAGG,0.141839080460188
TTTGACCAGAGGCGCTAAAGAGG,0.0588923719958621
ATGACCTCTCCGAGCAGCACTGG,0.243339023998622
AATGGGTGGGACATTGGCAATGG,0.128160919539812
AAAGGTCTTCGGGTCCAACCCGG,0.746238244514107
CCTCTTTCAGTCAGGTCGGCTGG,0.0667084639498433
TTATGGACGTGGATGTCCGAGGG,0.342894461859561
TTTGTAGCTGTAGGTAGCCAGGG,0.153803552768652
CTCCAGCTTCTATGTGAAGCGGG,0.168208407488654
CTCCAGGCCACTATGGCGCCTGG,0.156839546464704
TGGTGGTCGTGGAGGCCGAGGGG,0.0614524555903448
GAGCCAGAGCTACTGCCGGGAGG,0.370062695924765
CTACCGCTGCGACCGCAACCTGG,0.210731452455172
TCTAGCTGAATGGCCTCCAGTGG,0.439446185997492
ACACGAAGCTGGGACAGGGCAGG,0.130365726228213
CAGGAGCAAAGGCTTTCCACGGG,0.0814838035527273
CTTCAGTGAAAGTGCAACCATGG,0.108741322849193
AACTGCCCTGCATTGTAAAGTGG,0.218693834900313
AGGATCCTGGGCAGGAGCGAAGG,0.79128526645768
AGCTGTTGAGCTCAGCGAGGCGG,0.5021107628
GCCTACGTCCATTGAGAAGGAGG,0.0671055381400627
CGTAGTCCAGCCCTAGGCGCTGG,0.645235109717868
TGACAGTCGACGAAATACCCTGG,0.63435736677116
CCTGCGGTGCATTCAGACACGGG,0.609404388714733
CAGCACATTTGCAAATCGCGAGG,0.188647278962008
ACACTTCAGCCCTGGTAGCCAGG,0.204603391814672
GGTGGAAATGAATTGGGACATGG,0.570815047021944
GGGCCAAACTGTAGCAGGGCCGG,0.349968652037618
ACTCTTCTTGAACCCACGCAAGG,0.140794148379937
CTGTTGGCTGGTGCTTGGCCTGG,0.14600360080113
AGGCACAATATCAGCAGAGGTGG,0.627157784743573
GAAAGCCAACAACCAAAGCCAGG,0.409383490072727
TCGTGGAGGACACAGCAGCATGG,0.123130037582698
AGAGCTCTGCATCAATGCGCCGG,0.616969696969279
CACTGCAAACCCAGATGGAATGG,0.16484372619298
ACATGAGTGTGGCACGACACTGG,0.378516196447649
GGAGCTCCAGAAACGCAAGGAGG,0.643876698015047
GACCCTCACCACAGCAGACATGG,0.0311807732497805
TACAGAGTCTTCAGGCAGAAAGG,0.221405899651663
CAGACCGCAACAGATGACCAAGG,0.638254963426959
CAGGACTCTTACCAGGACCACGG,0.0978787878787461
AACACGGGCACCAGGAAACAAGG,0.17627528314182
TTACCAGCTCTCCTCCAGGAAGG,0.668265412748589
CTCCCTGTTCAGAGTTCCACGGG,0.489247648902821
TCTGATCGAGTCATGCGGCCAGG,0.118783120132415
AGCTCAGCCTGGACGTGCGGCGG,0.344587251828213
CCGCTTAGTAGTCTCTGCCCAGG,0.435903866248276
TCGGCTAGTGGGCTCCCAGGAGG,0.129362591431975
CACGAATTCCCAAGAAGCAAAGG,0.261259609161005
TGTGTTCATAGCTCAGAACGTGG,0.324608150470219
CAGTGCCTACCTTCAGCCACAGG,0.17576802507837
ACTGGACACACAGGATGAGGAGG,0.132868804562886
GAGACCGTGAAGAAGCAGCAAGG,0.243949843260188
CGAAGACTTGCTGGGCACCCAGG,0.540501567398119
CTGCTCAGCTCCTGGAAGACTGG,0.0789655172413793
ATGAGGTGCATCCTGCAGGACGG,0.625862068965517
GCAGCAGGATCAAGGTGAAAAGG,0.0314211076279624
GCCATGCCCTTCCAGCAACGTGG,0.0446499477533542
GGAGGACGCCATGGACGACAAGG,0.431745036573041
ACGAACTCACCTTCCAGGCATGG,0.206008359457053
ACACAGTCCTCCCAGAAAGAAGG,0.14038186621392
GGCAACGTGGCCGACAGCACAGG,0.482476489028213
ATCTTGACGTGCAGTTCCCATGG,0.505297805642633
GAACCAGTGGTTCGAGAGACAGG,0.132273193277619
ACAGGCTCAGCCTCCTCGGGGGG,0.492643678160502
CTGCGATACTGTGAACACCATGG,0.260010449320376
GCTACCTCTGACCAGAAACCAGG,0.175412748171787
ACGGGTACTTCTTCTTCAAGAGG,0.141656683350723
GACACTCACCTTCTCTGCAAAGG,0.476206896551724
TCTTCATCACGCCGCCCGCCCGG,0.0630616509927273
CACATACAGAGATGGCCGAGTGG,0.726091954022571
TACGACAACTCCCATGGGCAAGG,0.144388714733542
AGGCTGGCCTGGGCGTCGAAGGG,0.156572622779937
CCGTCTCAGAGTGATGGAAATGG,0.00620689655172416
TCTGTGTAGATTGTGCGACGGGG,0.447544409613793
GGATTGTTCATCAATTGGCGGGG,0.203500522466458
CTTCAGGCTCACTCACCGGGGGG,0.463301985370533
GAACTGCTCCACCACGGAGGTGG,0.211870428422571
AACAGTCACAATCTGGGACACGG,0.284576802507837
AGTGGCCCTAGTTAGCAAAGTGG,0.0213375130616928
GGCCGCCGCAGTTCCAACAGCGG,0.555736677115987
GACAGTTCAGCCACCGCGGCGGG,0.590982236154232
CCGGTCTCCAGACACTGAGAGGG,0.481671891326646
GGGAAAGACCACCACTGCACAGG,0.195287356322257
CGATGTATTGCTGTGGAACCTGG,0.213600257018434
CATTTCACTTAGAAGGGACCTGG,0.100700104493166
AGGCCCACGAGCTGAAGCGCAGG,0.157335423197492
TAATAGGTGCCCTAAGACAGTGG,0.442152560084013
CAATAAACCGACGTTTAGCCAGG,0.055423197492163
TTCCACTTATGTCCTGGAGGAGG,0.328934169278997
GCTGGGCCCGCATGTTGCCACGG,0.206154649947335
GGTGGAGCGAACTGTCAAAGAGG,0.662560083594984
GAGCAAAGTCTCCAGTGAGCTGG,0.203150936224328
CCATGAATGATCTCAAACCCAGG,0.376907001044514
GACATCAGGCCCTATTGGCATGG,0.0883281086729781
ATGAACTCCCTCTTGAAACGCGG,0.411421107627586
CGTCCCATTTATGTACCGCATGG,0.0953082549633856
TACTGACTCGAACACAGACCAGG,0.1978892372
TCTCCTATTCCCTCTGCAGGAGG,0.373364681295298
ACTTGGCTTGTACCACACCATGG,0.273542319749216
CCGGCAGTACCTCGACCAGGTGG,0.735287356322257
GGGCACTGCTTGAGAAACCAGGG,0.304514106583072
GCCAGGGTAGGACCACACCAAGG,0.0389446185997492
GCACACCAAGACGGTGGAGGAGG,0.743009404388715
CCTTCTCGGTTTCATGAAGCTGG,0.0901149425287774
GGCACTGACCACACTCAGAGGGG,0.139613375131034
TCAAGGGTACTTACCAACAGTGG,0.109221991605732
CGTGGCCGATCCCTTTCCACAGG,0.342257053291536
CCTTGGCATCGGAGGTGAACCGG,0.105778474399122
TCCACCTCCCATGTCGGCACAGG,0.342633228840125
AAAGGGCTCCGGAAGCGCCGAGG,0.319644723093417
GCTCACAAGCGTCTTGACAAAGG,0.0878369905956113
AGGAAGAGCTACTGTTAACCAGG,0.154012539184953
AGCCAAGGCAAACTTGGAGAAGG,0.238474399163636
GACATTTCTGCACCCAAACCAGG,0.354649947752978
AGCAGGCCGGTTTGGCACCAAGG,0.242058516196865
CTGGTGGCAGCTTCGTAACGTGG,0.156578313444767
ATCATGGGAGGACATGAAGAAGG,0.231280507801757
GACTTCGATCAGTTACCGGAGGG,0.449456635319122
TTTCACTTCCAGCTGGGCCGGGG,0.137884478544077
CTGGTTTCTGAATGTGAGGGAGG,0.13880401877392
GCCGCCAATAACCACGGAGCCGG,0.19448275862069
TGTTGGCAGCATAGGGAGGCAGG,0.0603866248693417
TCACAGCATGTGGATGAGAGTGG,0.145464994774922
GGTCGTCCACCAACAGCACCGGG,0.469310344827586
TCTGATGCAAGAGCTGCAGCTGG,0.125397540195111
CTCTGGTTGTGATCAGAGAAAGG,0.203265878753105
AGTAACATGAGAACTGGAGCAGG,0.0412643678160502
CGCAGATACAGCCGCTGCCCCGG,0.195444096134169
GCATTATCCCACCACTGGACTGG,0.119132706374044
ATGCCCTCTAACGTCAAAGGAGG,0.119822361546458
CTCCAGTTCCAGCTGCACGGGGG,0.352413793103448
ACTCACTCACTCTCTGGCAAAGG,0.588881922674608
GCAGGAGGTAAGAGTCCGCGGGG,0.920626959247649
TGAATCTCTCTGTCGTGACAAGG,0.208730873528403
ATAAAGTACCAGAGCTGAGCCGG,0.145115408533669
AGGATGTTCTCAATCCAGCCTGG,0.271865669766647
CAAATGTCAGGCCATGAAGAAGG,0.36257053291536
CATGAGTTTGTCATTGAGGCTGG,0.241374551688904
CCGCTTCAAGCCTCGGACCAGGG,0.048787878787837
CCTCCAGTCTGCTGTTAACAAGG,0.172210497352854
CCAGCAAGTTGCCCATCGAGGGG,0.0990073145245141
AAAGCTCGTGAATTTGGAGCTGG,0.212288401253918
TCCTGTGGGTTCATCCCGGCGGG,0.347398119122257
GAAACGCAAGGAGTGGACAGAGG,0.288390804598119
AGGGAGTGTCCGAGTGCCCGAGG,0.562560083594984
CACCTACAGGTCTTCTGGGATGG,0.0208150470219436
GGTCCGGGCCAACTCTCGGAGGG,0.421619644723511
CTTTACGAACTTCACGAACCTGG,0.0156112852664577
GGCTGACCGCATGATCGACATGG,0.243527111772917
CTCTCAGAGCCCTGAAGACAAGG,0.00880877742946712
GACCTGGGATGTGGTAAAGGTGG,0.328819226749843
TAAAGTTGCCACTCTCACAGGGG,0.348934169278997
GATTAGAAGCGTCTGCACAGAGG,0.692716823406897
CGCTGCGAGCTCCTGTACGAGGG,0.471180773250157
CAGACAAGACCTTGAGGCACAGG,0.337910135840752
AGGAGGTGACGTGTCTGGCATGG,0.608359456635737
GGAAAGCACCCTGGGTCAGAAGG,0.298783120132792
GGACCCTACGAAGGAGAAGCGGG,0.480877742946708
TTCCACGACATGTTCCAGGCGGG,0.21365726227837
GAGCACTATGGAGTAGCGCAGGG,0.610553814002508
CAAGGTCGGCCTGAGTGAAATGG,0.479268547544828
TCCCAAAGTAGCGCGCCACAGGG,0.0366562173458307
CCAGCTAAACCTGATGAGAAAGG,0.205711019818936
AAGGCTGAAGTAGTCTCGAGTGG,0.204911180773668
CCTGGCTTTCATTCAACAGGTGG,0.113244980111475
TAGCACTGCCGAGGGTACAGAGG,0.135506792058934
CTAGATCTATGAGGCTCAGCCGG,0.165538140021317
CATGACAACTTTGATCCCAGTGG,0.310094043887147
TCAGAAGAGAACTCGGAAGGTGG,0.412591431557367
TTGGCTGTTTCACGAACAGATGG,0.553019853709091
TGGAGAAGTTGTCATCCGCCAGG,0.0368547544410031
GCACGCCATCATCGAGCGCACGG,0.0522988505746708
CCGCAATCGTGAATCGGCCCTGG,0.498213166144201
CTCATTTCTTCATCACCACGAGG,0.049717868338558
AATGCTCAATTTGTGCAGCGAGG,0.150120633193983
GCTTGTGCAACCTCTACAACTGG,0.110386624869342
ATGCCTCGGACATCAGAAGGTGG,0.174545454545455
CCAGTTCAATGTGGCCAAAGTGG,0.00741901776384956
TCATTGGTCATTGCTGGAGGCGG,0.166405433646395
ACCCAAACAGAAACTGAAGGAGG,0.141567398119122
GAAATGTCTCCACAGTGCACTGG,0.784451410658307
TGGAGGATACAATGCACCAGCGG,0.138098223615047
GCCCTGCAGCGACTGTGAGGAGG,0.3278892372
CAGTAGGGCCTCCACTGCACTGG,0.463824451410658
TCGCTTCTATGAGCCTCAAAAGG,0.202314990560754
CTCCTCTTACCTCCCACAGGTGG,0.392936259143574
TATAGTGGTTCAGATGGGAGAGG,0.23340647857931
GCTCGTAAGGTCCCTCAAAGCGG,0.275721469139688
AAAGGCTGTCGCAAGGAGGAAGG,0.0418495297805642
CCGATGATATCGCAGTGCAAGGG,0.370564263322884
AGAGGAGCTGCATGTTGAACGGG,0.177826541275235
CAACTACATCGAGATGCAGACGG,0.17741425910834
ATACTCACCCTGACCCGGCAGGG,0.145141065830721
TGCCCTCATTGCTCCTAAGAAGG,0.15364681295674
TCTCAGTGCTGAACCCAGAGTGG,0.270647857889655
CGAACTGCGCCTCTTCCCGCCGG,0.238777429467085
CTATTCCCATACCTGTGCCAGGG,0.299195402298433
TGCTCCGGACAGCCGACCAGAGG,0.181719379275488
TCCACAAGACTAGGCCACGAAGG,0.19352142110721
GACTGAGGACTTCAATGGCACGG,0.169007314524138
TCCTTCTCGGCTGGTGGGCCCGG,0.0504702194357367
AGAGGAGGCCAAGCGGGCCAAGG,0.150037038627713
TGGTGTTGCTGCCACTGGACAGG,0.177090330163763
GAGTGGGCTGTGTTTGGCAAGGG,0.0570741901776802
TCATGGAAACCTTGAGGAAGTGG,0.436718913270219
GAAGGGCCCACAGAACCAGGTGG,0.558181818181818
TCTGTGTGAAGCAGCACAAGCGG,0.291389759665204
TGCTGGATGAGCAGAACAAGCGG,0.0297074190178057
AGTCTCTGTTGAGTCAACGGGGG,0.738683385579937
CTACATGGTAGAGAACCACGGGG,0.556666666667085
GGTTCAGGTTCTCCGGAGGCTGG,0.336384535005643
TCTGTGTCTTCAGATGGAGCTGG,0.23920109296414
TCCCAGATGCCTGTGGCCGAGGG,0.420731452455172
TCAAGAACTCTACATCCAGCAGG,0.135993151480378
GAACCCGTGGTTAAAGGAGAAGG,0.0762904911181191
GGCAATGAAAGTGCTCAAGGTGG,0.0626750261232602
TGAGGACATCAAGTACGAGCAGG,0.479111807732915
TCTAGGCAGCCACACACCAGGGG,0.165830721003135
GGGCCGCATGGACACAGAGGAGG,0.300929989551097
CAAGCAAGTTCTCTTACGGGAGG,0.263636363636364
CATGATCCTACCCAGGCCGAAGG,0.596321839080878
AGGAGGTGCTGAAGCACGCCAGG,0.319791013583699
TATCTCGATGTATTGCAGGGTGG,0.335350052247022
AGTGCTTCTTGGGATGCCAAGGG,0.47327063740815
ACCCATTCCTACAGCTCAGCTGG,0.319310344827586
GGCATACTGACTATTTGCCAGGG,0.0379310344827586
ATGGCCGTGCAGTTTGACGGGGG,0.543301985370533
TGTCAAATGTGACCTCGGAGTGG,0.159169745001757
AATTCCTCCTAATGGAGACGGGG,0.11848484848489
AGCATGCCCTTGAGGTCGGAGGG,0.0166144200626959
GCGCACCTCAATGTCAGAGATGG,0.537680250783699
GAGCTGTCCTTCTCGTAGAGGGG,0.193615464994357
TGCTCGGAAGCAGAAGGCCCGGG,0.0831243469174922
CACAGGCATCTGGGACACACTGG,0.408432601880878
AGTCAAACATCAGTTGAGGCTGG,0.179410079380064
CCCGCTGTCTTCACAGCAAAGGG,0.188166610205519
ATCCCGGGCCCTTACGGACAAGG,0.128083015639124
AGTACTATTCGGCCAGCAACGGG,0.114639498432602
CCAACATAGCTGCTAAACACTGG,0.137931034482759
TCAGGAAGATAACACCAACCTGG,0.533166144200627
ACCTGGTGGGTGTCAGGACGAGG,0.573855799373041
TACGTGCATGAAGATGGACGAGG,0.505736677115987
TGGTGACGACAGCTTTGACGAGG,0.0675026123301568
TGTCGGCCACCTTGTCCAGGAGG,0.319540229884639
AACATGTCCTCCAAGCGGCCTGG,0.475527690699686
TCACTTACGAGTATGGGAGACGG,0.527450365726646
AGTATCTGTGGATGGCCCAGGGG,0.0660188087774295
AGCCTGCTTATTGAAGCCCAGGG,0.181400208986834
TAGAACTGTGGCAATGGACGTGG,0.127377220480251
CTCAAAGAGATTCCCTGAACTGG,0.149692211041506
CTGCAAGAACCACATCGGCATGG,0.374273772204389
GGTGCATCACCTCATACAACAGG,0.13764414416577
CGTCTTGCACAGTGTCAGGCTGG,0.15742946708464
ATGACCACATCAAACAGGCCGGG,0.070480668756489
CCACAAGGTGGTAGAGGACGGGG,0.28634273772163
CGCGGTTGAAGTCGTAGCCCCGG,0.799780564263323
AATGTCCGTCTGGAGAGAGCCGG,0.382716823406897
CAGCGTGGCTTTGTGACAGGTGG,0.072518286311348
TCCGCCGGGAGCTGACAGAGAGG,0.584702194357367
TTGCTTCTCTACCTCAAGACTGG,0.316677115987461
GCTGGTCCTGCCACTGGGACAGG,0.013928944618558
CTGCCAGTTATCAAGACAGGAGG,0.107533960292539
GATGTTGCCGCTCCCGCCCAGGG,0.0890595611285266
AATGGGCCTGACACAACCAAAGG,0.423145245558621
TGAGTCGTTTGGGATCACGAGGG,0.877899686520376
CTCCCTCCAAACTCTAAAGAAGG,0.319582027168652
ACTCTCTGACAGTGAACAACTGG,0.189577268512729
CAGCAGAAACTCAAACCAGCAGG,0.168417393904578
TCCAGCCATCCTCCCGCACGTGG,0.55224660397116
ATCTCACCATCTTCCGCAGGAGG,0.114326018808777
GAAGAGGTATCCAGGCCAGCTGG,0.0728422152560501
ATCACCATCGACAAGGCGACGGG,0.129582027168652
TTCCACCCAGAGCAGGACGCCGG,0.0963740856843887
GGTTTCAGCCAGAACACGGAGGG,0.37518286311348
GAAGGTTGACGCTCTCCACCTGG,0.322894461859561
TTCATTGTTGCAGAGGCACCTGG,0.166123301984953
ACACAGGGAAGGGCAAAGGGGGG,0.159044353152227
AACCCATGACAATCCCAGCCGGG,0.109368282096842
CTGCTCGATGCACGGTGAGAAGG,0.142847905921255
CCGTGCAGTACAGAATGAACAGG,0.210606060605643
ACTGCCCGGCGCAGAGAGGAAGG,0.34
CAGGATAGCCATATCTCCAATGG,0.664273772204389
AGTAGAGGAACATCTTCAGCTGG,0.129044353152227
CAGGCGGCGAACTTCACGGCCGG,0.435726227795611
TCTAGTGGACTCTGCTGGCCAGG,0.196296181783325
CGAGGACCAGCTGCAGCGCAAGG,0.117795193312476
GAGGCATTGACATGGAGAAGCGG,0.14955067920627
AGATGCCCGTTCTTACAACCGGG,0.63519331243511
ATTTGGAGGGCATGCTCACCAGG,0.00544409613375548
ACAGCAATACTGCTACAGAGTGG,0.135381400209404
CCTTCACACCCACAGGGAGCTGG,0.0531452455589969
TGCCGTACAGCGGCAAGAGCCGG,0.241389759665204
CTACCTGGTTGATAACCGGCTGG,0.103416927899687
ATCGCGAGGAGCTGGTGGAGCGG,0.30423197492163
TCACTGATGTCGATGAAGGCCGG,0.444346917450784
ACATATCCCTTACATACCCGTGG,0.30481713688652
GAAATCCAGTTTGTGCCAACAGG,0.202622779519749
CGGTAGGATGTTCACAGCCCTGG,0.504378265413166
CCTGGGAATCGTTGTGGAGGTGG,0.167356321839498
GCACTGCGTAGTTGAGCAGAAGG,0.0885475444096552
TCTCCTGAGCATGGTGGACGTGG,0.0574085684430094
GGTTGTGCAACTAGCTCGAGAGG,0.131061072065456
GCAGTAGCGCTTCAGGCCCAGGG,0.670470219435737
CATCCTGTAGGTTCAGCACAAGG,0.108871473354232
TCGGTGCCCGGCTACTCACCGGG,0.0571159874608151
TCTGGCGAGATCTCGAGGACAGG,0.2221107628
GGTGGAGAAGCCGGCCAAGGAGG,0.126269592476489
CCCACAACTGGCAAGCACAAGGG,0.0910658307210031
ACCATCTGCCTGCCGAGACCCGG,0.255245559038244
CTTGAACCAGGTGAACAGGGCGG,0.193422618565017
AGGTGGCCTGCAATTTAGGGGGG,0.449717868338558
CTCGAACTCAACGAAGGCGAAGG,0.454785788924138
ACGCACGGACGTGTCCCAGGAGG,0.54858934169279
GCGCTGGCAGCGCAAAGCCAAGG,0.254785788924138
ATGCTGTGAGAGAGATGGCCTGG,0.137456056391475
GATTCACACTGGAGGGCAAAGGG,0.436729362591849
CGGACACTTCTGAAATAGACAGG,0.169984792023701
GCCAGTAGGAGGCGACACGAAGG,0.0767920585162382
TGCGGATAGGCACCTCCACAGGG,0.139159295681005
ACCTCTGAGGCCGCATCAAAGGG,0.204457101323638
CAGTCTGCTGCAGCCGCAGGTGG,0.489268547544828
GCCAACAGGATCAAGTCCAAGGG,0.129545920550346
TGCCATCGTGTCGCAGAAGAAGG,0.10250307833509
TAGAGAGGACACAGGCGCGCTGG,0.113814002089906
CTTTAGCAAGCTCTTTGGCAGGG,0.740313479623824
CAGCCCAGTCAGAGCTACCCGGG,0.624775339602508
TGCCTAGGACTTTATGGAGCTGG,0.0669383490072727
GAATGCGCTGGCCATTCAGGTGG,0.263458725182445
GGGACGGCTGGACTATCACAAGG,0.176112852664577
CGAGGAGATTGACAATGCCCCGG,0.319634273771787
CACCAGCAGTTTGGGCAGCGTGG,0.323176593521003
TGAGAAGTGCAACTGAGAGCTGG,0.441201671890909
CGCTCTGGAAGACATTGAACGGG,0.194530246569155
TGCATTTGAGGAGGACCAGGTGG,0.0940334378265831
AAGTGTGTGCCCACACGACCCGG,0.687607105538558
CTCCTCCGTGGACACGCAGCAGG,0.0158620689655172
TGCCGAAGGCACCATTGAAGTGG,0.0406896551724138
GCGCATTCTCCTTGGGCGGGAGG,0.0984535005225079
CTCTCGGTAAGCCTCCCAGAGGG,0.10869383490069
AACGGCCCTGAGGTTCACCCAGG,0.888505747126019
TTGTGACCAGGGTTGTGACCGGG,0.136766401219061
ACCAGCTTCACCCGCACCGCTGG,0.63505747126395
GGGCCCTTCTCTCCTGGCAATGG,0.0651515151514734
ACCACCCAGACACCCGCACCCGG,0.49339602925768
AGAGAACACGTCTTACAGGATGG,0.10907570111461
CTCGCTTTCGCCATCAGAGGCGG,0.0440856844304702
ACTAGATCCACAGCTCGGGCTGG,0.374984326018809
AAAGCTCATCAAGCCAGAGCTGG,0.103558459735299
TTATGGAGCATACAGTGGAGTGG,0.123339023998622
CTTACTGTTTAGGCCCACGGTGG,0.399268547544827
GAACTCACCGCTTCAGGACAAGG,0.0927272727272727
GATCCTACAGGGACTGGCCGTGG,0.0331556948798746
ACCACGAGGAACCCGAGGCCCGG,0.250929989551097
CCGTACCAGTCTACAAGGAGTGG,0.125669222535676
CTCCTACAGACCTATGGGACTGG,0.223427377220063
GCAAAGATGAACTGCAACACAGG,0.113464415848152
CTTACCATGCCACATCAAAGCGG,0.257063740856426
CATCAGAGGGCGCCAGAGCAGGG,0.119180194322509
AAGTCCCAGTCTTCCACAAAGGG,0.271515151514734
TCATGGAGTGGTGCATGACCAGG,0.114900731452414
GCTTCCACCATTGTACAGCGAGG,0.374900731452038
CTTCCCAAAGGATGTGCAACTGG,0.114760131626622
GATGTAGCTGGGCAGGAAGCTGG,0.0340438871473354
TGGAAATGATCAAGCGAGAGTGG,0.109221991605732
GATGAGACTCTCCTGGAACAGGG,0.168432601880878
GGTAGATCTTCTTCTTGGCCAGG,0.210114942529154
TACTGTTCGGGAGAAGCCAATGG,0.531504702194357
TAGGTTGCTGATGTGGACCCTGG,0.308704284221944
GGTTCAATTAGTACCGCAGATGG,0.280637408568025
GCGAGAAGACGGTGATGGCGCGG,0.83423197492163
TTGGCCAGAACCCAGCACACAGG,0.0424660397074608
CCAAATCGCAAATATGGCGCCGG,0.734503657262696
TGCACTTTGCCCTTCAGAGCTGG,0.0381818181818182
TTCGTGGAGAGCAGCGGCGGCGG,0.165063161929657
TGAGTCTATCAGTGGAAAGGTGG,0.193113897596238
TCTGAGAATATCCCACCAGCTGG,0.193119588261945
ATCGTGGCCAACACCAAGACTGG,0.130016139986083
ACGTGGAATTATACCAGCCAAGG,0.22775339602884
TGCCAATCAATTGGAAGCCAAGG,0.183851040717494
GGGTTCCAAAGGCAGCGGGAAGG,0.265360501567398
TGAACGAGGAGTACGAGACGAGG,0.622685475444514
CCAACTCACTGCACGACACCGGG,0.433876698015047
TACCTGGAGATTGCCCGGGATGG,0.00625914315569909
ACATAGCATCGCTGTACAACTGG,0.102743412713356
TGGCTCGTGCATGACAGGAGAGG,0.814451410658307
AGAGGCAGCCTTGGCAAACCAGG,0.376792058516614
TCAGAGTGACTGTTGGAGCAAGG,0.0880041797282759
GGCTAAACAGGTTGAACAACTGG,0.279508881922257
CTTCAGCAGTACTTCCAGAATGG,0.0915987460815047
CCGTGCCATCGAAGAGAAGAAGG,0.0573249738767398
CCAGGAACTCGACCAGAGCCTGG,0.00880877742946712
CAGTATTGACTGCCAACACCAGG,0.658401253918495
ACCATCCGCTCCAAGAGGCCTGG,0.134363057436491
TGAGCACGTCGTCATGACCAAGG,0.772413793103448
CTTTCCAGTTCTTCTTACCCAGG,0.68294670846395
AGAACCTCATGGTGCTGAGGTGG,0.445245559038245
TTGGTGCGTGCTTTGGGCCCCGG,0.191556948798746
CTAGGTTACCAAAGTGACCCAGG,0.450313479623824
TTTAGTGGTCCAAGGCAAGAAGG,0.312450831731538
AGGCGTGGTTAGAGACGAAGAGG,0.331191222570533
CAGAAGGTTCCTTGAGCACCCGG,0.0646812957157367
AGGGACTCCTGGCTCGGGCACGG,0.167826541275235
GGTCGGCCCTGCATGGCAGACGG,0.0323719958203135
GATGGATGCCCGGCTGCACGAGG,0.45576802507837
ATTACATCCAGCAGCCAGAATGG,0.429623824451411
CCCTCACAGCCAGCGCAAGCAGG,0.043730407523511
CTGTGCACATGCACGTCCCATGG,0.157926275827212
GCCAACTGTGCCATCAGCACGGG,0.42269592476489
CTGAACCATTAGCACAGCACTGG,0.65858934169279
TCTTACCTCTCCATCAGCCACGG,0.17025078369906
CGAGCTGCGAGAAAGGCCCAGGG,0.610647857889655
TTCTTGTTACGAGGAGGCCCTGG,0.10562173458721
GCGATTCTCTCACTGAGCCGGGG,0.00579937304075238
CGTGCGCTGCTGAATGGAGCTGG,0.469007314524138
CAGAGATGAACAACTTACGCTGG,0.138730873528403
GCGACCTGGATCCAGACGACAGG,0.195151515151097
GGGCTCTCATCAAGTGGAGCAGG,0.253506213130911
GCTGACTGGCTATAGAGAACTGG,0.0863113897596238
TTACCCGTCCTTGAGAACAGCGG,0.265036572623197
AGATCTTGGAGGCCGCGGCAGGG,0.163416927899687
GGGTCTGATGCTAGGAAAGGTGG,0.451013584116615
GGTCACGGCGCACTGGCACAAGG,0.405956112852665
ACTAAGGCTGGGTACTAACCTGG,0.219775805607776
TTCTTCTCCCTACCTAGCCCTGG,0.268035527690282
CACCTCTATGATCTTGAGACTGG,0.0611807732497806
CGACGCGGTAGTGGCGAAGCCGG,0.0165935214210659
TCAAACCAAGCACGAGGAGCTGG,0.0472518286310972
TAGTGCTTTGGAGGTGGACGAGG,0.122210497352854
ATCACAGAGATCATGGCAGAAGG,0.303709508881505
TCCAGCACAAGGTTGAGGAGTGG,0.172706374085266
GGGTCCAGTTGGGCTCAGGCAGG,0.254195868303324
CCTGGGTCACCAGATAGCCACGG,0.546133751306583
ATTGGGCGTCCTCTGGGCAAAGG,0.831180773250157
TTTATGCGAACCCGGGAAGAAGG,0.164373506757243
GGAAGAATCGCTGGCAAAGGAGG,0.498829676071473
CAGCCAGCAGCACGCTAGGCAGG,0.140950888191849
TTAAGGACTGGAACAAGGAGCGG,0.127748637373795
GCCAAGCTCTGCTGATAGGAGGG,0.543134796238245
ATACATATTCAGGCGCCGGATGG,0.16904911180815
AGGAGGCGCGAGAATGGAGGTGG,0.345673981191222
TGAGTGTACTCCGACAAGGAAGG,0.223134796238244
TAGGACCTAGATGTGAAGGCTGG,0.320470219435737
CCTACGTACGCCGACTGGAGAGG,0.175705329153605
TTCCCTACCCTGCACAGGCCCGG,0.186405433646395
AGCGCCACCCGCATAAAGCCTGG,0.401556948798746
ACCTCGCCTATGATTGGCACTGG,0.160867293626332
CTGGATTCGGCACTGTGGGCAGG,0.172016718912853
CTCCGCAGAGGCAAGCAAAGAGG,0.261619644723511
CGGCTGTGCGCTTCTGGAGCGGG,0.197314524555486
GAATGTACTGGCCGTGGCACTGG,0.521222570532915
CAATGTCCACTAGGTAGCCATGG,0.0180877742946709
CATGCTGTTGCTGCCCGAACAGG,0.183506213131287
AGCAGGACAGCTCGCACAGCTGG,0.162680716788591
TTTCTCTGCCAGTTCTGGCATGG,0.186390225670472
TGCCACACGTCCCGGAGCACAGG,0.747554858934169
GGTTCCGCGATGGTAGGCGGCGG,0.223019853709091
TCCGGGCATAGGGTTTGCCAGGG,0.658328108673354
GCACTCCAGCACTCTCCGCAGGG,0.293249738767398
GGAATCAGAGCCACGGGACCGGG,0.205757575757994
TGTCAACATGCAAGGCCAGGTGG,0.120679205851661
CAATCAGGGACACCGTCAGGGGG,0.118662486938307
CTGCTGTAAGACTCTAGACCAGG,0.54423197492163
TGTCACCAGAGCCGTCAGAGTGG,0.139885057470846
AACTGATCCACTATGTAGGGTGG,0.306071055381818
TTCGCTGGACACATGGGCGAGGG,0.0903866248693417
AGTCAGACGGACACGAAAGAAGG,0.145031813967274
CCATCTTCGACCACCACGCCAGG,0.17332857467787
GAGGAAGATTGGCAGTAGCCGGG,0.13920109296414
AAGACCAGATCTCAGGGAAAAGG,0.0270637408568025
GCCAGTTCAAGTTCTAACACTGG,0.115067920585204
ACAAGCAGCAGCATAGACCCTGG,0.615924764890282
TAACTCCAAGGCTGGTGAGCCGG,0.261107628003762
GATGGAGTATGAGCGCCAAGTGG,0.533322884012539
TACCTGAAAGATTCATGCCCAGG,0.555370950887774
GGACAAGGGCATTAAAGGAGAGG,0.342727272727273
GGAACAGATGCGGAGGCAAGCGG,0.65237199582069
CTCCCTGCGGCTGCAGAAACAGG,0.10245083173112
CCCAGCCAGAAAGAGGCAACAGG,0.160334378265831
TCCAGGGTGAACACGGCCAAAGG,0.20705329153605
CGGAGAATGCTGGCCACAGATGG,0.0492998955068338
GGGCTAGGGACACTCACGGGAGG,0.559561128526646
ATCGCATCAGCATCAGAAGCTGG,0.1175605495995
GGAGCTACAGCTACAGGAAGTGG,0.177132127446898
CCAGGTTGGAAGAAATGAGCTGG,0.570020898642006
ACTAGGTAGAGTCCAGGGAGTGG,0.224952978056426
CCACACAGGCTATCTGAACACGG,0.0852142110762382
ACCGGATATCCATGATGAGAAGG,0.369905956112853
TGATGGGCTGTGTGATAGAGAGG,0.394754440961756
TGCTGCACAAGGACTCCAAGTGG,0.406865203761755
GCGTATCGACCCATCCGGAAAGG,0.0176802507836991
CATGCCAGAGCCAGCAGAGCAGG,0.0956321839080878
GCATGTGAGGAGTATCACAGCGG,0.542925809821943
GGTGTAAGAATGAGCGCAGATGG,0.172549634273354
CCAACGGCTAAACCTCCACCTGG,0.0257575757576176
TTTCACCACTAGGAACCAAGTGG,0.0929049111808151
CTCACAGAGCAACAGTCGAGTGG,0.0426541274817555
GGGTGCCCATCTTCCCAAACTGG,0.0304911180773668
GCCTCCTGTCACTTCTCCGGCGG,0.386875653082132
AGCAGTCCATACCTGTAACATGG,0.145491584082259
TTACCTTGCACCTTATGCCAAGG,0.469780564263323
TTCCTTCTGCGAGACTCGGGTGG,0.423301985370533
TCAACCAGGAGCACCAGACACGG,0.170261233019436
AGGAACAGGAATCAGTGAGCAGG,0.508119122257053
ATGTGGAAGGCAGCATCCGCAGG,0.165799373040752
GCCAGACAGGGATGTGCGGAGGG,0.00353187042842633
TTGAAAGCTGCCTGCGGCAAAGG,0.112179149390472
CTTGGGAAATCGTTCGCGAATGG,0.0424033437826959
CGTCTGTAGGGCAGGGAAGATGG,0.178250204771914
TGCACCACACCGGAACCCACAGG,0.195496342737304
AGATCTTATCCAGCTCGCCGTGG,0.462131661442006
TACAATCCATTACCCAGCCCTGG,0.0969278996865204
TGAGAGGGCTGACAGGACAATGG,0.93660397074232
GGTCTAGGGTGTCCTCAAACAGG,0.217236620654798
TAACACTGGAGGCTCTAAGATGG,0.107460815047022
GGGAGATTGGGTTGATCAAAGGG,0.14341216924414
ATGGAGGCAACTTGGTAAGCTGG,0.182586672901444
GGGCCACAACGTGATCGCGCTGG,0.212392894461442
TTACTATCTCCAGAAGAGGGTGG,0.104148380355235
TGGCCGTGCTGGAGTTCCAATGG,0.458620689655172
CAGGATGCTGTTCCTTCAAATGG,0.14457204385229
CACTGGAATTCGTAGTCGACGGG,0.138396495262948
ACAGCAGCGAACAGCAAGAGTGG,0.352194357366771
ATCTGCCTTCTCCAGGAGAGCGG,0.0279728317658934
CCAGACTGTCCACCATCACCCGG,0.335809822361128
TTCTGTAAACGCCGTAGCCGGGG,0.110569953988177
GAACCAGGAAGTCCTCACACCGG,0.882633228840125
CGCCTCCGTCACAAGGAGCCCGG,0.196165099268965
TCACCCTGTGAGGGCCGAGCAGG,0.108083015639162
CCATGCGGGCGACCTTCGAATGG,0.0414733542319749
GGCAACCGGACTATTGGCACCGG,0.369968652037618
AAGCAGACGTTACCCAGGAGTGG,0.120898641588339
AATATAGCAACAGCAGGGCGTGG,0.0430303030303448
TGCTGTATATACTGCTGACCGGG,0.358349007314106
CAAGTTCTCTTCCATCAGGACGG,0.304263322884012
CTATGAGTTCCTGGACAAGCTGG,0.0378160919539812
TGAGCTGCGGGCTCTAGAAGAGG,0.17480668756489
TGGAGCCGCCGACATTCAGAGGG,0.131134217311099
ACCTGAAACCCTTCAGGCAAAGG,0.0537199582027586
ACTTCGCCTCCTCCTCCGGGAGG,0.625579937304075
ACCTTGGTCTGCCTGCCAGGTGG,0.366635318704702
GGCGTGCGAGGTTTGGAAAGGGG,0.145376641553481
CCAGCCAGAGGGCATTGACCTGG,0.0501149425287774
CCTGATTCTCATCTTCGCCGAGG,0.641149425287774
ACCCACCTTGACCTGAAAGGAGG,0.484346917450784
CCGTGTGAGAATCCCTAAGGCGG,0.302936259143574
GGACTCACACCACAGCCGCCGGG,0.03141065830721
TCTCATGCTGCAAAGACCACTGG,0.295475444096552
GAGGATTATGTACACAGAGCAGG,0.406206896551724
CCAATACAGCTTCCAAGACAGGG,0.181431556949216
GCCAGCTGTCCTGTGCACCATGG,0.32435736677116
AAGTATGGATTCTGAGGAGCCGG,0.101943573667712
CTGCACAAACTGCACTGAAACGG,0.169127947718622
TCGGACTCGGGTTCGGAGGCCGG,0.136014050121883
AAGGAGGAAGTCGAGACACGGGG,0.024576802507837
AGGCATGGTATGTGCCCGAGGGG,0.386489028213166
CAGCAACGGGCAAGCCGAACTGG,0.0236677115987461
ACCAGCAGCTAGAATAGGGATGG,0.391682340648276
AGAGCAAGCTCCAGATGAAAAGG,0.144237665586961
CAGCTTCTGGAGTAGGGAACTGG,0.141170323928527
ACCCACATACACCCTGCAGAGGG,0.541316614420063
ACACCAGAAGACCTCCAGAGGGG,0.667074190178056
GATGGAAGGAGTGAAGAACCTGG,0.413458725182445
GGCCATGGACGTGTTCCAGGAGG,0.394743991640125
GCGATTGAAGCTGCTGGAAGAGG,0.0303552769069593
ATGTATAGTAGGGAACAGGCTGG,0.510010449320376
AACGTCGGGAACGCAGGGAGAGG,0.151165565273481
CATTGGCTCTGCAGTAGACCAGG,0.0478369905956113
GGCGATGGAGATGGAGCAACTGG,0.103082549634232
TGTGGACATGGCCAACACCAAGG,0.190689655172414
GGCCACCACCTCTGTTAAACTGG,0.237247069976052
AGAATCAGACGTGCTCCAGGAGG,0.265788923720376
GGATGTGGTCAGCCACCACGCGG,0.447189132705956
ATTCATCGATCCGGGCGGACAGG,0.224890282131661
TCCGTCGGGCGAGTAGGCCAGGG,0.726008359457053
CCTGCAATATCAATCAACGGTGG,0.15730407523511
CCTTTGCAGAACAGACCAGCTGG,0.121437247614046
AGGACGTGGCTGCTGTGGCCAGG,0.108072566318372
ATTGGATAATGGGCTTCGCGTGG,0.335245559038244
ATGCCCTCTTTGTTTCAGGCCGG,0.112121212121254
TTGGTCTGAGATGCTGGGCGTGG,0.14189701772903
TGCGCTGGTGGCCTTCAGAAAGG,0.343866248693417
AGAGATTTGGCTCACTGGGATGG,0.557001044931661
CTTCGGCAGTATCTGGAGCACGG,0.233030303030721
TAGTACCCATGTCAGTGGCCAGG,0.154812378230597
GGACCCTGCATCCATAACGCTGG,0.588296760710972
TGGGATGCAGCGACTTCCGCCGG,0.225454545454545
CGACTGTCCTTCTATGAGACTGG,0.12612899265066
AGCGGCTAGTTCGCTTACCAGGG,0.175924764890282
TCAGGGTGAAGGCCCACCCGTGG,0.0451201671890909
AGAGGTATTTGCCAACAAGCTGG,0.155178104458434
AACTGTGCCAGAGATTGAGAAGG,0.103510971786834
GGCGCTTGACGGACCAGAGCAGG,0.0136363636363636
AGCTCAAGGGCCGCGTAGCCCGG,0.209389180738434
CCAACACTAGTGGGTCCGCCAGG,0.245805063706459
GACCAACACTCCAGCTGAGCTGG,0.144906422117745
CCATACCTGGGTCTGAACGGAGG,0.446980146290909
CCTGTGCAGATGGTCCCGGCCGG,0.18223615464953
CTCGTCTAGCCTGGCTACCAGGG,0.11707419017768
GACAGGCATAAAGAATGGCGTGG,0.386300940438871
AGTATGAGTGTGCCAAGAGATGG,0.32198537095047
GAAACAGTTGCCTCCAACCCAGG,0.597847439915987
TGTGATGGTTTGGAGGGCCGCGG,0.00806687565307839
TCTTCTATCTGCAGTTGCACTGG,0.804399164053918
TGGCCTCTGAGAGCTTGCGGTGG,0.53551724137931
GATGGCGGCTTCTCAGGCGGTGG,0.233615464994357
ACTTGCCAGCCAACCTGACCTGG,0.467011494253292
CAGGATGAAGATGCATCAGGGGG,0.227523510971787
CGCCTGCGCCTCTTGAAGGCCGG,0.184770580947462
ACTCAGCATCGTACTCAGAAAGG,0.15048635942182
CCCTCGATTTGAACTGCCCATGG,0.00509926854754862
TACTGAGCTGTAAGAAGCGGAGG,0.24328108672978
CAGGGCATCCCATTCAAGCCAGG,0.156881343747839
GGCTCCAATTAAGTGAAGGCTGG,0.475747126436364
ACGCAGAGTCAGTAAGACCATGG,0.118244514106583
GGCCAATAAGGCAACAGGAGAGG,0.245256008359875
CGAAGGCATCCTGCAGAACGGGG,0.113239289446144
CAGTACCTCAGTGATGCCAAAGG,0.507805642633229
TCCCTTGTTTCTTCTTACCCCGG,0.323427377220063
AGTATTCGGGAAAGGCAGACAGG,0.664576802507837
TTCGACTGATTGAAGAGGCCTGG,0.112586672901444
ATCCTGACTGACAAAGCCACAGG,0.0729153605015674
TTCTGGAATCTTTCTGGCCGGGG,0.207038083559751
GCAGGCTTCACACATAAGCAGGG,0.414367816091536
CTCAGAGTAGGTTTCAGACAAGG,0.0657575757576176
CACCTGGTTCACACGGCGCAGGG,0.51692789968652
TTTGCATTAGTGCCCTCAGCTGG,0.218584583037243
CCGTAGGCTCTGAGAAACCCAGG,0.165412748171787
GCGAGCTTAGCGAGCTACGCCGG,0.25884012539185
TCCAAGTCTTTCCTGTACCCAGG,0.893834900731034
TGAGTTTGACGATGAGGCCCCGG,0.133573667711599
TGCTCCTGTGGCAAATACGCAGG,0.152183908046395
AACTGCGGATGTCATTGCCAAGG,0.445026123301567
CAGGGTCTGCAGACAAGGCAGGG,0.0235736677115987
CATTCTCATTCGAGAGGCACAGG,0.0768756530825079
CTCTTGCCATACGACGACCAGGG,0.744973876698433
TTGGCCATGGATAGTAAACCAGG,0.195381400209404
CCTGCTCAATTTCCATAAGCAGG,0.113527111772917
ACCGACCAGAGACCCAGCACCGG,0.282476489028213
TGACATCAGTGCTTTGACAGGGG,0.0395924764890282
CCACTGCGCATCTCGCAGAGCGG,0.768516196447649
TCGTGTAGAGCTCCTCCAGACGG,0.365527690699687
CAGGCGCAGCCCTCCAAGAAGGG,0.167424708429093
AGATCCTTTGCAGCCAACGAGGG,0.745078369905956
CCGTGTGGAACTCAGCCACCCGG,0.230292580981818
AGAGGCATGAACTGGTGAAGGGG,0.378234064786207
CGACCTGTCTGAGAAGAAGAAGG,0.122419483768779
CTGTCCCTTGCAGATGGCCGAGG,0.670616509927273
GGACGGCACCTTCTGTCAGGCGG,0.268934169278997
CCTTGCACCCGCGAAGCCGATGG,0.131368861024451
CCTAGCATGTCGTCTAACCCCGG,0.806886102403762
CTTATTTCGACTGTAGCGGACGG,0.588934169278997
ACTAAGTGGCTGGGCAGAGAAGG,0.144660397074608
TGTCATCGGCTTCATCGAGGAGG,0.296311389759248
CTTCCGTGAGCTTTGACAACAGG,0.155502033403011
CTCCTGCGAGGCCAAGAGGGCGG,0.284535005225078
GCAGTCCAGACTCACGGGAGAGG,0.131912225705329
GCGGGAGCTGGAAAGACAAAAGG,0.186034948763513
CGTGGATATGCAGCTGAAGAAGG,0.132769070010031
GCAGATTCCTCCGGGCAGCAGGG,0.568693834900313
GCCTGAGAATTACAGGAGACTGG,0.165627425252541
CGCATACCGCCCTCTGGACGTGG,0.194869383489655
CCGCAATGAATCTATGCGGGGGG,0.353814002090282
CGAACACGCTGTTTAGGAGCGGG,0.261113318669469
AGGAGGCCGCATTCCCGGAGGGG,0.278056426332288
CCCGGTGATCTTGGATGGCAAGG,0.353876698015047
GCTGGCACAGAAGACCCGGCGGG,0.353166144200627
ATGGGCTGGAAACCTGGCGAGGG,0.4580041797279
GGATGCCTTAGCAGTTGAAAGGG,0.140737143120879
GGACCACCGCTGGAGCAACGCGG,0.594618599790596
TCGCCTGGGCCAGAGTGACCCGG,0.414639498432602
CTGTGTCTGAGCCATTGAAATGG,0.129211542284892
CGGAAGAACCTTGAATCCCGAGG,0.413322884012539
AACAAAGGTTTGTGCCAGACCGG,0.20237199582069
ACATCACCCGGAACAAAGCCCGG,0.159341692789969
CAAGGGCAGAGTTGCGCACGTGG,0.146875653082132
AGTAATGTCTTCCCACAGCCTGG,0.019435736677116
CCCATGTCTTCCTCCCAAGGTGG,0.133976432567024
TGTTTCCGTTGTGGTAAACCTGG,0.0455799373040752
CAGAGCAGTCCAGAACACGAAGG,0.623542319749216
GCACTGGTGACAGAAGAGGAGGG,0.197377220480251
TTTCCCAGGTGCAGTACAGAAGG,0.144310810832478
AGCGATTCTTCCTATTGCCCTGG,0.388746081504702
TCAGTGCGAGGAACAAGGAATGG,0.0787460815047022
GGCGCCTGCTTGAAGGGAGGCGG,0.0492998955068338
CAGCTTGACTTTGAGGAAACTGG,0.103359922640211
CGAGGATACAGAAGAGGAACAGG,0.0678578892372414
GATGGAGCACTCATAGCAACTGG,0.0369905956112852
TTCACAAACACGTGCTCACCAGG,0.152962848450033
TGGAAGTACTTGGCCACGCAGGG,0.275590386624451
TCATGATGCCTTTGAACACCGGG,0.151525600836364
AGCAAACAAGAGCACTGAGGAGG,0.356081504702194
CTGGCTAAGGTAACTCAAGATGG,0.151938815012165
TCTCTACATGGCTCTCAAGAAGG,0.443542319749216
TTGTCGGCTGGCGGTCCACAAGG,0.15435736677116
GCAGCGGGAAGCTGGACCCAGGG,0.126724603935926
AAGGACATGTGCTTCACGGGAGG,0.459676071055799
ACCTCTTGTTGGCAAGAGACAGG,0.165935214210658
CTATCAGCCGAGTAGAAGGCAGG,0.0653814002090282
TGCCTTCATCCAGGTAGAAGAGG,0.120679205851661
ACAGCAAATCTTGAAGCAGCCGG,0.151029724103074
CTACCTCTGGATCTCTGGCACGG,0.549393939394357
CACCGTGAGCCCAACAGGAAAGG,0.170538606025832
CATCAGAGAAAGCCTGACACAGG,0.313897596655799
TGGCCAGATCCTTCTTGAGCCGG,0.250167189132288
CTGGCCGAAGAATGGTGGCAGGG,0.239404388714733
ATGCACCGTTACAGAGCACCTGG,0.236196447231348
CATGAGTGTGGCCGCCCGAGTGG,0.0197492163009404
CCAGCATCTCTCCCGCCCAAAGG,0.0385684430511599
GGTTTGCCAGTGATTGGACCAGG,0.230679205852038
CCCTTCGGTTTCCAATAAACTGG,0.130893882932792
GCAGACCTCCAGAGTGAAGATGG,0.112701615430183
GGGTGCAATGATGGAACGAATGG,0.0428317659351724
GGCCTTGGAGTGCAGCCAGATGG,0.0394775339602508
AGGACCAAATAGCTTGAAGGTGG,0.404503657262696
ACAGGCCTTTCATGACAACCGGG,0.801588296761128
AGTGCTGGTTCAGCTGCAGCTGG,0.0346499477533542
AGAAGTCGAGATGACGCGGATGG,0.652392894461442
ATGGGTCTACCTTGTTGGGCAGG,0.119953444061318
TATTGGTGTCAGGAACAAGGTGG,0.403051201671473
TGCGCTGCCTGCATGTGAGCCGG,0.214300361511726
GCTCTGCGACGGAAGCACAAAGG,0.291609195401881
AGCTGTCGGCTTCAAACAGACGG,0.172973297770785
ATCCGTGCTGGAATGCAGCCTGG,0.0246708463949843
TGTCTACCGCCTGTCCAGGAAGG,0.798108672936677
CGTTCTGGTTGGGAGGAAGAAGG,0.0483699059561129
TGTGTACAGGTGGTTGGAAATGG,0.0760188087774295
TGATCTTAACAGTTCCGCCATGG,0.702863113897179
GACGTATTGGTGACCACAGCTGG,0.146870894427086
AGGCTTCCACATTAGAAGGACGG,0.184702194357367
GCTGGAATGTTCTGAAGAACTGG,0.0539080459770533
CATGACGACAGAAGCCAAGAGGG,0.291118077325392
CCACCCAGTGATGCTCAAACAGG,0.000815047021943567
TCTTAGGCTTTCTGCTCAGAAGG,0.309995241344077
GCCTTCTGATTGTCATAGAGTGG,0.330721003134796
AACTCGCCAAGGTTATGGGCTGG,0.709843260188088
TGCGGTAGAAAGTCAAAGCCTGG,0.126682806652792
GGCGTGGTTGCATTTCAGAATGG,0.311212121212539
GGTTCGGGATGAGTATCGGCAGG,0.454378265413166
TGGATCCTACCTCTCCACCCTGG,0.761901776384953
GAAGATGGCGTCGGGCAGCGGGG,0.434211076279624
GGACTTCAGTACCGCCAGCGCGG,0.327210031347962
AATCAGAACTGCTGTTGCCATGG,0.13212121212163
GCCCTTATGGAATTGGACAAAGG,0.388787878787461
GCATCTGATAGGTCGACCCATGG,0.210271682341066
ATCCATCTCGGACACAGCAATGG,0.247931034482759
CTCCTTGTACTCCCGCCAGCTGG,0.00847439916405017
AGAGGCATCTGATGATGACATGG,0.31955067920627
TCACAGGTTCAGTGTTGCCAGGG,0.217836990595611
TATTGATGTCACCACAGAGCTGG,0.237920585162382
CATTAGCCTCCTGGACCAGCTGG,0.137748637373795
ACACGATGGCGGGAGGAGGCGGG,0.417868338557994
GCTGGGTGTGTCTTGGCCCATGG,0.133448275862069
CAGTGTGAGCACATTTCCAAAGG,0.169932545419688
CCAGCAAGGTGAGCCCAAGCAGG,0.185951354197118
AGACCTCTATGTCCTGGAGAAGG,0.039801462904953
AATGCCGAAGCCATTAAAGCTGG,0.0530198537094671
CGAGCTGGAGGGAACGCCAGAGG,0.203615464994357
AAAGCAACGAGGAGGCGCCAGGG,0.18518286311348
CGCTCAAGGAGTAGAAGCCGGGG,0.0675339602925392
CAGCTCCTGCGCGTTGGCCACGG,0.392257053291536
GGGCCTCACCAGTGACAGCGGGG,0.758620689655172
GATAGCTGATCTGGAAGAACGGG,0.1578892372
GGCTATAACTACTCCTGCCATGG,0.510417972831348
TGGAGGATGAGGTGCAGCGGCGG,0.472675026122884
TCTCCTGGGTATGGCTGCGGAGG,0.524649947752978
GGCCAGACAGGGATGTGCGGAGG,0.216980146290909
GGCCCGGACGACTGCAACAGCGG,0.0834900731452038
CCGCCACGAGAAGAAGAAGAAGG,0.0449007314524138
ATGCTCCAGGGATTGGCCAATGG,0.0447335423197492
TGAGCGGCAGCAATGGAAACAGG,0.0925287356322257
TTCGGAGGTGCTTCAGGGACTGG,0.0104597701149467
CCTGTAATCTGCTCCTAGAGAGG,0.12564263322884
CCGAGGAGAAGATGATGAAGAGG,0.40551724137931
CTCCCAGCAATGCAACGACGTGG,0.0228526645768025
CACACCATGTCCACCTCACCTGG,0.453542319749216
TCCAAGCACCGCTCCACGGCCGG,0.0587669801463323
GCAGAGGACTGACCATGAGCTGG,0.267544409613793
CAGGAGCAAGATGAAGACCATGG,0.616990595611285
GCTTCTCGATCTTCTTACGCAGG,0.124973876698056
CATACTTACATTGGTCAGGGGGG,0.127920585162382
TTTCCGTCTGCACAACGACCGGG,0.638150470219436
GCAGTGCCAGACCCAGAAGAGGG,0.0664472309300314
GCGAGCTGCTGTCGTTGAGAGGG,0.127230929989969
CATACCTGTCCACATGAAACCGG,0.0106374085684389
TAACCAGCTCCTTCTCGGCGAGG,0.379592476489028
AGTACCTTGCCAGTTCCAGGAGG,0.292131661442006
GCTGAATGCCTTCCATACGATGG,0.267742946708464
ACATTCGTGCTTGCCCAGGCTGG,0.0152142110762383
TGCACTGGTCATTTCTGAAGAGG,0.110240334378307
TTGATTGCTGTGCCCAACAGAGG,0.610846394984326
ACCCTCATCACCCGCCAGCCTGG,0.0771473354231975
CTGGGATCCACATGTTCCACTGG,0.239926854754859
CCCATTGAAGGAAACCAGGCGGG,0.248662486937931
TAGGACTCACATGGGCCACGCGG,0.587356321839498
TTTGGAACCATCCTCTACACAGG,0.178505747126019
ATGGGCCCATCACTCTCACCTGG,0.253986881888277
GGATAATCAAGAGGGACCAATGG,0.36083594566395
GGCTGGTCACTAACTACAAGTGG,0.496708463949843
AATGTCATCTTCACAGCAGGTGG,0.190193778439625
TGACTCTCCCTTGCGGAGACTGG,0.175825962347588
TGGCAGCTGAAGAGAACAGATGG,0.162863113897179
AACAGCCCTACCTCACCCACCGG,0.613594566353605
TGCACGTCTCCCAGAGCACACGG,0.199791013583699
ATGTCGGGCCGCGGCAAGACTGG,0.167335423197492
CTTTGCTTCAGACCCGAAGCTGG,0.141364102368528
AGGGCCTCTGACTCCGACAAAGG,0.0893730407523511
GCTGATGAAACAGATCCACAAGG,0.216703705294296
CATCCTGCAACTCTCTCCGCCGG,0.0374503657262696
TTGCTTTCCACTTTCAGCCCCGG,0.236238244514106
CGTCGTCTTCCAGGCTCAAAAGG,0.147633694845017
TCCACGACTGGGTGTACAGCGGG,0.0923928944618182
GAAGTCTGGGATGAGAACACGGG,0.185381400209404
TTCAGCTTCGAAAGGCAAGGAGG,0.287063740856426
TTCTGATGAGGCACTGAAGAGGG,0.194248114907713
TAGGCTCTTTGGTAAACGCAAGG,0.221765935213793
GCCGCGCAGCTCCGAGGAAATGG,0.023082549634232
TCTCTCTCCGAACTGAACAGGGG,0.117648902821317
TGTCAAACGGTCGCATGAGGCGG,0.54717868338558
TGAGCAGATCAATGCCAAGGTGG,0.712612330198119
TCTCCACAGCGTAGCTGAGGGGG,0.251327063740439
AGATGATGCTGCTATCAGCCTGG,0.0617554858934169
TATCAAGCTCACTGCCAAGAAGG,0.153548010414547
CCTGAATAAAGGCATCGGAATGG,0.116515617520002
ACAGGTACTCCTGCACCGGAAGG,0.0255590386624451
TGGGACAAAGCATGTAGACATGG,0.0769383490072727
CCTTCAGTTCGTAGCCCACCTGG,0.0588087774294671
TGAACCGGAAGAGGGCAAAGCGG,0.119472775304829
CGCCTTCGGCAGGAACAGCGAGG,0.108887613340315
ACTGCAGGATTTGGCAAACAAGG,0.110737143120879
TGGACCGCACTTGTGAGGAGAGG,0.0951933124347336
TTACAGCCTCAGCAATCACCTGG,0.660940438871473
ATAGTCTCGGCGGATGACAATGG,0.534440961337931
GCTCACTGACCTAGGACAGCTGG,0.019352142110721
AGGGACGTCGCTCAGACCAAGGG,0.0907523510971787
GGCCCATCCTGAATTTGGGCAGG,0.245360501567398
CGACTTTGAGGGCCGCCAGACGG,0.0299895506792477
GAGCTGTCTCTTTGCACACGAGG,0.124858934169279
CAGAGCGGAACTGAACCACGTGG,0.403991640542947
ATGAGCAGTCTTCCTCCAAAGGG,0.206337979066585
TCCACTAGGCTTGGCAGAGCTGG,0.611546499477116
GCATTGTCACACAGCTGGCGTGG,0.40070010449279
TACCCAGGATTTCAGCACCCAGG,0.417419017764263
TGGCAGTTGGAACAACCACAGGG,0.585726227795611
CGAGACAGAGCAGTTTCCCGCGG,0.805329153605016
GGATACGACTCCGGAGGAGCTGG,0.548537095088401
TCTCGATGTCTGCCAAAGACTGG,0.110193778439588
CAGAGTTCCCGGCTGAGCCATGG,0.568432601880878
CAGAACTGAACTGGAAGGGCAGG,0.11884012539185
CTCCATGCCTCCTGAGAAGAAGG,0.108051667676779
CTTCCAGGAGTCCTGGACACAGG,0.121922675026082
CCTGCTTGAGCCCGTGGAAGGGG,0.406865203761755
TTCTGCTTCCAGGATACCAAGGG,0.348672936259561
CACCATGGACACGGTCGCCGTGG,0.118396495262948
GAGACACTTACCCTCGGAAGTGG,0.332727272727273
CGATGCCCAATGAGGAGGCCCGG,0.0464158829676489
CCTGAGCCAATGTCCGGCCGCGG,0.216280041796865
TTACCTCTCATCGTAGCGGGAGG,0.0375130616510345
ACTCCGACGTGGCTTTCCAGTGG,0.742058516196865
CACATGAAGCGAGTCTGCCGTGG,0.548850574712226
AGTGGATGAATATGGAGCCAAGG,0.0925600835946082
GCAATCCAGGTTGATCAGAGAGG,0.201295715778056
CTCAGGGTCGGACTGTGCCCTGG,0.212800417972414
AGCACTTGTTCGTAAGGCACAGG,0.156562173458307
GCGAGGGTCGGGCTAAGAGCCGG,0.392455590386207
CGTCTCCTCATTGATGGAGATGG,0.254739232985456
CAAGTGTTCTGGTAGCACCAAGG,0.396530825495925
TACCTCCTCGGCGGTCCAAAAGG,0.0963113897596238
TTCTCTTCCCAGGGCGCCGGTGG,0.0961337513062069
CAGCCGATGCCAACCTCGCCTGG,0.130392315534672
ACCACATACCTAAATGCAGCTGG,0.0605015673981191
GCAACACCTTCTCGTGGAAGGGG,0.143563218391223
TCTTTGACGTACAGCAGAAGCGG,0.17364681295674
AGCCGCCATTGCAGAGACACCGG,0.207387669801881
GGCTTTGAGCATCCGTCAGAAGG,0.211107628003762
TTCACGCTGGCGCCCAGCGAGGG,0.20987460815047
AGTCTGGCTTGGTGGTCAGCGGG,0.0794984326018809
CCGACAGATCTTCCTGGAGATGG,0.34327063740815
CAGCTGAAGGGTCACTAGAGAGG,0.152852664576802
TTACCCGGTCTGAGTACGACAGG,0.0129362591431975
CTTCCTTCTAGGACGAGCAATGG,0.0704597701149843
GGACCTGGACCTTGGTGGGAAGG,0.274211076279624
GGGATTTCTTGGGTCAGGCATGG,0.6962173458721
CCCTTCCCTAGGTCCTCGCAAGG,0.14929989550721
TTGAGTTGGACCCTGCGCGGCGG,0.672476489028213
CGCCGGCTGCGCACTGGAAATGG,0.162879253883638
GACAGAAGGTGCCGTCCAGCAGG,0.304649947752978
GCTGCGCACTGACCTTCAGGCGG,0.527722048066458
CCCGGCGCCTCACTCACCAAGGG,0.43364681295674
GGCGGCGGAGAAAGCAGGAACGG,0.17282131661442
TGGTGGTGGACATCCAGCGGCGG,0.631546499477116
GGGTTCAACTTCAGAAAGAGGGG,0.198960758585832
TCCCAAACAAGGGAAGGAGAAGG,0.176881343747839
GGTGCCTCTGACATGAGAACAGG,0.739958202717241
AGTAGTTGAGAAGGTCGAAGTGG,0.517429467084639
CCTCTCCTCAGCCAGCGACAGGG,0.116693255973544
GCCAAAGCAGTTACCACACCTGG,0.311138975966144
ATACGTGAAGTTGTCCAAGCTGG,0.0115569487983323
CAGCTTGGCGTCCTGAGAAATGG,0.119807153570158
TATGCAGGCCCTCCTCACAGTGG,0.74833855799373
AGGAACCATTGATCAGCGGGTGG,0.187502612329781
GACTCTATGGGTGCTGACCCGGG,0.0974399164053918
GGGCGCACTGTAGATGCAACAGG,0.0284430512016301
GCCAACAGACAATGCTACCAAGG,0.119989550679248
AGGTCAAGGGACAAATCCACTGG,0.0847439916405016
TTTCTCATTGCGAACTGGGACGG,0.493166144200627
ACCGGCGGCTTCTCATGAGCCGG,0.132570532915361
CTAGTATGCACTTCTACGGCTGG,0.177230929989969
ATGCTCGAAATATCTGGGACCGG,0.0922779519331662
TTGGGCGTCCGTCTGCAAGCTGG,0.103318125357034
GATCACCAGCCTGCACCGCGAGG,0.599090909090909
CATCTGACAAGGTTGTGACACGG,0.108103914280754
CACAATGACTGGTTCTCCAGGGG,0.368777429467085
TGTGGCGACGGAGCCGCAAAAGG,0.00550679205852041
TCTGCCTCGTTCAGAAGACCTGG,0.515036572623197
AGAGAGAGTGTATGACCAGGTGG,0.302852664576802
AAGGATACCGCCTGGAAAGAAGG,0.052904911180815
GCACTGTAGCTGCTCAGCCAGGG,0.0665517241379311
GCTAATGTTATACAGCAGGCTGG,0.0439916405433229
GATGAGAGGGCCTTACCAAAAGG,0.0239080459770533
TACGACCTGGTGTTCCAACCAGG,0.473281086729781
CATGAGCATCGGGAGGAACCTGG,0.149947753395611
CCTGCTTACCCATAGCAGACTGG,0.185690121177306
AGGAGATGTTCGCAAAGCACTGG,0.608808777429467
CCTTGGAGAGGAAGTCAACAGGG,0.0453605015673981
TCAACCCGCACCCTCACCGCCGG,0.273563218391222
CAACAAGCAGGAGTGGAGCAGGG,0.602528735632602
TTCGTCTTTGGAGGTTCCCACGG,0.219127947718622
ACCTCTGCCAACTGGCCACCTGG,0.357362012503951
CTGACACACTCACCTGGGCGAGG,0.0253291536050157
CAGTGACTTCCTTGGTGAGACGG,0.11460339181471
TACGGGACTGGCCTCTGGAAAGG,0.212785209996491
GAAACTGCGGAACTCGGCCAAGG,0.124310810832478
TTTGGCCAACACAGCTGGCGAGG,0.476300940438871
GCACTTACCTCGCATCCCAGGGG,0.279780564263323
ACCACATGCAGGCAATGAGGCGG,0.57044932079373
AGAACAGGACCTGACTACAAAGG,0.301233019853291
CCCAGGCTTTATGTGTCCAGTGG,0.17519331243511
GGCGATTCTCTCACTGAGCCGGG,0.25107152138671
CCTTACTAACCCGTTTGGCAAGG,0.245266457680251
AAGTGGTCAATCAGTCGACCAGG,0.405726227795611
CCTTCTCGTCCTTGTAGAGGGGG,0.590741901776803
AGTTCCGCAAATTGCAAAGGTGG,0.132163009404389
TACATGCCAGGCATGCCAGGTGG,0.266718913270219
CTCAGTGAGCAAGACGGAGGAGG,0.0121421107627962
TTGCCGTGAAGCAAAGAAACCGG,0.175167655137557
CAGCAGCCTGCTCTCGGAAGTGG,0.739487983281505
GAGGCAGCACTTTATCCAAGAGG,0.574190177638871
ATTCAACTCTGTCTGGCCGATGG,0.291797283176176
TTCTGGCTCCTTGGCAGCAATGG,0.212309299895925
GGGCCAATGACTTGGCCAGCTGG,0.11537095088815
AGTACTCTCGGTTCAGGGCGCGG,0.19175072723787
GACTGTGTTGATATGGCAGAAGG,0.303030303030721
TGTGAGTGGATCTATTGCCCAGG,0.667115987460815
CGTTTCTGGAAGATGCCCACGGG,0.683667711598746
TATGGGTCAATGCCAGGCGATGG,0.46327063740815
CAAAGAGATCACTAAAGCGGGGG,0.265130616510345
TGCGATTAACCGCAGCGGCGCGG,0.446039707419436
TCAGTCCATCCCTTCAGAGATGG,0.329905956112853
GAGCCTGAGCCCTGAGAACGTGG,0.455005224660815
GGCTCTGATTGGCAAGCAGGAGG,0.549592476489028
CCTCAGCCAGTCCGGTACGAAGG,0.590062695924765
ATCAGATCCCACAGTTGCAAGGG,0.386886102403762
TCGTGAAAGGGAACGAGAGCGGG,0.0503343782654545
TTACTGTAAGCTGCAGGAGGGGG,0.115673981191223
CTTAAATTCTGGCGGCGAGATGG,0.184331709474108
AGGGCACTGCTTGAGAAACCAGG,0.379508881922257
GCTGTTCTGCAGGCCGCGACCGG,0.133897596655799
GCGAGTTGCCTGTCAGCGCGGGG,0.129592476489028
TTCGTCAGGGTGAGTGCGAAAGG,0.234603391814296
GCGAACGACGGAAGCGGAGCCGG,0.268557993730407
GATGACACTCCACGCCACCCGGG,0.136530825495925
TCCTAGGGAATGGCCAAGAACGG,0.00672936259143576
AGTTGGAGCCAAAGTCGCACTGG,0.169258098223197
TGGAAGTTCCCATGCTCCACTGG,0.0127795193312853
CGCAGCAGTGATGACGGGCAAGG,0.0998119122257053
TCCAGCTATGAAGGAGCCACTGG,0.372633228840125
GAAGTTGAAGCATGCTCAACAGG,0.233955533925895
GGCGAGAACGGGAACGAGAAAGG,0.122737722048025
GGAACAAATAGAGCTGCCAGAGG,0.134096133751724
ATGTTCCCTGGGCCTTCGGAGGG,0.144524555903448
TGCAGAGAGAACACAACAACAGG,0.0853918495297805
TACCTCGTCAGTGTCCCGGAGGG,0.331118077325392
AGAGAAGGTGGTGACCAGCGAGG,0.0589028213166145
GAGTCCCAAGGCCAAAGGGAAGG,0.25646812957116
CATGCAGGCTGTGAGAAACGCGG,0.10745036572627
CACCCGGTGGCGGGATCAAATGG,0.0245872518285894
GATCTGGATCTCTGCCCGCGTGG,0.120585161964514
GAAGCTCCGAGCCCAGAAACGGG,0.0635005224660815
TGTTTGCTGGGTTGATACCCAGG,0.0207314524555486
ACCACAAGTTACCTGGCGGGGGG,0.377105538140439
TTCTGACGATGCGAACAACATGG,0.138981657227462
ACGGGAATTCTATCGCCCAGGGG,0.452403343783072
CTCAGACCGGGTAAGAAACATGG,0.77212121212163
CAATGAATACCCATCCCGGGTGG,0.189895506792476
AACCCAGTTAGTACTCACAGGGG,0.585120167188715
GCTGCTGGTGATTAGCCGCCAGG,0.177690700104075
TACCATGTTGGAACACGCACTGG,0.543061650993103
GGACTCACCGTCCGGAGGCAGGG,0.603594566353605
CCTCGGCCGTCACCTTAGCCAGG,0.188898062661067
TCTTCCTTGCAGAGCGCCAGTGG,0.313761755485893
TAAGACTGTGACATCAGGCATGG,0.497084639498433
CTGCTCGATGTTGGTCGCCATGG,0.627033720222541
GCTGTGGTAGGCTATGAAGATGG,0.0454440961337931
GAAACAGCCTTTCAAAGACCTGG,0.593960292580564
ACAGTTGAGCAATATGAGCCCGG,0.171076280041379
GCTGGACTATCACAAGGAGCAGG,0.137910135840752
TCTTGGTCGTGAAATAGACCTGG,0.167121678126146
GCGGAACTCGGCCAAGGGAAAGG,0.162048066875235
TGCATCCATAACGCTGGAAGAGG,0.266394984326019
TACCAAGAAGGTCACCAGCGTGG,0.431055381400627
GACATTGCCTTCCATCAAGATGG,0.153882388679876
GCTGTGCCCGCCAACAGGACAGG,0.107241379310345
TCTGGAGCGACAGGAGAAGGAGG,0.282257053291536
AGCTGCGCAAGATTGAGGCCCGG,0.127842681260942
TTCTTTCCTGCTCCCTAAGGCGG,0.170282131661442
CCACCTACCGAAGTTGCCCAGGG,0.502340647858307
CAGTGGCCCTGATCTTGCAAGGG,0.490282131661442
GCCAGCAGCTTCAGTCGGAAAGG,0.0372936259143574
AGGGACTCGAGGTTTGAACCTGG,0.215799373040752
AGCCCACCGCGATGCTCACCTGG,0.031494252873605
AAGCTCTATTGAAGGCCGAGTGG,0.643740856843887
ATCAGAGCTGGAACTGGCGAAGG,0.713103448275862
ACGACCGCCACTCAGCAGACTGG,0.189451876663199
CAATGGATTCACCAAGAGGAAGG,0.351138975966144
TCCCTCAGGAAGCGGTGGGAAGG,0.557324973877116
AGACCACCAGGAATCTACAAGGG,0.45519331243511
GGTGACCCAGTTTGGGAAGATGG,0.384461859978683
TTTCCCAGAAACTGCTCACCTGG,0.161761176558748
ACCACACCAAGCTGAAACAGTGG,0.585851619645141
CAGCGAGAGCCACTTCCGCGGGG,0.253009404388715
TGACTCATTTGTCCATGGAGGGG,0.580616509927273
AGCTGCCATTCGATTTCACATGG,9.4043887147325e-05
CAAGGCCTACGGGCAGGCACTGG,0.182210497352854
CTACGTGATTGACCTGGAGAAGG,0.303009404388715
CAATCTGGCTCGGATCCCGCAGG,0.897272727272727
ACAGCTCGCATTGGCCACGGGGG,0.361243469174922
CTTAATGACTCAGACAGCGAGGG,0.225178104458434
ACGTCAAACGCCTTCCCAGACGG,0.15600360080113
TACTTACACCCTGCTGCCACTGG,0.0422988505746709
AGACGTGCACTTTGAGCGGAAGG,0.129786254928654
GATGGAGACAGTGTACACCCAGG,0.701786833855799
TGAAGGAAGAAGAAGGCACAGGG,0.548923719958621
TCTGGAAGAATCCATCAGGCAGG,0.156656217345455
GCGGCTGTATCTGCAGACACGGG,0.687345872517868
AGGAGGCTTGTAACATGGCCTGG,0.126944039672604
GAAACAAGCTTTCACCGACGTGG,0.705747126436364
AACGGGCTGATCGTGGAGGAGGG,0.343324712908435
TGGAGTAGACATCAACAACGAGG,0.125726227795611
ACTGCCGGCTCAGCAGAGGCCGG,0.378547544410031
GGTACTCTCGCCTCCGCCAGTGG,0.609467084639499
GACAATCGAGTATCACGGAAAGG,0.163652503622447
CAGCAGTAAGCTCAGCCGGCAGG,0.428401253918495
GCCCGACGGGACTTACGAGCCGG,0.260292580981818
CGAAGCGGATGACGACCACGCGG,0.637648902821317
GATAGTGGAGGTTGAGCAACTGG,0.161029724103074
ACCAGCGGCCATTGAGGGCCTGG,0.450616509927273
TGAGGGTGTAAGTCAACAGGGGG,0.123751306165141
TTCCTACCAAGGAGCTGGCACGG,0.213908045977429
AATGGGCTTCACTTCGGCCAGGG,0.289477533959875
TGAAGTACCCGACATCGAGCCGG,0.481525600836364
CGTGGAGGTTAAGCCTGCCGGGG,0.25045977011536
CGGAATTTGTTCAGCACGGAAGG,0.00881922675025707
CCCAGGCGTGTGCGTGCAGACGG,0.419258098223198
CATGGCGCTCCGAGTCACCAGGG,0.244284221526019
CATGAGGGAGTTACTGAAGATGG,0.205788923720376
ATCTGGCTATTAAGTGCCACTGG,0.24907570111461
GGTTCTCACCCTGATGAAAGCGG,0.328328108673354
AACCTTAACCTCTTTGCAGCAGG,0.00721003134796238
GCACCAGGAAGTTCAGGACCAGG,0.0202298850574295
GCACTGATAACCAGTCAGAAGGG,0.103479623824451
TGACTTCAGGCTCACTCACCGGG,0.140459770115361
TCTGGTGTACTGTCACCAGCTGG,0.284112273737807
CCACCGAATCACACATGGACTGG,0.225846860989218
GGAGGAAATGCGGAGCCGCGTGG,0.764514106583072
GGATAAGATCTATGAGACGCTGG,0.57494252873605
GCTCAGCAAATACCGGCAGGTGG,0.414702194357367
CTCATATGCTAAGACAGAGCTGG,0.00541274817137304
AACCTGAGGTTGTTCCAAACAGG,0.103443517206563
CCTTAATCCTTCACCCGGCATGG,0.197795193312853
CATCAGCAAACATAAACGGGAGG,0.318756530825078
GGCATCGCAGCACAGACAGCAGG,0.302382445141066
CCCAGCCCACTGTGGTAAGCAGG,0.167717289411412
TCACAATCACCAGCTGAAAGGGG,0.012309299895511
TTAATGCGCAGCCTAGAGAGCGG,0.162748171369279
GGCTTCCATCAGTGGGCAGCTGG,0.137048532880503
ACCCAACAATACCACCGACCAGG,0.662455590386207
CACCTTTGAGTTCAGTGAAGTGG,0.465485893416928
ATCCATCAGTGAGCCAGGCCTGG,0.174436202682008
AGGGCTGCTCTTACTCGGAAAGG,0.106724603935926
ACAAACGCAGATTAGAAGCCAGG,0.333359922640629
ACTTCTGGTTCTCTAGCAGCTGG,0.131395450330911
AAGGCTGCTGAGTCCCACGATGG,0.261734587251411
CACCTTCGGCTTCTGGGCCATGG,0.127874029223325
GATGTCCAGTTTGTCACGGATGG,0.462361546499059
CACTCACTAGGCTGCCGGCATGG,0.454952978056426
AATGGGAGACCGAGCGAGCGCGG,0.265266457680251
TCATTCTGGATGAAGCAGACAGG,0.136750261232602
GATAGAGGCTGATGACAAGGAGG,0.210167189132288
TGTCCTGATCCTGTCACAAGAGG,0.38340647857931
CGCAGGATCCTCACAGGCCCGGG,0.185778474398746
CCCGTTTGTGCGGGTGAAGCGGG,0.0475339602925392
CAGTCCGAAGCGGCTCACCCTGG,0.0743051201671474
CAATGGCTGTAAGAGGCAAAGGG,0.029237199582069
GGATCGCGGAGGGAATGCCCCGG,0.338599791013166
AGGGCAAGTTCTGGACACACTGG,0.38468129571536
GCGTTTGTGTCTCAAGAAGCTGG,0.0209404388714733
CATGTAGCGGTCCATGCACATGG,0.67435736677116
CGTAGGAGCCATGGCCCAGGCGG,0.546875653082132
CGCGGTCGCGTTCTAGAGAGCGG,0.0332810867294044
TCCCTGAGTATTAGCCAAGCGGG,0.532957157784326
GGAGGCGTCAGCTGAGCAGGAGG,0.289853709508464
TGAAGAGTTGCGCGTGGCGCTGG,0.125742367781318
CGTGAAGTCCAAGGTTACAGCGG,0.572183908046395
AGTAGAATTTGCTGGAGGAGGGG,0.32237199582069
CTGCCCTGAGGCTCCTACAGAGG,0.206311389759248
TGGAACTGTAGTCCTTGGGATGG,0.268505747126019
CAGCGTCCTGGAAGGCGGGATGG,0.175679671856553
ATGGTGAATCGCTTTCAGAGTGG,0.0426541274817555
ACTCTGTTACACAAGGAGCAAGG,0.0482027168234483
CCAACAGCTGATCTTCCCACAGG,0.321964472309718
GGGAGCATCCACAGTCGAGCGGG,0.0752455590386207
GCTGTTTATCCTCTTCAGACTGG,0.152894461859561
CATCATTCCACAGGAGACCAAGG,0.366374085684012
ATTACTTGGGACTTGAGACCCGG,0.0476907001044514
GACTGGGTGTCTCTGGCAGATGG,0.0255590386624451
CCATGCACCCACACTTACAACGG,0.326196447231348
CTCCCTATTACTGTCAGGAGTGG,0.122194357366771
ACTTCATCCTTAGTGCCAGCAGG,0.153004645733168
CCCTCCAAGACCACAGCCAAGGG,0.013082549634232
TCTCTTTGCTGTCAGCAAGAGGG,0.167372461825205
TCGGTCCTCGGCGGATCAGGAGG,0.469320794147963
GAAGTGCAGTTGGTGAGGCAAGG,0.197272727272727
AATCTCACCCAATATCCAGCAGG,0.194252873563636
GGAGCGTGTGGAGCTGAAGATGG,0.028787878787837
ATCTTGCCAAACTTCTGACCAGG,0.324629049112226
TGTTTGGAACTGCAAGCACAGGG,0.321400208986834
TGTAGCCGTCATATAGCAGCTGG,0.47423197492163
TACACCACCAGCTTGTACAGAGG,0.0705956112852665
GAGCTTGCTGCGGTCACCAGAGG,0.274587251828213
CCTGGTTACTGCCAATACAATGG,0.14647857889279
GCGATAGGTGCAGGCCAGCCAGG,0.0441797283176175
AACTACAGGCTCACTACCAAAGG,0.13917450365768
AAGTACCCAGTGCTTCCAGAAGG,0.141259609160629
TGCTCTTCTTCTAGAACCACTGG,0.00718913270636994
CTGACCAGCCCACGCTCCGAGGG,0.200386624868965
ACGTTTATTCCTGGATGGAGAGG,0.245161964472727
GACGGATTTCCAGACACAGGAGG,0.207429467084639
CCGCAGGGCATCGATGAACGTGG,0.104237665586923
CCTCAGTTCTTTGTAACCGCTGG,0.619404388714734
CCGCAAGATGAAGGAGCGGCTGG,0.0650052246604389
CATGAAACCCGAAGACAAGAAGG,0.190622200592102
AGGTGGTTTCTTGGGCAAGATGG,0.147821782619312
TTAGACCTTGTCCACGAGGAGGG,0.249487983281505
TCCCTTGTAGGAGTCGAGGATGG,0.140062695924765
GCAATTCAGGTCCCTCCCGCTGG,0.63096133751348
CCAGCGCCTTGTGGGTAGCAGGG,0.151573088784453
TAGTTACCTGATCTGGAGAGAGG,0.322288401253918
CCAGATTGTCAGCAAACACCTGG,0.165475444096552
TTTGGACGTGACCCAGCCGATGG,0.65576802507837
AGCCGTAGCTGTTAATCCGGGGG,0.253030303030721
GAAGTCATCCGAACACAGACTGG,0.163600257018434
TGCGTGCTCCAGATACCAGCCGG,0.74070010449279
CCTGTTCTTCTGTGGTAACGGGG,0.130606060605643
AGCCTGGACTAAATATCCCAGGG,0.423887147335423
GCTGCTCCTCATATGTCGCACGG,0.38045977011536
ATGGACTCGCCGTTCTCGCAGGG,0.240658307210031
ACCGTGAATTGGCTGTGGAAGGG,0.305381400209404
GCCGACCCGGACTGCAGCAACGG,0.029435736677116
GCTGCAACCAGATCCAGCCCAGG,0.212643678160502
GAACCGAAACCTCGTGCAGCGGG,0.116917450365768
GCCACCTTCTATAACAGAACAGG,0.278887613340315
AGGATACGGTCTGGCAGGGAAGG,0.632654127482132
AAAGGAGCCGTGGCCTGGCCGGG,0.306379776349719
CCCAGTTCCTCGCGATCCGGCGG,0.633145245558621
CGTGAACTACGTGAGGCAAGGGG,0.422978056426332
GCCTTGATTCATCTCCAGGGAGG,0.150031347962382
TACAGGCCATACTTGCACCATGG,0.611713688610658
ATGAGTACCATGCGGCCACACGG,0.213427377220063
CCTTCTACGTCCAATACAAGTGG,0.208045977011912
CGAACCAGCGATTGAAGCACTGG,0.560177638453918
GGTACTTGCGGCTGAGCCAGCGG,0.352058516196865
TCGGGAGAAGAGGCCTGAAGCGG,0.643207941483386
CGATTGGTTTACTGGGCAGGAGG,0.0619853709508464
TTGCGAAGGTGATGACCCGGTGG,0.532706374085266
CTGGACTTGGGATCCCGCCCAGG,0.246175548589342
TGCTTCAAATACTAGCGCCAAGG,0.714273772204389
CTTCTGCCGTTTCACCAGGGAGG,0.103276328073857
AACCCGCAGCAATCGGGACACGG,0.390543364680878
AGAAGATCTGATCGGTCACCAGG,0.041212121212163
ACGAGTACGATCGAAGGCGCAGG,0.31647857889279
CAGCACCGAGCCGATGCGCACGG,0.674002089864577
CAACCTATTTGGCCGAGGCATGG,0.189958202717241
AGCAATGATATCCACCAGGCGGG,0.430846394984326
CACCACCTCCAGCTCCGCGAAGG,0.578025078369906
TGCATACTTCCAGAGCGCCCTGG,0.261264367815674
CACCCTTGAGAAGTCCAAACTGG,0.259347383455676
CATCCGGGAACTGATCGAGGTGG,0.251880877742947
ACCGCAAGAAGCACCTGAACGGG,0.126039707419436
TGCCACATTCCACAATCAACGGG,0.157968073110472
TGAGCCGGATCTCAGTAACCTGG,0.281692789968652
CCACACGCATAGACATGCCCAGG,0.681065830721003
GAGGAATGAGTTCTGGCCACTGG,0.72223615464953
CAGTAACTCTTGCGTTCCCATGG,0.29340647857931
ACTCACTTCCAAGCCAGGGCTGG,0.23695448899298
AGTCGGAGTAGTCCGCCACGAGG,0.17070010449279
GGTGTGACCGCAACGTAGGAGGG,0.126990595611285
TCGCATAGGCTTCCGAGGCCAGG,0.170726693800127
TCAGCACTGACATGGAAGACAGG,0.0988819226749843
AGATGAGGTCCTCCTGGCCCTGG,0.177983281087147
CTGCCACCATTCTTCGGCCAGGG,0.280564263322884
CGACCCTGAGTTGGATGAAGGGG,0.198599791013166
GACCCAGGAGGCCTATGAGATGG,0.301515151514733
GGAAGATGACGCTGCAGAGCAGG,0.127899686520376
TTCAGCAAGCTCCTGAAAGGTGG,0.124054336468088
ACAGTGACCTACTGTTGCCGGGG,0.485078369905956
TTCATCTGTCCGACATACACAGG,0.102152560083636
ATCCGGCACCTTCCTAGGCCTGG,0.025339602925768
CACCAGGCACATAGACGGAGGGG,0.445820271682759
CCATAAGCAGACAGAGAGGAAGG,0.311912225705329
ATCTTTGCCCTGGGTTGGAAAGG,0.203725648867964
TCCCACTTGGACTTCTCCAGGGG,0.0786624869383072
TGCTCTTCCTGGCCCGACGGTGG,0.115261699024704
CTTCACTGCGGGACACAGACGGG,0.0175026123301567
CTTGGATTGGTGACTCCAGCTGG,0.108725182863072
TGGGTCTTTACAGGGTGAGAAGG,0.280721003134796
ATCCGAACAGTGGGTCGGGCAGG,0.339989550679624
GCTGCGATTCTTCAGGGCCGCGG,0.391128526645768
ACTTCGGTATGCAGGGAGGCAGG,0.0262486938348589
TAGCAGATGAATTGGGCAACAGG,0.155287356322257
TGCGCCATCGGTGACTCGGAGGG,0.645914315569906
TCACTCGGCTCCAGAAGCCATGG,0.617324973877116
TCCTGAGCTTTGCTAGCACAAGG,0.0330094043887147
CTGATGAGAGATTGATGGCCAGG,0.248981657227462
TATTAAACACCGTGCTGAGGCGG,0.174900731452038
GACTCACGCCTACTCCAGAGTGG,0.43858934169279
AGGTGTAACAGAGTTGGCCAGGG,0.636541274817555
TGTACCTGAAGGACTACGAGAGG,0.603437826541693
TATCCTCCAGAAGGATCCAGTGG,0.619070010448903
GCGCAGGCTTGACTCCAGCAGGG,0.121593987425958
AGAACTTGAGGGCCACGGAGAGG,0.163312434692163
CTCTCCGCTACTTCCCGCACTGG,0.163051201671473
CCTCTCCCAGTGCTCTGAAGGGG,0.248641588297179
CAGAGCTCCTGGCTCCAAAGAGG,0.0930303030303448
GACACCACCCACCTTGAAGAAGG,0.159504123267212
ACCAGTTTACTCGCACACGCTGG,0.204676537060315
GAGAGGGAGCGTCTGGCCAAAGG,0.555841170323511
ACTGCTTGATGTCTTTCCACTGG,0.295496342737304
ATACTGTGAGAGTCGACGAAGGG,0.0435109717868339
ACGGATGTTGGCAGACAGCATGG,0.422455590386207
CACCTCTGGACACCTACGGACGG,0.420229885057053
GCAGGCAGAGTCCGATAACATGG,0.127853130581694
AGACTTGATCAGTGTCAGGCTGG,0.256154649947335
CATCATCGACACGTGCACCAAGG,0.656520376175549
ATGGAGCACCCATACACCACTGG,0.152654127482132
CAGCGCAGACCAGGACGACGAGG,0.159519331243887
GCTATACCAGTCAGCCACCCAGG,0.410679205852038
ATACCAACTCCACGTCAGACGGG,0.137330664541945
TGCTGATGGAGAACTTCCGCAGG,0.259132706373668
CAGCCTCAGCTCTAAGCCGCTGG,0.184670846394984
GCACCATGCATCTTTGGGACTGG,0.194070476454171
GGCCATGCTGCAGTGCGGAATGG,0.117962382445141
TGGCTGCCTTTCATTAACCATGG,0.41564263322884
CATCGATCTGCCGCACGGAGGGG,0.0828108672936677
GGATCAGCCTATCAGGAAGGTGG,0.315736677115987
TTTCTTCTCAGCATGACCGACGG,0.184791479588967
CCTTCAGGGTGGAGATGAGCAGG,0.561703239289028
ACTCTTGGAAGAAGGCGGCCTGG,0.106363636363636
ACAGCCATGTAACACTGGAAGGG,0.35377220480627
TGGAAGAGGCGATAGTGGCGCGG,0.175862068965517
TCCAGCATTGTCCAGGCCACTGG,0.265130616510345
CCTGCACCGCGAGGTGGAGAAGG,0.190643099233732
TGTCCAGCCGGAGAAGCCACGGG,0.21469174503699
CAAGACCTACCATGGCAAAGTGG,0.283134796238244
TCCCTTATGCAATGAAGCCCTGG,0.239007314524138
GCTCTGGCCTGTAGTCGCCATGG,0.511243469174922
ATGCACCTCGGATGTGGAGCCGG,0.105078369905956
GACGAGACACTTCTTACAAGAGG,0.0474503657262696
GGGTTCCAAGAACAGGCACCTGG,0.00781609195401881
GAATATAGTCTGTGCCGAGCCGG,0.652048066875235
AGAGTACACCGTACTCAAGCAGG,0.196133751306583
ACCCTGCCTGCAGATCACCAAGG,0.654566353187461
TTCCATTGAATGGGCTGAAGTGG,0.0354963427376802
CGCCCATTGTGTCCTTGCCCAGG,0.386792058516614
AGGCTGGCTGACCTTAACGATGG,0.470522466040125
CTGTGAACCGATGTCACACCAGG,0.288881922674608
AGGATGTGCAACTGGCCCGGAGG,0.466363636363636
TATCAAGGCCCTGTACCGCATGG,0.369498432601881
AGCTGGACTGCAACCGGGAAAGG,0.210026589306835
ACAGCTGTCTCCTACACACCTGG,0.167905377185707
TAGGTCCAGATAGCAGGAAATGG,0.109665621734545
TCATTCAGTAAGTCCCGAGCAGG,0.076551724137931
AGTCGAAGAGCTCCAGAGCCCGG,0.0315047021943574
TGCTTCTAAACCTCTGGAGGAGG,0.445297805642633
TTCCGCCAGGTTGCTGAGGGAGG,0.295188553779187
CCGAGAGGACAGCGATCAGGAGG,0.170271682341066
ACAGCCAGTGTCTACAGCGCTGG,0.064096133751348
CGCTCGGCCTCCTCCTACCAGGG,0.213082549633856
TACAGCGGCTCTGACCAGACGGG,0.0694252873563636
TCTGCGGTGGTGTTTGAACCTGG,0.0965099268547962
CCCGTCCCTTCTCCACAGACTGG,0.148223615464577
CTAATGATGGACAAGTACCCAGG,0.634294670846395
ACTTCCCGCAGCGCTGGCACGGG,0.35187042842257
CTGTTGCTGAGTTCATCAAGAGG,0.179320794147962
CGCGATGTTGCGCATGAAGAGGG,0.0465726227795611
CGATAGACGCGTGCACCACGGGG,0.757711598746081
AGCTACCGCTCTTCTTGGAGAGG,0.0133124346917869
TGGCTCCGTGTTAGAAGACCCGG,0.396969696969279
GCTGTGCTGTCCCTTGCAGATGG,0.358610240334796
TGTCGCCTGTTGCATTAGCAAGG,0.200099734552478
GCAGAACCTACACGGCCGAGGGG,0.537366771159875
CCTGAGAGCAACGAGGAAGAAGG,0.253422618565393
GCTGGTCTTCTCCACTGACAAGG,0.3478892372
TGGTGGGATTCTCCAGAAGGCGG,0.764305120166771
TTTGGCGAAGTGGGTTCCGGTGG,0.108557993730408
CATGAATGCCCTGCGGGCCAAGG,0.0871473354231975
AGTGTCCTCTTGTTCCAGGGAGG,0.210355276906583
CAATGCTGTTCGGATAGAACAGG,0.0556321839080878
AATAGCCACCAGGATCCAAAGGG,0.10727841793802
CCTGGAGGATTGAGCTGGGCTGG,0.359853709508464
GCCTTGTGGAACAGGTACACAGG,0.563876698015047
ATCTTTCACAGAATCCGGCGGGG,0.248892371996238
TTTAGGCAAGCACTGGACCCCGG,0.10305689233718
TGTTGGTGGCCTCACAAGCAAGG,0.496938349006897
GGCTGGCATCACTTTGAGGGAGG,0.305256008359874
CCATACAGTGCGTGTGGCGCGGG,0.162085105503324
GGTACGGGAAGCTGCTGAAAAGG,0.140971786833856
GAGCTTCGGAGTCCCAGGGCCGG,0.186280041796865
CCAACATACCAGCTCTCCAGGGG,0.167324973877116
CCTTAGATTTGTTCCCGACAAGG,0.00230929989551098
GGCGCGGCGACCTTTACCGATGG,0.731765935213793
CCATGATGAACATCATCCCAGGG,0.777199582027586
CGCCCTCCGCCTTGTAGAGGAGG,0.212257053291536
CCAGTGATAGCATTGAAGAGGGG,0.552737722047649
AGGACTTGTCTTCAGCGGCCTGG,0.181081970707086
AGAATTTGAGGACAGCGAGGAGG,0.0657366771159875
CCCGGCAGAGATCTATCAAAGGG,0.128375596621444
TAGTTCCTGTGGTGAAGACATGG,0.0814838035527273
CTGGACGGCCAGCTCTCGAGTGG,0.305047021943574
CTGTACCTGTTTGACCGGAATGG,0.313207941483386
TGTGTTGCTGCCAACCAGGATGG,0.326018808777429
ACCAATAGCAAACTCCACCAGGG,0.722831765934796
GGACCTGGTTTCTGCAGACCTGG,0.558443051201254
GGCAGTTCAAAGGTTGGCCATGG,0.184085684430094
CTTGGTAGCTGAGCCTCAGAAGG,0.116693255973544
CTATTCTGCACTCCTCAGCCTGG,0.120967028178309
CAAGCTCGAGCTTCTCCCGGTGG,0.527586206896552
CGAGTTCACCGAGCGCAGCACGG,0.466332288401254
AGAGTTTCCAAAGTGGACACAGG,0.189080459770533
AAGGAAGATGGCGGACGGCGTGG,0.377816091953605
TGGCGTCTCGTAGGTCAGCGTGG,0.135199003099939
GAGAGCAGCCTTTACAGCAATGG,0.516990595611285
GGGTTACGTGCAGCAGCGCAGGG,0.475287356322257
GAGCATCCACAGTCGAGCGGGGG,0.698808777429467
CTAGGAGATGCTGAAGGACGAGG,0.236551724137931
CGCGCAGTAATTGGTCCAAAAGG,0.140162430477243
TAGATACAACATCCTGAGGCTGG,0.0243155694880251
TCAGCCTCACCTTCTGACCCAGG,0.368944618599373
ACCTCCAGACATCCGAACCAAGG,0.868045977011912
CTGGCTCCAGCATCATGACAAGG,0.117910135841129
CCTCCAGGATGACCATGGAAGGG,0.00617554858934168
AGTTTGGCAAGTTCTTCCGCGGG,0.0763113897596238
TGGGCCGGATCCAGAAGGACTGG,0.185496342737304
AGAAGGTGATTATGAAGCCCTGG,0.141922675025705
CAAAGATGAGTCGGGCGGAGGGG,0.153667711598746
ACACCCGGTCGTTGTGCAGACGG,0.154436202682008
AATGGCCATGAATGTGCCAAAGG,0.546332288401254
CATACCTCTGACGTTTGAGGGGG,0.396729362591849
TAGGTGGGCAGCCTCACAAAAGG,0.159901197457306
AGCGCCATGGCTCCTAGGAAGGG,0.539592476489028
CAATTTGTAATCAGCCAGGGCGG,0.0918181818181818
AGCGTCAGTAAGCGAGAGAAAGG,0.161974921630094
GATAAGAGAGCCACGAACCACGG,0.692988505746709
CCCGGAGCTTGGCTACGCCAAGG,0.478328108673354
CTGCACTTACCAGGCCACAGCGG,0.133207941483386
TCTGCATTGTAACGAACACCTGG,0.247910135840752
CCAATTTGTCTCTCTTGAGGAGG,0.474221525601254
CTCCACTAGTAGCTGGGCCAAGG,0.0727063740856427
GATGTGCCTTTGGTGCGGCCCGG,0.486833855799373
CGCAAAGCAGCTTCCCGGAATGG,0.129127947718622
CCACCAGCTGCCGCTTCCGAAGG,0.37212121212163
TTGTGATCTTCAGCCTCAACAGG,0.187717289411412
GGAGCGAGAGATGCTCAGGAAGG,0.566311389759248
GAGGTCATGGACGATGCGGAAGG,0.342727272727273
TAGGATTGCCACCCTCACCAGGG,0.342100313479624
TTTACCTCATGAGGTGGCAAGGG,0.0818495297805643
CAACCTCCAGGAGTGGAAGCTGG,0.287481713689028
GGTGTTGACAACTGACAAGCAGG,0.165433646812539
GCTGAAGTTGGCTCAGCAGCAGG,0.231567398119122
CAATATCCAATCGGTGACCCAGG,0.429665621734169
CAAGCATTCTGTGCTTGGCCCGG,0.108751772169995
GGCTGATGGGATTGGCGAAGAGG,0.192257053291536
CATCCAGGAGATGCCGGAGAAGG,0.0218077324974295
TCACCGTGTCCTGGGCCCAGGGG,0.714033437826959
CACGCGGATGCCCGTGCAGAAGG,0.126390225670472
CATTAAATCTGAAGGTCCGGTGG,0.23096133751348
TCAGGACTTGGGCTGAGCGGCGG,0.54672936259185
TTCTTATCCGACCAGTACAGAGG,0.691003134796238
TTTGATGGGTCAAAGTCCGGCGG,0.528881922674608
CAGCCATTTCCACTCTCCGAGGG,0.552037617554859
CAGGGTAGTACAGAAACAGATGG,0.800815047021944
AATACTCACCCTGACCCGGCAGG,0.154399164053918
TCTCGGAATTATGGCGGCGGTGG,0.0523719958203135
CCTTCAGCTCGGTCTCGCCCTGG,0.355047021943574
TTCACTGCCAGTTCTCCGCGTGG,0.660992685475862
CGCCATTAATGCAGATGGAGTGG,0.0293730407523511
CCCTTCTAGGGCCAGTGGGATGG,0.220062695924765
GAGGGACGAGAATGTGAACGTGG,0.288432601880878
CCTAGGCAAAGCATATGAACGGG,0.174185418982948
ACTTTCAACACACCGTGGACAGG,0.0796238244514107
AAGGGCTTCGACTCTGACGGGGG,0.100595611285266
GGATGTGAAGGCCCAGAAGCTGG,0.157476955033105
CCTCTTTGGCCACCATGAGACGG,0.139013005189845
AGCCTCGGCCAACTTGCAAAAGG,0.110172879797995
ACTTTCCACCACCATTCAAGAGG,0.247335423197492
CAGTAACATTGCCTTCAACCTGG,0.130501567398119
CTGTGCTGGACAACTCGGCCTGG,0.476280041796865
GAAGTGACTCACCTCAGGAAGGG,0.13907570111461
CGTGGTACAGTTGGCTGGGCTGG,0.0142424242423824
CTACAGCCAAATGGATGAACTGG,0.195502033403011
GGCTTCCTCCTACAGCAGCGAGG,0.270271682341066
AGGGTCCAGTGTTCATGACCAGG,0.167497853674735
GCCAACTATGGCTGTGGAGAAGG,0.100982236154608
TTCCCTTAAGGCCAATGCAATGG,0.535329153605016
ATTCCAGAAGGCCCTGGAAAAGG,0.349007314524138
TTAAATGCTCACGAAGGGCATGG,0.314519797248779
AGTAGATGTAGACCTGAACCTGG,0.0553082549633856
GGCGGTAGAACGCCTCCCGAAGG,0.0288401253918495
CACCGGCAGTTGCATGGCAATGG,0.157079880842886
TTGCTACCAGCAAGCAAAGCTGG,0.122492629014296
TCCTACGGGAGGTCAACCAGCGG,0.324461859978683
TCTGTCGCGGATTGAAGAAGGGG,0.565820271682759
GGTCACCGACACCAGCAAGCTGG,0.178908511981945
AATCCGAGGCGCTGCGGGACGGG,0.119498432601881
TCATGCAACATACTTGGCCCAGG,0.258975966561755
GCTGTACGTCTCTGACCGAGAGG,0.446771159874608
GACGGAGGCAGAATTGGCAAAGG,0.125977011494671
AAGGTGATTGGGAAAGACGGTGG,0.0608254963426959
ACCGGGATAGGAGGACGGGCTGG,0.135951354197118
AGCCCATCCCTTGGCAGGCGGGG,0.612685475444514
ATCTTCCGAAGAGGGAGAGACGG,0.370512016718495
TCATACCTGTATTGAGGAGGTGG,0.112539184952978
GCCAGATGTACAAGGGAAGCTGG,0.00668756530825079
CGCGGGTTTAAGTGGACGCCAGG,0.0384639498432602
GCGAAGCATGCACTGCACCACGG,0.48730407523511
TAGCTTGACTGAGGACAGAAAGG,0.0520376175548589
CTCTGTGGGCCAGTGCCAACAGG,0.107644144165807
TGATCAGCTAGGAGGCAGACTGG,0.0848484848485267
TCTTGTCGCCTCCGACCGGGTGG,0.606572622779937
CCACCAGTACCTGATGAGGAGGG,0.428119122257053
TGCAGACTACTACAAAGGCGAGG,0.192544875618309
ACCGGATTGAGGGCTTGAAGCGG,0.163155694880251
ACTACCTTGTGATCTGGAGGTGG,0.0775862068965517
CACTGCGCATCTCGCAGAGCGGG,0.405820271682758
GATAGTCTTCCTTGTGCAGAAGG,0.12332857467787
ATGGAGACCTAATGGAGAAGAGG,0.26083594566395
GAAGCAGACAATGATCCAACAGG,0.0589132706373668
ATGCTCATGACCAATGGCACTGG,0.293019853709091
CGAGGCCTCCAGTGAGGAGGTGG,0.14480668756489
TCTTTGCGGATCATCCGGAATGG,0.230438871473354
ACTTCCAGAAAGCAACGGAGAGG,0.394921630094044
ATTCCGGAAGCGAGAAGAGAAGG,0.0753814002090282
GAAAGCTGCAGGCATGAACATGG,0.133145245558621
GAGTCCTGGACACAGGCAGAAGG,0.300616509927273
TCCAAAGCAAATGACCACCAAGG,0.39974921630094
GCTCTTCACAAGCGTCCCAGTGG,0.671650992685893
TGCTGCCTCAGTACAAGGAGAGG,0.171207362556616
GACTTCCAGGAGTCAGCCGCCGG,0.121964472309342
CGAGCACTATGGAGTAGCGCAGG,0.322842215256426
AATCTGCCCGCAGGACGGCATGG,0.582016718912853
TAGTCGAGATTCAACTGCACGGG,0.855611285266458
CACTATTGGGTTGGCCAAAGAGG,0.113255429432265
CATCGCAGCCCGCAGTCCACCGG,0.0169487983281505
GGACACCTCCAATCGGCCCACGG,0.468254963426959
GAGAGCATCTAAGATTGGAGAGG,0.20551724137931
GCCATCAATGACTGCAGCAAAGG,0.648526645768025
ACCATTTCCAGACCTTCACCAGG,0.628359456635737
ACAAAGGTTGGAACAGAACCTGG,0.344326018808777
TGAATCCAGAGTGCGACCCGTGG,0.0874712643677743
CACGTGCCCAACATTGCCACAGG,0.0252455590386207
CCGAGGCGTACTCCAGCAGGAGG,0.532549634273354
CCTTGGTGGAATGGTCAGGCAGG,0.739247648902821
CGGAAATTCAGAAGCCAGAGAGG,0.664430512016301
TGACCATGGGCAACTTCGCACGG,0.0102403343782696
GCAGACCGGCTGCTGGAACAGGG,0.250637408568025
CATCCTTCCGGACTTCAGCCTGG,0.00321839080460187
TTTCACAATCTCTGGCGAAGGGG,0.249316035493293
TTGCGAAGTTTGATGTAGCCAGG,0.172534426297431
CCATGCTAATTACCAGCCAGTGG,0.1717716258795
GCCCGTGAGGTCCATCCACCTGG,0.0609613375131034
TACCTCCCAGTGCAGAAGAGTGG,0.0625705329153605
GGGCCATGTCGACCAGGGACTGG,0.283730407523511
ATCGGCCCTGCTCCTTGGGACGG,0.265799373040752
GGTAACCTGGGAACTGGCGCTGG,0.448098223615047
CATCCACCGAGTCGGCCGGACGG,0.0730303030303448
CGATTCTCTCACTGAGCCGGGGG,0.531327063740439
CACTTTCTTTGATCGAGCCAAGG,0.235533381365393
AAGGGCGGTGATAGCTCCAGTGG,0.0959561128526646
ACAGGCTTTCGGGAGTGCAAGGG,0.511306165099686
CCTGCATGATGCTGTTGAGGCGG,0.156656217345455
ATCATTGGGCTTGCAGAAACTGG,0.0513688610240752
TGGTGCCTATCCTACAGAAAAGG,0.156306631104202
TTCAGGGCTCTTGGAAGCCAGGG,0.408390804598119
CTGCAGCCCGGGATGGCAAGGGG,0.222831765934796
TGTTTAGAAGGCAAGTCACCAGG,0.0898223615464577
GGACAGCTGCTGGTATCAACCGG,0.539864158830094
CGAGAGCGGCTTGGCCAAGCAGG,0.309895506792476
TCAGGTTGATGACCCGCAGCAGG,0.106954488993393
TTCTTCCTGGAGCGGAGCGCAGG,0.224190177638871
TGAGACACTCTACCAGAAGGCGG,0.195329153605016
CACGATGCCCGCCGTGAAGCTGG,0.106452921595274
AGGCAGCCTCCACATACCGAGGG,0.719017763845768
GGATGAGCGGCTGAAAGCCATGG,0.121755485893417
CTTCTTGGTGCTCAAAGCAAAGG,0.0251724137931034
GCCATCTGCGGCAGAAGGCAAGG,0.360647857889655
TGGAGACGGCCACTCCAGGCTGG,0.203908045977429
CAGGCCACGCAGAACAAGACAGG,0.0965830721003135
TGTGCAGATGTCCTGCCACCCGG,0.861065830721003
TCTGGAGGCGCTAACAGAGCTGG,0.37634273772163
GATGGGTCTGATGCTAGGAAAGG,0.637366771159875
CGTTGAGCATGGGCAGCCAGTGG,0.596583072100313
CCCTTAAGTAAGCTACAGCAAGG,0.352549634273354
AGTTTGGCCCAGCGGGCACAGGG,0.16892941062345
GCTTCAGCTTCAGGAAGACAGGG,0.552277951933542
GGAGGAGGAGAACATCCGCGTGG,0.352685475444514
AGGCAACAGAGAACAAGCGGTGG,0.616269592476489
AGACGTCGAACTCGGAGACCCGG,0.346185997909718
GACTCTCTTCGTGGCGAGAGTGG,0.0328317659351724
GAGCCAGATGTGCTGCCAAAAGG,0.14741425910834
CCCAGGGCTCATAATGGAGCAGG,0.132816557958873
CTGTAGAACAGGAAGCACCCAGG,0.136087195367525
GCTGTACGTGCTGGTGGGCGTGG,0.0543573667711599
TGATCGACCAGCAACAGGGACGG,0.243333333332915
ATTCAGACTGGAGATCCAACAGG,0.149979101357994
AGGAGATCAGCTCCAACCGCCGG,0.185757575757994
TGTTCTTGTCGCCTCCGACCGGG,0.644315569488401
TCCAATGGACAACACTAGGGTGG,0.402298850574295
ACACCAAGCTCTCATCAACCAGG,0.131807732497806
TTTCTCATGGACTCTGCAACAGG,0.0104388714733543
CACCGCATGAATCATTGGGATGG,0.591609195401881
AGACAGAGCAACTGTAGAACAGG,0.186509926855172
TGAAGAAGCCTCACTAGAGCAGG,0.0442215256008777
CTTGAACTGCGCTGGCAACGTGG,0.117905377185707
GCACCAGCGGCAGCTGAAGGAGG,0.24480668756489
GAAGCAGATCTCCTCGGAGAAGG,0.136750261232602
CAGAGATAAGATGCCACCAGTGG,0.135366192232729
TCACCAACACTCCCGCCAAAGGG,0.133683851584829
CCAGGCTGTCATGGCTGCCCAGG,0.14149994353881
TTATCGAGGGCCGGGTAACCCGG,0.117529201637118
ATTCACAGTGTGCTCACCCATGG,0.282330198536677
CGCTCTCCCAGTCTCCGCAAGGG,0.271379310344828
TTCTGAATCCCATGCTGGGCAGG,0.158056426332288
ACCCGTTCCCAGAGACGCCGAGG,0.634608150470219
TTTCGGTCATGCTGAGCACACGG,0.127048532880503
CTGCTGAAGGTATCCAGCCGGGG,0.243719958203135
AGACTCATGGCGAGGTGGAGCGG,0.549278996865204
TGTGAGTGATGAGGAAGGACAGG,0.0297283176593103
TTAAGTGTGGTAGCACCCGCTGG,0.0324451410658307
CTACATCCACAGAAACAAGGTGG,0.116081504702194
AGAGGAGTCCACACCACACAGGG,0.135882967607524
GGCAAGGATAGTTACTGACCGGG,0.646018808777429
TCCAGGGTCCTGTCATGCCAGGG,0.41801462904953
AGAACATTCGCAAGCTCACCGGG,0.00400208986416304
GAGGGTGCCGGTATCGGAAGCGG,0.169535471229594
CAATAGGCCGCTGGCCCAACAGG,0.149086150435362
TCTCCTACATCATGTGAGCCAGG,0.0061128526645768
CTGCTGGGCTGTGATGCCACTGG,0.160104493207523
TCCACCCTGAAGGACAAGCGCGG,0.477513061651411
ACTCCACCGCATGTAGCAGCTGG,0.0557471264367398
AACGTCCCAGCAGGCAACACAGG,0.0836363636363637
CGAGATGAGCCGCACAGGCGAGG,0.187366771159875
CTGTGTGCAGAAAGGTCCGGAGG,0.341065830721003
GCTGGCAGCCATGGCGGAGATGG,0.0947230929989969
GAGGTATCATAATTCCCAGGTGG,0.489832810867712
GACCCGGAGCTGAGAAGACACGG,0.629467084639498
CCCACTGCAGTAACTGAGCATGG,0.160392315534672
GGGATGGAGATGGCTCACGAAGG,0.800282131661442
CTGGACTGCAACCGGGAAAGGGG,0.415684430511599
TCTCTTACTCTCTCCTCCGATGG,0.629843260188088
AATGAGCTACAAAGCTGCCGCGG,0.173301985370533
TGGAGCTAGCGCAGGAAGCGCGG,0.145940904876365
ACGAGGTGCCGCATGGAGCAGGG,0.249895506792476
TGATCAAGGAGATGTTCACGTGG,0.580762800417555
CCAGGTCAATCCCTGTGCCAGGG,0.171347962382445
TCTGGCTTTGTGGCTGACAGAGG,0.152691166109343
TCAAAGAGCCCGGGAAACACTGG,0.229905956112853
ACGTGTTGCAGGAGAAGCGGTGG,0.0639916405433229
CGCTGGAGCAGCTATGGCGGCGG,0.207283176593103
AGAAGCGGAGGCTCTTAGAACGG,0.0845454545454545
TTCCCACCTGTCTCCTCGACAGG,0.133756996830346
CATCAACAAGAAGAGGGACATGG,0.0227168234065204
TACTTCTCCAGCTCAGCAACAGG,0.110407523510972
GACACTGAGGTAAATCAAGCAGG,0.0924242424242006
ATGAACAAGCTCCCGCACCATGG,0.486583072100313
ACTGCTACTGCGAGATGGGCTGG,0.228772670811161
CAGACCACGCCAAGAGCACCTGG,0.284660397074608
TCTGCCGTTTCACCAGGGAGGGG,0.0494879832811285
CATCCATGGAGGGCGTGCGCTGG,0.133092998955486
GCAGTCCAAGTACATCGGCACGG,0.4141065830721
CCCAAAGTGCAGACAAAGGCTGG,0.205412748171787
CTTGGTGCCCGCCTCTGGAAGGG,0.0293312434692163
CTCGTCAGCAACTGCGGCGGCGG,0.146311389759248
CCCGTTGCAGGAGCACAGGAGGG,0.529258098223197
TCACAGGACTAGCAGTGAGCAGG,0.149759665621317
CCAGCAATGACCAATGAAGCTGG,0.458244514106583
TGCGGGAACCACCACAGCCGCGG,0.234754440961755
TCATGGGAGGACATGAAGAAGGG,0.0624973876698433
CAACCACATTGTGGAGAAACGGG,0.136912691710221
ACTGATTCACAACCTCCAAGAGG,0.424336468129154
CCCTCACAATGTCGTCAACCCGG,0.174555903865831
TGTAGACTTCAACAGTGAGGAGG,0.452936259143574
AGATGGCTCCGATGAAGAGAAGG,0.0926436781608777
CCAGTACATCCCAACTGAGCTGG,0.0684848484848903
TTTGTATTGGACCAGGAGCCGGG,0.11869952556602
TCTGGCAGATGTGCTCAAGGTGG,0.561567398119122
GGTGGTCCAGGAAGATGCGGAGG,0.488045977011912
TTGCCCTGGGAAGTATCGAGGGG,0.616666666667085
TATCTCGGCTGCAAGTGGCCAGG,0.139754906966271
CACCAGTATGTGTTCTGACATGG,0.0597701149425705
TGTGGACTTTGAGGAAGAAGAGG,0.169869849494923
AGCGAAGGTGGGTGAACCAGAGG,0.203851040717494
AGATATCACACAGAGTGCGCAGG,0.354576802507837
CTGATTCACCTGAAGTGACATGG,0.148996865203762
AGATATTCCCTCCCACAACCGGG,0.120444562138685
TCTGAGAAGCAGAATGCAGAAGG,0.0171055381400627
TGAGCATCGCAGGCAGCCGGGGG,0.432424242423824
TAACACCAGAAACTCCAGGAAGG,0.198693834900313
CGTTACGGGCGGTACGGAGGAGG,0.253918495297806
GCCAGAAATGGGCTCCAACGTGG,0.156029258097806
ACTGTCCTGTTCCGAGCAGCAGG,0.119462325983951
CAAAGGCTTAGGGATGACCCTGG,0.17917450365768
GCCAAGCAATATGCGGGAACTGG,0.0286206896551724
TGCTGCAGGATGCTGCACAAGGG,0.0682340647858307
CATCTTGTCGTCTTTGGACAAGG,0.112503078335086
CCCGCTATGGTGACATCCGGCGG,0.243416927899686
CCCTGGCACAGGGATTGACCTGG,0.0397701149425706
ACCTGTTATCGTCTTCCCGAAGG,0.633834900731034
TGTCCCACAGGAGTCTGAGGGGG,0.325308254963009
GCCCATCGGATGCTGGCCACAGG,0.181974921630094
TTCCATCGAAGCGGTCCAACAGG,0.274551145211161
TGTGAACCATGCCAGAAGACTGG,0.0330616509927273
TTGGCTTGCAGGATTTACCAAGG,0.519393939394357
GCGCAGCTTGCGCGTCACAGAGG,0.051494252873605
CTAACACAGAAGGAAACCAGTGG,0.182486938348589
AGAGCCCGAGTACATGGAGGAGG,0.128275862068965
GAGTCAGGAATCTTGTGAACAGG,0.00144200626959244
CACAGATTGACGCACAGCGGAGG,0.208390804598119
GAGATCATCTTTACCGGGCCCGG,0.0329989550679624
ATATTGCCCACAGGGAGACCAGG,0.274890282131661
TGTGGAGAGCTACACCAAGCTGG,0.00663531870428839
TCTTGGATCTCTCCAACCACAGG,0.215444096134169
AGACACGGTCTTCTCGAGAATGG,0.591515151514734
CCGGGCAGTGTCTCTGACCCTGG,0.664409613375549
TTATCACTTGGCGAAGGAGACGG,0.435527690699686
CATCTACCTCTACCTCACGAAGG,0.681682340648276
GGATCTTGTTGGTGTCGGACGGG,0.749582027168652
TGGCCTGGTGTCGCATGGCCTGG,0.12050725806345
TCAGTCCGTGCATGGCAGACTGG,0.311217811876992
GCAATTTGTCTGCGCCCACACGG,0.104028679171036
TGAGAGTCCAGTGACTCGGCAGG,0.136436781608777
TGGCTTCCTGACCACCGCCCAGG,0.651347962382445
TGTTAACAGGTGCAAGGGAAAGG,0.123584117032351
CGCCTTTCCTTAGAGAGAGCTGG,0.120073145245517
TAATCGAGCCCAGCACCAGCTGG,0.131604436746835
CTCTCCGCTCACAGCTCCGCCGG,0.127711598746081
TTGTGTTCAGGTCGTTGAAGAGG,0.0856112852664577
CCGGCGGCTTCTCATGAGCCGGG,0.132842215256426
GAACTGTGCAAACTTCAACCTGG,0.159786254928654
TGGAGATGAACGGCCGACACAGG,0.360261233019436
GGATGTGCTCACCTAGCCGCCGG,0.583469174504075
GGCTGGCCAGTGGGTAGAACAGG,0.304655638418685
TTTCTGACAGCTGGCGACCAAGG,0.229947753395611
CTCACTGAACATCACGCAGAAGG,0.0398850574712226
GCGTAGGTTGAAGGGCCGCGGGG,0.637115987460815
CAATGCCATTAGCGATACGAGGG,0.077095088819185
TCAGATGGCTCTGAAGCGAGTGG,0.264169278996865
TACTGCAATGCTGGTGGAGGAGG,0.194284221526019
ACCTCGCCCAGATAGCGCGCCGG,0.269958202717241
TCCTCGATTCTTTGCAGAAGAGG,0.232576223581067
GACCCGCCTCTATCTCAACCTGG,0.458474399163636
TCAGCCATGCCTCTGGAAGAAGG,0.641880877742947
CATGGCAGAGCTGTTTGCGGTGG,0.728965517241379
TGACGATGAGTATGAGGACGAGG,0.165543830686146
GACGGGAGGATCGGCAGCACAGG,0.253286777394234
AGGGTTGCCATCGCGCACCAAGG,0.026551724137931
GCCAGAGCTCTTCCCGGCACCGG,0.834723092999373
GGGAGGAGAGATTGTGGCGCAGG,0.269671312399876
TGTTGCGGCAGCTGCGGCACTGG,0.391034482758621
TACCTGGTACTGGGACAGGGCGG,0.0885579937304075
TTGAATGGCCAGCTCTCGAGTGG,0.257732497388088
CCAAGACCATGGCGAAAGCCGGG,0.109817602890998
ATGGGATTCTCTGTCTCACACGG,0.552351097178683
AGCCTCTGCGGAGGTCCCAGCGG,0.111552190142823
GGAGCTTACTGCGGAGGGCGAGG,0.0547962382445141
CAGCGGTGCAGTCCCGCCAAAGG,0.255339602925392
GCCCATAACCTACCTTCACCAGG,0.397481713689028
GCGTTCGGCCTTGGTGAGGGTGG,0.0355590386624451
TAGGGAAGCTGGAGTCGAAATGG,0.252691166108967
AGGGCCATGGCGGAGGAGCAGGG,0.521943573667712
GACACAGTACGACATCCACCTGG,0.386812957157367
TCCGGATGGTATCGAGCAACTGG,0.115439337478246
TTAGGTCATAGCGTCTCACGCGG,0.226280041796865
CACCAGCACGCTGAGCAGGCTGG,0.251138975966144
TCCTGTCTCTTGCCAACAAGAGG,0.120094043887147
GGCCGGAGTGAAGGGCAACGTGG,0.645715778473981
AAAGAGGCTGCAGCGAGGAAAGG,0.030198537095047
CCAGAACCGGGAGCAGCAGGTGG,0.374639498432602
CTTTACAGGTATGGCCAAACTGG,0.0193312434692163
ATTTGCCCAGGTGGTCGAAATGG,0.308103914280754
GCCCGGTCCCACGAATCACCAGG,0.0500104493207524
AAGCTGACATTGTGTTGCGCCGG,0.0614420062695925
CATCAAGAAATCGCCAGGAAAGG,0.042236154649906
TTTCTTGTAGCTTGGAGGGACGG,0.123861490038372
CAGGACTCATGTTCAACACGGGG,0.144535005225078
GCTGCACACCTACTTGGCCGGGG,0.768098223615047
GCAGATGGCAGGACATGGGCTGG,0.263239289445768
GAGCACTAGACTAAAGGAGGAGG,0.284733542319749
GCTGAGCTTTCTCCCGAAGCAGG,0.141280507802133
GCAAACCTGGCACTCTGCGGTGG,0.285214211075862
CACGCGGTGGTCGTAGACGAAGG,0.0250156739811912
ACACGTGGTCATCGCCACGCCGG,0.124388714733542
CAAAGTAATCTCTATCCCGGGGG,0.326489028213166
GGCCATTGTATACAACAAGGTGG,0.312163009404389
CATCTTAACAGCCTCCACGCTGG,0.0542633228840125
GCAGGCGCAGCCCTCCAAGAAGG,0.0223615464994357
AGAGACGACGACGAAGAAGCAGG,0.0064576802507837
GCTATTGACAGAGGAACAAGGGG,0.704221525601254
TTCTCCTGAGGTATCTAGCAAGG,0.0578056426332289
CACGCCTTCTTAACCTGGGCAGG,0.22141065830721
AGAGATGGAGGTGGAGCGCCTGG,0.02280041797279
GCCCAGCTACCTGGACCGCACGG,0.0811598746081505
TAATCATGAGATCCTGCGGGAGG,0.20776384535047
ACCTGGAAACAGATAGGAGGAGG,0.623636363636364
GGAGAAACCAATGCCAACACAGG,0.0685579937304075
GGGCCTCCATCAGAGAGCCCTGG,0.273155694880251
GAAGCTGGTTATGGCTGACAAGG,0.140721003134796
CCCAGAGCAAATTCAGAAGCAGG,0.131834321804265
CACTCACCTCCACATTACACTGG,0.288955067921003
CCAGCGGCTGGTAAGGAGCCAGG,0.266149891292666
AGGTTCTCCAGCTTCTCCCATGG,0.215287356322257
TCTGGCGGGCGATATTGGCAAGG,0.350658307210031
GATATATGTGCGGGAAAGGCAGG,0.14481713688652
GGATCTTGAGGGACACAGCCTGG,0.155627425252541
CTTGCGTTGTGAGATCCCAGAGG,0.574294670846395
TCGGCCGAGTCGGTATCCAAAGG,0.252006269592477
TCTTTGTGCACTGTGTCACCAGG,0.246411124312102
CTCAGGAAGGCGGTCTGAAATGG,0.113871939359124
CAACGGTGCCAACGTCCGGCAGG,0.376154649947335
ATGCATCGGATTGGGAGAGCTGG,0.129901197457306
CATGGCAGTGACCATGGACCTGG,0.108202716823448
GATCCTGGACGAGACGCAGGAGG,0.57646812957116
CCAGAAGGACGTGGTGCACCTGG,0.119508881922633
TAATCTGTAGGAGCGTAGAGTGG,0.258965517241379
TAGGGCAGGGAGGCGTACAGAGG,0.687230929989969
CTGCCCGAATGTTGTTGCACAGG,0.181818181818182
AATCCCTGCACGATTCCCAGCGG,0.401745036573041
TTCAGGGAAGATGGGAGGCGAGG,0.0824137931034483
TGCCAACTTTGTGGAAGCCATGG,0.0484326018808778
TCACTACCAGTCACCAAACATGG,0.149278996865204
TAGGGACTACCACTAGGAACAGG,0.0114524555903824
CCACGTTGCTACAGATGAAAGGG,0.172858355242133
CCGAGCGTTCCACTTTGACAAGG,0.297805642633229
TGCATCACAGCAGATCCAAAAGG,0.141113318669469
CTTCTTAATAAGCACAGGGCTGG,0.185052712608904
TATGGGCGCATACTCGGGACTGG,0.0907001044931662
CCTGGCTATCCCAACCAGGAGGG,0.122267502612288
ATTCCTCTGGGTCAATCGGAAGG,0.407147335423197
TCTCTTGTTTCAGTGCACGAAGG,0.223145245558621
CTTAGAACGGCTGCCTGAGCTGG,0.151782075200252
AAAGTGCTGCAGCATAGCCAGGG,0.0271473354231975
GATTGTCTTCAGAAAGCGCAAGG,0.0211180773250157
AGGGTGATGGCTCTTGCCACAGG,0.0401044932078997
GCAAAGCTTTCAGAATGGCCGGG,0.548986415883386
GACAGGTCGCGAAGCACACATGG,0.137074190178056
GAGTTCCCAATGCTCAGGACCGG,0.794743991640125
TCCTCACTGCCCGCCGAGCAGGG,0.0629362591431975
TGTGTTTGTCGGGTCTCGCCTGG,0.0419017763845768
TGCTGCGGCATGACTGGAGGGGG,0.0456739811912226
TATTCCACCCAGTCTTACACTGG,0.656624869383072
GATGGGTTGCGCCGTGGGCATGG,0.30328108672978
TCAACAAGTTCAGGTGGGAGAGG,0.0957784743991222
CAGAACCGAGGCCTCAGGCCAGG,0.192513527655926
CATATTGGACCAGGAGCCGAAGG,0.187993730407523
TACGAGAGCTTCCTCAGGACCGG,0.30506792058558
TCGCGGTCCGGACTTTGGGCGGG,0.145475444096552
TTCTTCACGTGAACAGGAGCTGG,0.0259665621734169
ACCTTGTGGAAATGCTGCACGGG,0.273709508881505
AGATGGAGTTGAATGAGCACAGG,0.555454545454546
ATGAGCGGCGGCGTGTACGGGGG,0.418746081504702
GATTGGGCTCTCCTGGGCCATGG,0.124858934169279
CACGTGGGAATGCTTAACAGGGG,0.772016718912853
TGGTACTTCAGTCCTCACGGGGG,0.317419017764263
CGTTGATCTGCTGCCGCACAAGG,0.106306631104165
TTCAAATGGTCCAATGGCCAAGG,0.168709974886773
TTCAAGCACTCACCTGACCCAGG,0.563281086729781
TCACAGGGTTCAGAGGAAGAAGG,0.138877164019563
TCAACCTGGGAAACAGGAGGCGG,0.122252294635989
GGGTCAATCTTAGGAGGCAATGG,0.527481713689028
AGGAGGTGCTGGCGGACAAGCGG,0.46115987460815
AAAGAAAGCCCGAGTAGCCCAGG,0.368390804598119
GGTGGCTTACTGATGGGAGGAGG,0.222810867294044
ACTGCAATTCCAGTCCACGATGG,0.602884012539185
ACCTGTCCAGCCTTCGACACTGG,0.48801462904953
CATGAGGTGGAGACAGCCCAAGG,0.592643678160502
TGGCCAGTTCGTCTTTGCCCGGG,0.221462904911599
CTAGTAGCACTTAAGTCCACCGG,0.0978996865203762
AAATGTAGCCAGTCCAAGCAGGG,0.233615464994357
CACTGAAACCGAGGAGAGCCTGG,0.139817602891036
GCAACCAAGAGGAAACGGCGTGG,0.275015673981191
CTGCCAACGATGCCACCGCCTGG,0.10868907624523
CTTGGACGCGGTCACAAACATGG,0.133422618565017
AGGGCGTTACATGCGAGAACAGG,0.116202137896177
TAGAACACAACCACCAGGGCTGG,0.640219435736677
ACGTGGACACCAGCCTCCCACGG,0.69954022988464
CTGCAGCACACACATGCCGAAGG,0.686812957157367
CAACGAGCTCAAAGAGGAGCAGG,0.10972831765931
CAGTGGTGACCATCATCAAGGGG,0.68494252873605
CAGCCAGGATCTGATCGGCCAGG,0.15025078369906
TACACAGTGCCCAACAAGAAGGG,0.129650413758246
CCCGGAGCCTCCAATGGCAAAGG,0.25096133751348
GATCTCCATATCGAGAAGCAAGG,0.822319749216301
TGACACTTGGACAGAAACACTGG,0.0997283176593103
GAGAAGCTCGCTTTCCGGACTGG,0.395747126436364
TCTCAGAGTCTGGCATGACAAGG,0.269028213166144
GACGGAGGCGATGGAGCCAGTGG,0.105256008359498
CTCTGACTCCCGTCCTGCGATGG,0.0456635318704702
CAGTTCCAAGAACCCAGAGGAGG,0.268171368861442
GGACAGCTGACGAGGCCACGCGG,0.228098223615047
TCAAGATGTCTTGGCCACCCTGG,0.0758829676071473
ATTCACCATCTAGAGTGAGCAGG,0.356656217345454
CGAGTCCCTCCTCAAGGCCCCGG,0.489508881922257
ATAGACTGGCCAGGTACAGAAGG,0.0685997910135423
AGGCCGGGCAGCTTGTCCAGGGG,0.504461859978683
TTCTAGTGCTGCTCTGAAAGTGG,0.111040173423914
GGACATCAAACTGGACAGCGAGG,0.201922675025705
TGAGTAGCCGGGCACCGAAAGGG,0.321128526645768
TCTTGTTGACTACTGGCAGGTGG,0.328411703238871
AGTCTCTACTCAGCACCGACCGG,0.159984792023701
CGCTTCCTCCCAGGCACCACTGG,0.0930303030303448
CCAAGAACATGCCCTGGCGGCGG,0.32223615464953
CTTGCTAGCGTAAACAGAGGTGG,0.214660397074608
ATCGCCGCCGAGGACTAGGGAGG,0.0367502612329781
CATCGCAGGCTTGGCTGAGCTGG,0.162189598711224
TGAGTAATGGCACGTGGGCCAGG,0.161593987425958
GCGCATGTGGTTGCGGAGGGAGG,0.0634378265413166
AGGACTCCTGGACCGAGACCGGG,0.106248693834859
GATTGTGTGCCACAATCGAGTGG,0.219759665621317
GCAGCTAAATATTGCCCACAGGG,0.414754440961755
AATTCCATGATCCCGACACACGG,0.362528735632602
GAACAGCGGCTCACAGGAAGAGG,0.145161964472727
ACACCACCTCCTGTTGAACCAGG,0.015987460815047
AAGCCCTGAGTTGAGGCAAAAGG,0.155502033403011
TGACTAGGCTCCGGACAACCTGG,0.288045977011912
GGTCCCACCTGTGGTGAGGCGGG,0.65518286311348
TTCAGCACCTCATTTGGAGCAGG,0.178532336433356
GCAGCGGGCACAGGAGGAACAGG,0.0343364681295298
GCTAGTCTTTGTTGCTGAGGAGG,0.148631138975549
CTGTTCAGAGTTCCACGGGCTGG,0.253103448275862
GACCATCTCGATCCAGCCCGTGG,0.0540543364680878
AACAGTAGTCTCTGCTCCGGCGG,0.391462904911599
GACAATGCGCCCATCCAGAAAGG,0.16743515774997
CCATGGAGTACCAGATGAAATGG,0.136379776349719
TAAAGCTAAAGCCAAGGAGCTGG,0.470616509927273
CAGTGCTATAAAGCCCAACAAGG,0.0715256008359875
CCGACGCCCAGATCCTCACCAGG,0.303166144200627
GACTACCGCCGCAACCACAAGGG,0.277324973877116
CTCACGAAGCGGGAAAGCCGTGG,0.150731452455172
CGATCAGCGGAAGACCAAAGAGG,0.0324555903865831
AGAAGCTTTGGAAGAGGGCGGGG,0.00909090909090909
TGGCCAGCAAGACCGCGAGGAGG,0.319477533959874
GATTCACAACCTCCAAGAGGTGG,0.247126436781191
TTGCCCTGCTTGTAGAGAGAAGG,0.36294670846395
GAGTACTATTCGGCCAGCAACGG,0.132048066875235
GAATACAAGGTCATCAGCACAGG,0.0791954022988088
TGGACTCTTAGACTTCCCAGTGG,0.125109717868339
AGAGGCCCGAGGGCATGCACCGG,0.138798328109091
TACGTGCCCTTGCTCCACAAAGG,0.68044932079373
TCAGTTCCTGGAGTTACAGAAGG,0.506154649947335
ATTCTGCTGCTTGAGCGGGCCGG,0.331368861024451
GAAGAGTCGCAGCTTGCGGAAGG,0.481682340648276
ACGGAAGAGGATGGCCGCGGCGG,0.033364681295674
ATTGCTGCAGTCCATTGGCCAGG,0.102983747091622
CTATTCCTATGACCTGGAAGTGG,0.295956112852664
TTCGTATGGCGGCTCAGCGATGG,0.28468129571536
CGTTTGGAGGGTCACAAAGAAGG,0.152764311354986
CATCCGTGACCTCCTTGCGCCGG,0.61692789968652
CCCACTCCAAATGTACAGGCGGG,0.502612330198119
GGGTACGCTCATAGGGCGGCGGG,0.144503657262696
TTTCCAGAATCTGCCAGAACTGG,0.190068386590096
ACATCTGAAGGTAACAGCACTGG,0.143866248693417
CCACCCTGTTGTACATCCACTGG,0.291912225705329
AGGCGGCAAAGGCGACGGAATGG,0.0392894461859561
AAGTGCGCCTCCAGGTCAGAGGG,0.188908511981945
GAACAGGTGGAAGCAGCGACTGG,0.211055381400627
TATAGGCTCTGGAAAGAAGCTGG,0.197701149425705
CTGCGGCGCAATGAGCAGAACGG,0.2719958202721
CTCAGGAAGCTCAGCAAGACTGG,0.182764311354986
TGCATACAACAGCGTGCAGATGG,0.120935680215926
TTGATGGGAAGGATTTCCGATGG,0.378025078369906
GGAGGGCGATTCAAATGAGGTGG,0.426551724137931
GCCCACCTTGGATTGGCCAGTGG,0.148056426332288
CACTGCTGTTAGATGTCACAGGG,0.0854022988505329
AGTGCTTCTGCCCTCTGCGCTGG,0.0422152560084013
TACGTCACGCCTCCTGGCACAGG,0.696091954022571
TGGCGCTGTACTTGAGGAGGGGG,0.0237408568442633
CGGTAGTCCACAATGTGGCAGGG,0.774242424242006
TTCCATGATGGGAAGTGACATGG,0.112633228840125
CTTGCAAAGACCAACCCAGCTGG,0.0383803552768652
GCTCTCCATTCTCCAAGAGAGGG,0.744211076279624
TTTGGCTCTTCATCCTCCACTGG,0.0201567398119122
ACAGTATCAGTGGCTGGAAAAGG,0.0227168234065204
CTCCGTGATATGCACCACCCGGG,0.200888192267085
CTGTGAAGGTGTGGGACCCAAGG,0.35955067920627
GAATGTATTTCGAGGCCCAATGG,0.21589910759323
CCGAACTTGGTGTCTGCAAGGGG,0.0652873563218809
TCCGCGCGGCGAAGCCAAAGAGG,0.253416927899686
TTACCTGGAAACTGGAAAGCAGG,0.347241379310345
CCCTTGCCCAGAGCGGGACAAGG,0.0574712643677743
CGTGGGATGTGCTGTAGAGCTGG,0.254754440961755
GATCTCCACGTGGGAGCCCGAGG,0.170679205852038
GCTCAACAGCACTCAGAGGGTGG,0.229446185997492
ATTTGAGGGCTGCTGTAAGCTGG,0.12269592476489
TTGCATCAAATTGAGGGCACTGG,0.240313479623824
TGCTTTCCGGGAGAAAGCAAAGG,0.611097178683386
TGGAGTATGTGGCAGAACAATGG,0.392560083594984
AATCCCGCTGCATTTCAAAGCGG,0.0192789968652038
GGATCTGTGGGAGCAACAAGAGG,0.284085684430094
CCAAGTCCAGATCCGCACGAAGG,0.349728317658934
CGCGGTAACTGTGACTAGCCTGG,0.240016139986083
CTCCCTTTCCGCCTGCAGGGAGG,0.0203866248693417
TTACCAGCAGCTCCTCGGGCCGG,0.229446185997492
TCACCTGTTTGAGGGCCAAATGG,0.170872984291162
GGTGTCTGGCTGGTCGGGAGTGG,0.104587251828589
TCCAAGGTGACGTGCGGCCGAGG,0.0516405433646395
CTGAGAAGGACAGGTAAAGGTGG,0.0338453500522884
GACGTGAACGATCAAGAGAGAGG,0.0728631138975549
GAACACCGTGAGCACCGGCCTGG,0.20128526645768
TGTGACTCGAAGTTGGAAAGTGG,0.453061650993103
CGCCAGCACTCACTGTCGGATGG,0.0149320794147962
CCTGACATTGGTGTCCACGCCGG,0.39339602925768
TTCCTAAGGGTGTATTCCACTGG,0.343155694880251
GGACCAGCGAGAAGAAGAACTGG,0.170062695924765
ACCTCTTCATGAGCCCAGCCTGG,0.115805063706083
CCATAGATGCTGTGGGCCACTGG,0.225841170323511
CAGTATGGACAGAATGAGGAGGG,0.69762800417931
TGGCCCTCGGAGAGTGGAAATGG,0.230752351097179
GGGCAGCTTGCTCTGAGAGCAGG,0.140402764855425
CCCGCTTGGGCCCAATACCCCGG,0.121891327063699
CCAGGTTGTAGATGCCAGCGGGG,0.446509926855172
ATACAGAAGACCCGTGACAGTGG,0.0802089864159247
CAGCGATGTGGATCTTCAGGTGG,0.307048532880127
CCATGACTACATTCTTAGCCAGG,0.000668756530825075
TGGGCAGGCTTGTGAAGCCCAGG,0.761097178683385
CCCGCAGCCGCTTCTTCAGCCGG,0.0724660397074608
TACACCATAACGCTCCAGGAGGG,0.677230929989969
TGGAACTGCCCAAATTGGAGAGG,0.135276907000627
ATCGTGGCTGTGAGGACGACCGG,0.620773249739185
TGACACCAGAAGACCTCCAGAGG,0.314639498432602
CAGTGAACTGTTGGCCACAGGGG,0.378234064786207
TTCTTCATACCCGCCCAGGATGG,0.189958202717241
TCAATGACGTGCTGCACCACTGG,0.151123767990221
CCTCGAGGTCCAGTTGGAAATGG,0.183527111772917
GGATGCTCTTCTGCAGCAGCTGG,0.168443051201254
TGTTAAAGAAGCCCTGGAGGTGG,0.209817602891036
TGGCTATTGGATCTTCCCGGGGG,0.658087774294671
TCAGGATGAAGTTGAACCCAGGG,0.227722048066458
GCCTGCTCTCTAGCTTGGAGAGG,0.133061650993103
GATGAGAATGTTCTGGCCACTGG,0.210929989551097
CCTGCCATCTTTGTAGCAACAGG,0.155313945628716
ATCACTGTGGAGCTCTGCCCTGG,0.601891327063323
TCGAACATCTGGTCCAGCGAGGG,0.808296760710972
TGCCCGGTGAACACCACACAGGG,0.755548589341693
GAAAGCGGTCCGACGCCGAGGGG,0.559132706373668
GGCTGATGTGACGGACCCGCAGG,0.455841170323511
AGAATGAAGCCTCCATGGCGGGG,0.0772831765934796
AACACATTAGGAGCCAAGCCTGG,0.121719379275488
GAAAGGGCACAGTTTCGAGGTGG,0.642016718912853
AGAGGAACTCACCCGAAGGGAGG,0.405872518285894
TTGGTTGGCAGCAAGCGGCACGG,0.498923719958621
TGGCAATGTCTGACTTGAGCGGG,0.305402298850157
GGAGTCCGAATCGGAAAGCGGGG,0.257435157750346
TGCTTTCAAATGATCTGCCCAGG,0.428317659351724
GATGTCTGGCACCTTACCGAAGG,0.584336468129153
AGAATGGATGCTAAGCGAGGAGG,0.181954022988088
TATATCCTGGAATTACGGCCAGG,0.454587251828213
CCAGGTTGCTGAGGGAGGACAGG,0.299832810867712
CGACGTCCTTCCCAAAGCGCAGG,0.350929989551097
CAGCTGTCCGCAGCAGGAGAGGG,0.428213166144201
AGTTGCTAACAGGATGGACCAGG,0.462894461859561
GCAGCTCCGTGTGGTTGCGCAGG,0.314388714733542
CTGAAAGAACCAGAGGCAGCAGG,0.046353187042884
GCCATGACCCTCACTCCGGGAGG,0.141577847439498
CGCGGCCGGTTACCTAAGGAGGG,0.502748171369279
CTTGGCTCGACACTGCCAGCTGG,0.153109138941193
GAGATACGTGCAGCTCAAGCAGG,0.0559979101357994
GGCATTAATAGCTGCTCAGCTGG,0.217205272692415
CCTGGAGAAGCGACGCAGAGTGG,0.150804597701567
CCAAGAGCTGACGGACCACATGG,0.0212016718912852
TATCTGACAGAGGCTTGAAGCGG,0.0705851619645141
CATACTCTAATCCAGCCAGGCGG,0.084858934169279
CAGATGTCCTCAGGTAGAAGAGG,0.11027168234069
AGATCTAGAGAATGCCACAGAGG,0.420355276906583
CAGCACCTTCATTCTTCCACAGG,0.455360501567398
GCAAGGCCTCTTCTGGAAGCTGG,0.0135632183908464
AGCTTGGATTTCACAGGAGCCGG,0.244190177638871
TCTCCTTTGAGGAGTTCGAACGG,0.144952978056426
TCCTCAGCAGTAAGCTCAGCCGG,0.671974921630094
ACTGATTGAGCTTGATGGGCAGG,0.292058516196865
CATGCACTGCACCACGGGCGTGG,0.404289912190472
TGTCACGCTGCGGAGCCAACGGG,0.0434064785789342
CTCACTTGAACTCCGAGGAGTGG,0.213124346917868
GAAGCGAATGTCTGTGACGGAGG,0.58929989550721
GCGGTTTAGACGGGTTGCAAAGG,0.461515151514733
CGACAGCAGTGGTGAGGAGGAGG,0.145653082549216
CTACCCACTCGTCCAGCCGCCGG,0.669989550679624
ACCACACCTCCTCAGGCCGGAGG,0.303333333332915
CTTGGTCAGAGTTGTGGCAAGGG,0.798547544410031
CAGACTTTGTTACTTAGGCCTGG,0.259462325983575
CACCAGCTGCTTCCTCCACATGG,0.122085105503324
GGTCCTCCTCAGGAGACAGCAGG,0.52398119122257
AGTGGTACAAGCCCTGCAGGAGG,0.631703239289028
TAACTGTGCTCTCTCAGACAAGG,0.189723559003889
CCTCCTCCGAGAGGATGGCCTGG,0.230052769281427
CTGGCACATACTCACTAACCCGG,0.0897701149425705
CTGGATTGGGCTTATCGAAGTGG,0.500010449320376
TCGCAGCTGCAAAGGGCCCGCGG,0.211964472309718
CATGTTCCACCACTTCCAGAGGG,0.383542319749216
TAGAGAATGTGACACGGACAAGG,0.509947753395611
CTTCCTCCTGTAGGGCGAGGAGG,0.13023557572276
CCAAGCGGCTCGGAGCAGCATGG,0.0715151515151097
ACACAGTCACGGGACAAAGCTGG,0.0914838035527273
TATATGGGCCAGGAACCAACAGG,0.105721469139688
CCGCACGCTTCTTGCCAGAGGGG,0.150198537094671
ACGACAAGTACTGGGACCAGCGG,0.321974921630094
CCGATCCAATGATCCACAGATGG,0.246259143156113
GCACGTGGGAATGCTTAACAGGG,0.455350052247022
AGGAGCGCTCGTACTCGCCCCGG,0.758965517241379
ACGAAAGACTGGATATACCCTGG,0.359059561128527
AAGAGCGTTTGGGTCTGGGAAGG,0.278620689655172
GAGAGATGGCGAAACTGAAACGG,0.115094509892039
GGACAGGAACTTGTTGACAGAGG,0.524388714733542
ACTTCGGCAAGACTTTGAGGAGG,0.1198955067921
CAACTCCTCACCTGTTGGGATGG,0.208275862068966
GGTGTACATGTCTCGGCGAGAGG,0.619989550679624
CTACAGTCACAGGAAGAAACAGG,0.179211542284892
CTGACCGTGGGTGACCGCACCGG,0.662089864159247
ACCCTCACCTTCTCCAGGAGTGG,0.624211076279624
GGTTTCTTGGGCTGTTGGGCTGG,0.227575757576176
CACAAACCAAGTCCTCCAACCGG,0.11537095088815
GCTCACCTTGATGATAGGAGGGG,0.275297805642633
CAGCATCGCGGCGGACCACAAGG,0.112183908046019
ATGCTCAGTGTGGACACCGCTGG,0.122079414837994
AGTTTGATTTCCATGTCCGCTGG,0.026071055381442
AACCATCACAATCTGTGCACCGG,0.594336468129154
CAGGGTCGAAGCTGCTGAAGTGG,0.112560083594608
GATCCAGGTGCCGAAAGGGCCGG,0.401055381400627
TTGCCTGTGCCTTCCAGGGCTGG,0.172398585127149
TGGCCCAGATGGCGTAGAGGGGG,0.164336468129154
GGAAGATCCAATAGCCAAAGTGG,0.434649947752978
GATGTCCAGACTCTCTCCACGGG,0.523605015673981
TCCAAAGCCGAAGCCTAAGCAGG,0.1580041797279
GAGTCTGGCTGAACTTCACATGG,0.0286833855799373
CAACAACAGGCTGTACAGGCTGG,0.346102403344201
CGTGAAAGAGGTGAATGAACTGG,0.0624660397074608
TCCGTTCTTCCAGATCCAGACGG,0.0369070010448903
GCGTTTGGGTCAGATTCAGAAGG,0.114634739777093
CTTTGGCACTACTAGTGGAGGGG,0.0976071055381818
GACAGCGCTCTCCGGAAAGGAGG,0.195966562173041
TTCATTTCTCCGGATGCCAAAGG,0.228390804598119
GGTGCATGGCGATCATCCACAGG,0.472601880877743
GGTTAAGTTCGAGTCGCCAGAGG,0.470762800417555
CAGAGAAGGCCGAAATCACGAGG,0.212267502611912
TGCCGCCACAACGAACCACGCGG,0.138672936259561
CGCCAGACTCACCTCCACGCTGG,0.538610240334796
CAGTCAGCGTGGTCTTCCCGTGG,0.630407523510972
CACCGCTGCTATGGAGGCGCTGG,0.124952978056426
CCTTGCCGCCAGTCTTGCCGCGG,0.272027168234483
TAAAGGACAAAGCCTCGGCCTGG,0.223866248693417
GCACTTCCACGGGTAAACCAGGG,0.568432601880878
TGCTCACATCTGCTGTCGGCTGG,0.128484848485266
CTGCTCCGAGATCAGCCCAGGGG,0.130841636328779
ACCTTCCAGGAGCTCCAAACTGG,0.167779985336177
TGACAAGATTGACCCAGAGAAGG,0.22917450365768
ATCGATTCAGCCCGAGGAGAAGG,0.319864158830094
GGGCAGCATGTCGGCAACAGCGG,0.0596238244514106
AGAAGCGGAAGAGGAGCCGCTGG,0.8258934169279
CAGGGTTACCTTACAGAAAGTGG,0.227853130581694
TTCCTCGGCGTCTCTGGGAACGG,0.406551724137931
CTTTAGCCAGGAAGATCAGCAGG,0.0401462904911599
CCCAGAGGTAGCCACAAAGGTGG,0.138892371996238
AGCTTCTGGAGACAACAGGAAGG,0.2058934169279
GACTTCTCTTCCCAGGGCGCCGG,0.130491118077743
GGTTCTGCAGTGAGTGGCCAAGG,0.162016718912853
CGATGCGCTGCTGGTCAGCCTGG,0.0693416927899687
CACGGTGTGTCTGGAGCGCATGG,0.246505168199249
CCGTCCACATCAACTCACCCTGG,0.528484848485267
ATGAAATCCATCTACTGCCCTGG,0.456374085684012
CCAGCGGGAGAACCTCAGCGCGG,0.4358934169279
TCAACAGGATGTGTACGCCCAGG,0.512884012539185
ACGTCAAGATATGGAAGGGCAGG,0.453866248693417
CCTGGTCTGGTCGCCCAAGCGGG,0.350564263322884
GCATATGGACAAACTCCACCTGG,0.212492629014296
ACACCCACAGCAGGGTCCCAGGG,0.117993730407523
CCTTGCTAGGTCGATTCCGGGGG,0.366854754441379
CTGTCGCATCGCTGTGGCCCTGG,0.133903287321506
TACCTGTGTGAAGGACACAAAGG,0.0645559038662069
AGGCTTTGTCCAGAATGAGGTGG,0.165705329153605
CAACATGCACAGCCTGGCGACGG,0.493469174504075
AGGCAAGCTCTTCATGGCCCAGG,0.0889132706373668
ACGACTCTTCCAGGGCAACAGGG,0.0173772204806269
CAGAAGCACAGGCAAGCCGGGGG,0.152675026122884
TCCAGCACCACGTTATCACCTGG,0.325632183908464
CTTCAGGCCAATAAGGCAACAGG,0.163380821281757
TGGGAGCATCCACAGTCGAGCGG,0.202330198536677
AATGCATGGTAGATCACACCTGG,0.132079414837618
GAAGCGGGACCTCACTCAGATGG,0.111113318669469
GCTCAAGCAGGAGCGTGAAGGGG,0.0541065830721003
CTGGGATCCACAGTTGCAACAGG,0.0127063740856426
GGTGGAGCATTTGAGAGAAGGGG,0.036071055381442
GCATTGCAGAGCGGGAGGCCAGG,0.0388087774294671
CTTTAAGTGTTCCAAGGGACTGG,0.00615464994774924
TCCTCAGGGACTCCAGCACAGGG,0.498996865203762
CATGCTCATCATAGCCAGCCAGG,0.120287822326773
GCGCAAGGAGCCAGAACCCAAGG,0.15294670846395
CCTTACCTGTGGTTCTACCAGGG,0.0797596656216928
GCTCTTGTCCTGAGTGACAACGG,0.372716823406897
ACACGTGCAGCTGTGGAGGAGGG,0.649853709508464
CTTGCACTGGGCCTGCCGAGAGG,0.176891793068591
TCCTGCAGATGCTGTGAAGCTGG,0.00149425287356737
GATGCCCGCCTTGCACACCAGGG,0.629467084639498
CCTCTTCTGTCATTCCAGCACGG,0.645851619645141
AGAGGCCGACACACTTCACCCGG,0.299696969696552
CCACAAGCAGATTACTGCACGGG,0.212737722047649
TGATTACACAGATGATCCCGAGG,0.425830721003135
ACTCGGATTCGGACTCGGACAGG,0.252403343783072
TGGAACGTCGAATTAGACCATGG,0.541243469174922
TCGAGACCCTTCAGGGACAAAGG,0.227654593486647
AGGCCAAGTATAAGGAGCGAGGG,0.74223615464953
AGTAGACTGACCTGGTAGGAGGG,0.121577847439875
GATCCAACGCATGCCTGGAGTGG,0.601765935213793
AAAGAGTGAGTACTCGGAGCTGG,0.229728317658934
CATGGGCTCCGTGGAGCGCATGG,0.115104959212792
CATGACTGCCCGAATTAGCATGG,0.0370428422152978
TTTCACTTCGGAGGCAAACACGG,0.123443517206522
AGTGTATTTGCACACACCCAGGG,0.370208986416301
GAGGCAGAGAACCAACAAGCTGG,0.23036096757229
GAATGTCATCGCCATCAAAGGGG,0.44705329153605
TCGGCCTCAGGGTTCGGCACAGG,0.072622779519373
GCTTCCCTCTCTTTGGCGGGTGG,0.173009404388715
GAGCCTCACGTAAAGAAGGGTGG,0.414326018808777
ACTCCATCCGCAGCCACCACTGG,0.149780564263323
GGTCCATGTTCTGCTGGGCCTGG,0.237215722013669
GCTTGTTGATGGACAAGAACTGG,0.110569953988177
TACCTGGTGGATCTGGAAGACGG,0.422863113897179
AAACACACTGGCCCAGCGACTGG,0.0573667711598746
TCCAGAGTTCATGGAGAGGGAGG,0.252225705329154
CTAGCTCCCTATGCCAAGGGTGG,0.111385001010121
AGGATGGGACCTCAAAGAACTGG,0.265966562173041
TGGAGCTGGCAAATGAGACGTGG,0.458683385579937
CTCACTTGGCTCCTTCAGGCAGG,0.228108672936677
ACTTTCCGACAGCATACGGGAGG,0.371180773250157
CTGTGATGTTTCAGACAGACAGG,0.136620110728027
ATGCGTTGCTGCTGCTGAGGTGG,0.320282131661442
AGAGAAGCTGACGGAACAGAAGG,0.0616927899686521
GGTTGTGTCCAGGCCACAGAAGG,0.885830721003135
ACACGAGTCACTGTTCAGCCTGG,0.128490539150096
CTATCGCCGCATCGTCAAGGTGG,0.162158250748842
TGAACAGGAAGCGGTGCAGGAGG,0.118960758585832
GATCCAGGTCGCCATTCAGGTGG,0.104440961337555
ACAGGTGAACAGTCTACACGTGG,0.116374085684389
ACTCACCACAAAGTTCCGGATGG,0.302163009404389
AGAGCCGGAGAAACCTACCCAGG,0.111567398119122
GCGCACAGTCTGGTCCAGGCTGG,0.623563218391223
ACCTTATACCCTCATGAGCATGG,0.465799373040752
CGGGCTCTGTACCGTGGAAGAGG,0.143834900731035
CTGCAGCCACCTGGTCAGCGGGG,0.248411703238871
GGGACCTGTTCTACCCGGAAAGG,0.180643099233732
CTTCCCGATCCACTGACGGCCGG,0.0804493207941066
TCTGGCTGAAGAGAAGGACGAGG,0.282852664576802
GCAGTGGCTCGATGGTGAGCTGG,0.201964472309718
CTCGCTGACCTCCCGCAGGATGG,0.0661546499477116
ACCTGGAACCCTTGGAGGACGGG,0.0541379310344828
ATTCTTCAAGGAGAGGGACCAGG,0.0301462904911599
TAGGTACTTCCTCCTCCAGCTGG,0.30212121212163
AAATACAGCCATTGCTGCCAAGG,0.524493207941066
ATCAGGCGGTAGATGTAGGAAGG,0.384796238244514
TTCTTGTGATAGAGTCGGGCCGG,0.127048532880503
ATGGTGTGCGTGGAGTACCCGGG,0.527722048066458
ATCCAGAGAGCTTCGACCAGGGG,0.414346917450784
CGTCGGAGCTGGTGGCACAGAGG,0.575736677115987
CCTCCCTGAAATCTGGCCGAAGG,0.758526645768025
TGGGACTTGTAGTTCCCGAGAGG,0.0471891327063323
GACCCTGGTAAAGCCGGCGAAGG,0.395381400209404
CCTCTAGGATCAGAGAAGCAAGG,0.164378265413166
CTCCATGGAGTGGGATACGCAGG,0.0401044932078997
CCCGATATAGCCGGCAGCCGCGG,0.119357832776052
GGAGAAGAGGAAGCGACGCGAGG,0.454743991640125
CGATGTGGTCATCACTGAAAAGG,0.206745502577556
CTTTGCACAGCATGAGCAAGGGG,0.414273772204389
ACCCGTACTCAGTACTCAGCCGG,0.220261233019436
CAATGTTCAGCTGTTCCAGGGGG,0.18468129571536
AGAGAAGATGACCGAAGAAGTGG,0.031327063740815
AGAACCATCAGACCCTCCACTGG,0.878181818181818
AATGGAGCTTGTGTTTGAGCAGG,0.173892838000754
GAACTTGACCACAGGGCGCCGGG,0.514514106583072
TAACCAAGGTGCCATTGAAGAGG,0.106818647823074
TGTGTAGGTGGAGTTCACGAGGG,0.133197492163009
GAATCTTGAGTATCACCACCAGG,0.566426332288401
GCTGTTAGCATCTTAACAGCAGG,0.130386624868965
GGATGCTAAGCATGAACAGGTGG,0.360658307210031
TTACCTGGCAGTTAGGAGACCGG,0.288035527690282
AGTTTCCAGCTGAGCGGCGGCGG,0.04
TCACTGAGACCAGGTCACCCCGG,0.169582027168652
CTCCATCCAGCCATCAGGCAGGG,0.263322884012539
TCTTCACGGATTACTACGGCCGG,0.226520376175549
CAATTGTTTGCTGCCAACGGTGG,0.181138975966144
TGCCAGCCGTCTCACTGGGCCGG,0.468317659351724
AGATGAGGAGAAGTTCAACGTGG,0.321462904911599
GGAAGTGACTCACCTCAGGAAGG,0.259153605015674
AGCAGGCTGAGCTCTTGAGCAGG,0.153986881887901
AAGGTGTTACTGTGCTGACGTGG,0.514440961337931
CTAGATGTGGTCCTCGGAGATGG,0.128704284221944
TCATGACTGGTCATTGCAGCAGG,0.113798794113569
GGGTGACAGGCTCTTTCCGGAGG,0.147899686520376
CTTTCTGACTGCAGCCGCACTGG,0.167471264367398
ACGTTGTACCGAGTGGCCAGGGG,0.647345872517868
TTCAGCCTCCACAGCACCGCGGG,0.176708463949843
GGACCAAAGTCAGGAGGCACTGG,0.695935214210658
CAGTCACCCAGCGGCCCACACGG,0.104994775339561
TGTAGCATTCTTCCCACACCTGG,0.521274817137304
CGGGAGGAGACGTCGCCGAAGGG,0.159619065795864
CTGATTGAAGCCCACGAGCAGGG,0.0374294670846395
CTGTTGGAATCTTCGTACCCGGG,0.129859400174171
CCTCATCGTCAAGTTGAGAAAGG,0.164310810832478
GCAAGTGGTAGCATCAAAGCTGG,0.226081504702194
TTAACTCCTGCATGGAGAGGCGG,0.295078369905956
CTCACATTCCAGGTGTGCAAAGG,0.144190177638871
CATCAAAGCCTTGGGTAGGGAGG,0.00963427377220064
GAGCTCTTCTTCAAAGCCAAAGG,0.126714154615174
CGTCAGTGCGGTTGCCCAGCGGG,0.209065251793857
AGTGGAGATTATCATGGCCATGG,0.384148380354859
ACAGGTGATGTCCATTGAAGAGG,0.22257053291536
TAGGCTATCCAACTTCCACATGG,0.179132706373668
TCTGGAGAATGGTACAAGAGGGG,0.16564263322884
TACACTGGGCAGACATAAAGAGG,0.334524555903448
GAGTCCAGATGGCCAGAGAGTGG,0.0225600835946082
CCATGACACAACAGCTCACATGG,0.0156426332288402
TGGTGAAAGCTGCACAGAAGAGG,0.0205538140021317
AGAGGTTCCCGCCGTGGAAGCGG,0.184018229850284
GCCCTGGAGCATTACTGAAAAGG,0.173506213131287
TGAGTTAAAGCCTCTTGGGATGG,0.645966562173041
GATGCTGACTAAGAAGCCCGAGG,0.433814002090282
AAGACATGCATGCCTTACCATGG,0.514043887147335
TAACAGGGTTGTTGGTACAGAGG,0.218766980146708
TTTCCGAATGAGGGAGAAACAGG,0.173788344792729
TCAGGCCGGCAGAATGCGGGTGG,0.54481713688652
TTCATGACAACGTGCACAGAGGG,0.0608568443050784
AGCATGGCATCAAGCACCCGGGG,0.482643678160501
ACCTTGCTCCTGGAGAAGGAAGG,0.27916405433605
CCATTCAGTGGCTAATGAGCTGG,0.262998955068338
CTGTATGTCCTGGTCCCAGATGG,0.0765935214210659
GCACCAGTGGTGGCTGCGGATGG,0.205047021943574
TTTCCAAGGCTGTACAGACATGG,0.117701149425329
ACGGAGCTGACTTCGCCAAGTGG,0.686698014629467
ACGAGCAGCTGTCCACAGACAGG,0.176818647823074
ATCTGCATCCTACAGAGCCATGG,0.677408568442633
GGTGGTTACCAGATCTGCACGGG,0.315454545454545
TGCATTCATAGGAGCCCAGGTGG,0.378756530825078
AATCAGGTGCTCCTAGCAGGAGG,0.171322305085393
TTCTAAGCCAGCAGCAAGAAAGG,0.0647648902821317
ACTACTTCAGCCTTATGGACTGG,0.544127481714107
TGGGTTAGCATGCTGGCAAGAGG,0.330073145245141
ACTGAATGCACTTGGGAGGGTGG,0.000815047021943567
GGCGAAAGCCAAGGCGCAGAGGG,0.568160919539812
CTAAGCTCTACGAAGCCAACTGG,0.210914781574422
CCAGACGCTACCTTCTCGCCTGG,0.0998746081504702
ACAGGACTCATGTTCAACACGGG,0.172047638717839
TGATGAGGCCCATCTCCAGGAGG,0.156473820236867
CTGAGGGTGTCAGCACGCCCAGG,0.319028213166144
ATCCCAGGGCCATTTGAAGAAGG,0.0202089864159248
CTGTCGGAGCCGTGGGAACCTGG,0.148730873528403
GGCTTCTCAGGGCTTCCGAGTGG,0.600417972831348
GAAGACCGCCAGGCATACAGTGG,0.366050156739812
GAGATCTTAAAGGCACCACCTGG,0.523845350052665
AATTGCACGTCAAACTGCCGAGG,0.0214733542319749
CCATCCACTCTGGAGGGAGCAGG,0.595914315569906
AACTCGTGCTGAAACCCGAGAGG,0.471483803552351
TTGCAACATGGTCCCACGGAGGG,0.116578313444767
TGGAGGCACCAATGTTGGCGAGG,0.277147335423197
GACCACTTGGATTAAGGAGCCGG,0.00126436781608775
CCGTGCCGTAGGGCGCAAAGAGG,0.217832231940064
CCACATCATGCTGTCCCAAGAGG,0.249059561128527
GAACTGTGATTACCAGCAGGAGG,0.371525600836364
ACGCAGACTCCTCCAGCAGGAGG,0.0890073145245141
CTCACCAAGAGCGAGAACCCTGG,0.50468129571536
GCAGCACCAAGATGGTCACCTGG,0.504085684430094
CAGGAATGCTTACCACAAGGGGG,0.49776384535047
CACCTCCTCTATGTCGCGGAAGG,0.22364681295674
CAGGAGCTGGTGGGATCCGAGGG,0.187711598746082
TGAGGGACCAAATCAAGACATGG,0.410543364680878
GGCCAGATCGAGCGGAGAAATGG,0.108490539150133
GCACGTCGTCATGACCAAGGAGG,0.730491118077743
TGGCCCTTCTCCCATAACCATGG,0.0357366771159874
CCAGCGGATAGACTTCAGCCAGG,0.124733542319749
GGACATTGCAAGTGCAGCCAAGG,0.343991640542947
CGTGCTGGTGAACGTGAACCTGG,0.118819226750219
AGGATTCAGTCCCGTGAAGCAGG,0.197372461825205
AGGGCAGCATTGCAGCGCCCAGG,0.705078369905956
CCGCTCCATCCCAGTCAAGGGGG,0.499456635319122
CGCAAGGAGCCAGAACCCAAGGG,0.0936990595611285
TCCTTGTAGGGTTTGAAGACTGG,0.0600313479623824
TAAGATCATGTTCTCCGGGCCGG,0.00702194357366773
AGGCTTCCACTTCAGGCAGGAGG,0.208208407488654
AGATACCTGGTACTGCAGGAAGG,0.248474399163636
CCATCGAAGAGTCCCGGAAGAGG,0.514336468129154
TGTGTGGTGAGACCGGCAGCGGG,0.614754440961755
CCCTTTCATCTGTAGCAACGTGG,0.0365517241379311
CATACTTACCCAGCATGGCAGGG,0.607471264367398
GCTGGAGCTAATATCCCAGCAGG,0.581034482758621
GGTGGAGTTCCACCAGCAGCGGG,0.0474085684430094
CTCACCTCAACAACTTGCACAGG,0.169885057470846
TCGGGCAAACTGAAGAGCGGCGG,0.253876698015047
ATGGGAAGGTGGACTACAGGTGG,0.544336468129154
TTCAGGACGCAGAGAGCCACAGG,0.945663531870846
ATGAAATCCACTCCATAGCCTGG,0.139953444061318
AATAGCCCTAGAATACGGCCAGG,0.482936259143574
GCTGGAGCATTCTGTGAAGAAGG,0.14332857467787
TGACGCAGTGGGCTCACCGGTGG,0.720595611285266
GGCCTGAAGCCACTCACAGGGGG,0.563845350052665
CCAGCTTCTCTCTGGTCACGTGG,0.012622779519373
GGCTCCAGCGCAGAAACAACTGG,0.0688296760710972
TAGGGCTTACTTCTGTAGGATGG,0.659759665621317
CCTTCATGACCAGAAGAGAAAGG,0.215125857854422
ATGAGAAACTCGCCGAGAAGAGG,0.334785788924138
TGGCCGAGTTGGAACCCACGGGG,0.667419017764263
AAGTGGTTCTGCAACGGACGTGG,0.0729989550679624
CCGACGCCGAGACCTTGCACAGG,0.627586206896552
CCCACAACAGTAACCTGGGCTGG,0.255460236120252
CCACAGTGGTCACTCACAGCTGG,0.151097178683386
CCTGGTTCACACGGCGCAGGGGG,0.458077324974295
CGAACTGCACGTGTACAACACGG,0.372957157784326
AAGCCATAGGCTGCACACCCAGG,0.0341170323928526
ATCTGGAAATCGGACAGAACAGG,0.0885266457680251
TTAACATGGTTTCGGGCAGCTGG,0.114697435701857
TCTCGCTTTGGCCATGGAGCGGG,0.326823406478997
TCAGCATGTCGATGCCGAAGTGG,0.160287822326773
CAGTGCCCTTTGTGGAAGACTGG,0.0284743991640125
GCTTCACCGTGCTCATGGCCAGG,0.257324973877116
TCAGCATCCCTGACTTCCAGAGG,0.495078369905956
AGTGAGCTCCGTGATCCGCACGG,0.646018808777429
TCACGCTTCAGCTCAAAGCGGGG,0.234890282131661
TGATCTGCACTACTATGCCCAGG,0.671556948798746
AGGCAGCCTCTTCAGCGCGATGG,0.107523510971787
AAGTACACCACCTCATGGAGAGG,0.498610240334796
TGATGCCAGCTAGTGGGCGAGGG,0.0815778474398746
TGCTCACCCAAGACCGAGACTGG,0.247675492127776
TGAAATGGTAACGTTCCACCAGG,0.488756530825078
CGTATGCCATCTGAGAAAGCAGG,0.222523976976679
CTCCTCTTGGCAAGGCCGCAGGG,0.178187508847149
GCAGGAACGAGATCTTGAGCTGG,0.0313793103448275
GATGTGTCCTTCTTCACGGGGGG,0.388923719958621
TAGCTCGTGGAGGGCAGCGCAGG,0.164827586206897
CACCTTTCCACAGTCCAGCCTGG,0.0321212121212539
TCGAGGCTTAGGCGGCAGCGGGG,0.221327063740439
CGGGTGGACGAGGTGGAAAGGGG,0.193678160919122
CTTGCTCTCTGTGGCAGGCGCGG,0.136379776349719
GGACGGAGCCAAGATGGCGGCGG,0.268432601880878
ATAGCATCTTGCAGACAGAGTGG,0.681849529780564
AAGAGCCACTTGGCAAAGGAGGG,0.509916405433229
CTCCATCTTCCTCACCGACACGG,0.417544409613793
CTAGTCATCCCGGAGAAGCAGGG,0.169378731417682
TAGGTCACGGGCCAGCGCCAGGG,0.731640543364263
TAAATGCCCGAAGCTGGGCCTGG,0.173887147335423
AGGAATCAACATCAGTGAGGAGG,0.48236154649906
TTGACTCCACCGACGAGGAGAGG,0.144900731452038
ACTCGATGAAGGCATAGCCACGG,0.42012539184953
GCCACCACATCTCCTACACGTGG,0.436029258097806
GATCTCATCCACACAGAAGATGG,0.40634273772163
ACCATGGCCCAGTGACAGGATGG,0.141964472309718
CGCTGTTGGATCAGTCACACAGG,0.112110762800376
TCCAGTACAGTGCAGGCCAAAGG,0.0317450365726646
CAGAAGCAGCCACAATAGACAGG,0.125784165064453
ACAGATGTAAAGCCACAGCAAGG,1.0
GAGGCCGACACACTTCACCCGGG,0.618578892372414
TTCAGCAAAGAATGGCCGAGTGG,0.0307419017764263
TGCTGCTGTTGGGCGAGAAGCGG,0.165439337478246
CCTTCAACTTGGGAGTAGACAGG,0.129922096098936
ATCTATGTGGTCACCGCCGAGGG,0.307115987460815
CGCAGACTCAATATCAAGACAGG,0.141886568408277
CTTCCTGCTGCAGAACAACCTGG,0.0738349007314107
TGGCAAATAACTCAGGCACACGG,0.210104493207523
TAATCAGGTGGTAGCTCAAGTGG,0.581504702194357
AAGAAAGACAGTCGACGGGAAGG,0.587220480668339
GGGACTCGAGGACAGCCGAGCGG,0.650647857889655
TGAAAGAAGGCAACCCACCCTGG,0.16904911180815
CCAGATGATTGGGAACCACGGGG,0.190208986416301
CCGAAATCCCTCTGTGCCACAGG,0.112931500487651
CCGAGGTGCTGAGCAAGAAAGGG,0.209922096098936
TCACCAAGAAGCTGCTAAACCGG,0.165554280007024
TTGTTGCGGGTTTCTACAGCAGG,0.179984792023701
GCTGGTTTCGCTGGGTCACCAGG,0.272424242423824
CTGATACCTTTCAGTTGCCCCGG,0.107554858934169
AGATCTCTCACCAGATCAGCTGG,0.241123767989845
GAAGAGACGAATCATGCCCGAGG,0.588620689655172
ATCGCCAGCAAATATCAGCATGG,0.27480668756489
CATTCCTGCTGGAAATGAACTGG,0.120684896516867
CATGGAAGGCAGCGAAGAGAAGG,0.0680668756530408
GGATGAAGTACAGCAAGCCCAGG,0.498766980146708
CTGTGAGATGGCATTCACAATGG,0.423030303030721
GCTCTTCTTTGATCTTGCCCAGG,0.456447230930407
GCTCAAGAGAAGACAACACAAGG,0.189681761720629
ACGCTCAGGAGTAATAGGGATGG,0.511619644723511
GGATACAGTGGTCTTAACAGTGG,0.167497853674735
AGCCAGCTGTGACCTTGCCAAGG,0.533751306165517
CCTCTCGGCTTGGCCTGACCTGG,0.0741483803552351
GGTGGACCTGGTTCCAGGAGTGG,0.242183908046395
AGATGAGGGTCGTTCTGGAGAGG,0.214137931034483
AGATCTGCAGCACGCGCACCAGG,0.716760710554232
CCTTGTCTGTGGTCGTGGAGAGG,0.0758411703238872
AGCCCGGTTCTCACCCAAAGAGG,0.170334378265831
CATGCCCATGGAGGAGCGGAAGG,0.352528735632602
CATGTCAGTGGCATCTCACCTGG,0.251619644723511
GGCCCTATTGGCCCTACAAGAGG,0.179216300940439
ACTCACCATCCACCATAGAAGGG,0.0277115987460815
ATACACCAAGGATGAGCAGCTGG,0.286060606060188
TCCTATTGTACTGGAGAAGCTGG,0.169744457645393
GCCGCAGGGAAAGCGACGGAAGG,0.232591431557367
TACTTGCCTGCAGCAGAGACTGG,0.287633694845017
TGGGCTCTTGAGCATGCAAAAGG,0.159462325983951
CCGCAATGTGGAGTCCAGGCTGG,0.270804597701567
TAGGTCGAACTGGAAGAGCAGGG,0.600114942529154
ACTTTACGCAGCAGACCAACTGG,0.171134217311099
CTTACATCCCAGTGCCCGCCCGG,0.121249159839751
CGATCTCCTCCATCCGGAACTGG,0.0513479623824451
TGCGAGTTGCCTGTCAGCGCGGG,0.285872518285893
AGGCTCCTTCTTGCTTCCCGCGG,0.218996865203762
AACTGCCACCGCGATGCCGAAGG,0.451786833855799
GCCAAGGAGCTTGCCCACACCGG,0.138898062661067
GCTGTAGACTTGTCCAAGGATGG,0.0835109717868339
GCCTGTCTAGCACCTGGGCCCGG,0.0965726227795611
GGCACGTGTTGCAGGAGAAGCGG,0.231633378459421
ATTCTTTGCCAGAATGACCCTGG,0.521452455589969
CGGTGTCCACCATTTCCACCAGG,0.450626959247649
AAAGGCTGAAGTTGCAGGCCAGG,0.078223615464953
GAGGCTCCTTTCTGGAGACAGGG,0.114535005224702
GATCATGGACGCGGCGGAAGTGG,0.2080041797279
TGTGTTGGGAGTGTAGCCAGTGG,0.22480668756489
CTGTCGCCGCGCTGGTAAGGTGG,0.330616509927273
GGGTCATGAGTAGTAGCGCCAGG,0.224179728317241
CTGGATGAAATCTACCACACGGG,0.313897596655799
AGAAATCAACTTCTGCCGCAAGG,0.234551145211161
GCTGGTGGTGGCAGACACGCGGG,0.783155694880251
CGAGCTGTAGCAAATGAGACTGG,0.241802973841882
GGGCACACACCTGGGTCAAGAGG,0.783166144200627
TACTGGTCTGGATCCTCCGAGGG,0.036917450365768
CGCGCTGGTAATCCTCAAGAGGG,0.485350052247022
GGCAGTGCCAGACCCAGAAGAGG,0.0157366771159874
TTCTGTTGCTCTTTGGGAGCTGG,0.147205272692415
CTGGATGTGATGTGCTGGCGGGG,0.446175548589342
TGTAGTCCAGGCAAGGGAGCTGG,0.25659352142069
ACCTCCCTCACTGGGCAGCATGG,0.117017184918121
CTGGCTACCTTTCATCAAAGAGG,0.226374085684012
CTCAGCCTGGAAATTCCGCGTGG,0.247575757576176
TTAACTTTGCAGCCTCCAACTGG,0.246008359457053
GGACTTACAGAGTGCTGACAAGG,0.191504702194357
GGCTTCACAGTGCTGGACCATGG,0.38339602925768
GATGCTGGATTACATCAGGGTGG,0.461347962382445
TCCGGAAATACATCGTCGCCAGG,0.0930929989551097
TTTCAGGGCTCTTGGAAGCCAGG,0.10893985994429
GCTCCGTGCAAGCTGCAGCCTGG,0.198746081504702
TCTCCATCACCTTCTGGCCAGGG,0.037659352142069
TACCTTTGATCACCCAGAACTGG,0.0825809822361129
GGATGGTGCCAATATTGACCTGG,0.37187042842257
TCCCAGCAATATGATGAGCAAGG,0.119759665621693
CCCTGCATACCTGGAAGCGGCGG,0.390606060605643
ACTTTGGGACTATACCACACAGG,0.726959247648903
TGTTAGACTTGCCTGGGCGCTGG,0.500762800417555
GAAAGGAAGTACTCGCCGAGTGG,0.464043887147335
CATCAGCCGCACAAGAGGCCAGG,0.382800417972414
GACAGGGCACAGTGGTACGCTGG,0.207497853674735
CAATTAATGCCACATTGGCCAGG,0.173370371961005
TGGTCTTATCTGTGTCCAGCGGG,0.100198537095047
CCGCACTAAGAAGAAGACAGTGG,0.139801462905329
ACTTGACCTTCTCTTCCAGGAGG,0.112413793103448
TGACTCCGACAAAGGAGACCCGG,0.156833855799373
GACTTGAGACCCGGAAACACTGG,0.107267968617218
GAAGAGGATCGCCCAGCAGCTGG,0.147011494253292
CCAGCTTTCAGTGCATGAACGGG,0.206165099268966
CGATGGCGATGAGTTTCGAGTGG,0.303124346917868
CACTGGAATTTGAGCACCCGAGG,0.109577268512729
CCTTGTGCAAATCCCTCGACTGG,0.400041797282759
TGTCAAACCTGGAGTGCCCATGG,0.30801462904953
ATCTGACTTACTTTCTCCGCTGG,0.157017184918121
AGGTCGTCCACCAACAGCACCGG,0.51423197492163
AATCTCCATGTCCCATGAAGAGG,0.494064785789342
ACGGACAGCTTGGGCTACCACGG,0.583312434692163
GAAGAAGTTTGGTGATAGGCGGG,0.333322884012539
CAACATCAAGTTCTCCCAGGAGG,0.238244514106583
CTTTCGTCCTCTCATGGAGAAGG,0.0985684430511599
GGATGACTCGGTGGATGAGACGG,0.246436781608777
CCTGTCGGAACCCAGTGCGCAGG,0.118108672936301
CCAAGGAATCCAAACCAAAGAGG,0.0907523510971787
TTACAGCACTAGCTGTCCAGGGG,0.286206896551724
TCTGCATTCAACAATGACGCTGG,0.281421107627586
TTATGAGTGTGAGCCAGGGATGG,0.225015673981191
TGATGTGCCAGTTATCCGCCAGG,0.124775339602884
CCAGCACTTCCGGGTGAGGGAGG,0.492884012539185
ATGCAAATCTACTATGCGCCTGG,0.177006735597368
ACTCACAGCTGCTCGAGGACGGG,0.12448844928602
CCCTCGATACCTGGACAGCCTGG,0.0371786833855799
GGCCCTTATGGAGCATACAGTGG,0.119347383455299
GCGGCTCGGAGCGCGAAACATGG,0.123537561093669
CCAAGAAGTGCCAGGTGGAGCGG,0.0978996865203762
CCAGTAGCTTACCTGGCCAATGG,0.347084639498433
AGCCATAGCTTCTTACCGCACGG,0.621818181818182
AGTGGTTACAGCCTGTGACATGG,0.257836990595611
TAACTCCAAACTTGCTGGCCAGG,0.235146756496428
AAAGGAGCAGCGCTGAGAGAGGG,0.265266457680251
CAGCATACTATGCCCAGGAGCGG,0.14011018387323
GGAGCGATGATAGCCCAGGCTGG,0.0106478578892414
TCCTTGATCCACTAGAAGGCTGG,0.18212121212163
GAGAATACCTTAGTCTCAGCAGG,0.182492629014296
GATCTGGATGAGCGCTGGCAGGG,0.318955067921003
GGACTGGGAGAGCTTCAAGGAGG,0.655966562173041
CGCTTGTCATCATGGCGACGCGG,0.26236154649906
CTTCCATTCTGGTGGCAACCGGG,0.216933590351851
AGCGAGTCCATCCTGGCAGGCGG,0.293354231974922
ACCCAGATAGGAGATAGAACAGG,0.103333333333292
CACTCCAGACCCACCTGAAGCGG,0.0952978056426332
TTGGGCCGACCAGGTGGAGGAGG,0.349331243469592
TCTGCTGAGAAACATCGAAGGGG,0.472998955068339
CCAGGTGACGAGAGCAGACGTGG,0.214921630094044
CAGTTGGTCTCTGTAGACAATGG,0.115830721003135
CATCCTCCGCCTTCTGCAGCAGG,0.00979101358411285
AGCTCCGGGACTTCAACAGGGGG,0.244461859978683
TCAATGACGGGACAAAGACAAGG,0.590564263322884
CCGAAGAGATGCAGAGAGACAGG,0.135763266422823
TTGTCTCTCCATCGGACGGATGG,0.178129571577429
CTGAGTCCGGCTCCTCGAAACGG,0.131834321804265
CGGCCTGAAGCAGATTGGCCTGG,0.0633960292580564
ATTTGGAGACATTCTGCAGCTGG,0.0300104493207523
TGCCCTGGAAGACATTAGAGAGG,0.409885057470846
GCAACAATGTGCCAGGAACGTGG,0.195935214210658
GGAATTGGACGAGGATGAAGAGG,0.0774608150470219
TGCTGGAGATGATCCGGGAAGGG,0.351327063740439
CTGACTGGTTTAGCCAGAGGTGG,0.293719958203135
TGATGGTCAGGCCGGCCAGCAGG,0.0291745036573041
AGGGAATGCACAAAGAAGCGAGG,0.0887147335423197
CCGTCACATACAGCGTGGCCCGG,0.203301985370533
CATGCAGCGGCTGATAGAGAAGG,0.301201671890909
GCACATGGGAAAGCAGGCCGAGG,0.36340647857931
TCGCAAATATGGCGCCGGAGCGG,0.415161964472727
CTTTCAACACACCGTGGACAGGG,0.0455903866248276
CACTGGCACCCGGGCAAAGGTGG,0.343092998955486
ACGAGAACGAGATAAGGAGCGGG,0.153218390805016
TGCGATGCTTGGTGAGGGCGTGG,0.0222884012539185
CTAGCCAGGAAAGCATAGAAGGG,0.515726227795611
CGGGTCTGGGACTTGGGAAGGGG,0.0983176593521003
CCCAGCAGGCGAGCACACCAAGG,0.018223615464953
CATACTCGTCAGAGCCAGCAGGG,0.181400208986834
ACACCATAAGCAGCTCGGAAAGG,0.170365726228213
TCTAATCAAGCGAGACCCGCCGG,0.328537095088401
AGTAGCAACATTGGACCAGCAGG,0.18486462483461
GCTGCTAAAGATCCAGCCAATGG,0.381347962382445
GCTGTTTAGCCAGCAACACAGGG,0.247805642633229
CCGCGACCCTCAGTGCCAAAGGG,0.179660863079124
AGCCACGAGTACCCACAGCAAGG,0.377189132705956
GATGAAGGAAGCACGAAAGATGG,0.579947753395611
TAAATTCAAGGCAAAGCCGGTGG,0.179592476489028
AGGAAAGCGGTGCGTGAGGCGGG,0.16307210031348
GAGGACTGAGATACTGAAGGTGG,0.770647857889655
TCCTTACCTTTGAGAACCACAGG,0.105182863113856
TTCTGTACGGGTGGAAGAGATGG,0.275151515151097
ACAGAGTCAACTGCATACAGTGG,0.687983281087147
AGTCCTAGAAATGGCTGCCCTGG,0.320376175548589
CAGATCTGTCACTGACGAGGAGG,0.208975966561755
TTTGTCTGAACTGCCTGAGGAGG,0.11603970741906
CACTTACCCTGCCGTAGACAGGG,0.103343782654169
GGACTGCACGACAGCTGCCCGGG,0.732915360501567
AGGCCAGCAGCAACACCACAAGG,0.112382445141066
CGGCACTGTGGATGTGGGAAAGG,0.110783699059561
TACCAGTTCTCTCCGTAGCCTGG,0.213819692755111
GAAGATCAGCTTCGTGCAAAGGG,0.000553814002090276
GAGGGCGGAGAACTGGGACGAGG,0.03282131661442
CTCGCACAGCTGCAGCACGAAGG,0.126196447231348
CAATCCGCATCTTGGTGAAACGG,0.180444562138685
AAGATCATGTTCTCCGGGCCGGG,0.150820737687274
TCGCTGCATCCCATTCACCAGGG,0.313051201671473
TGGAACACCACCAATGAGAAAGG,0.20768594144903
TGGCACTCACACCACCCAGAAGG,0.337607105538558
CACAGGAGGCTGTCCTCCAGGGG,0.295788923720376
GCTAGGAGAGTCCCAGCACATGG,0.445433646812539
TTCTTGTCACAACGAGCACAGGG,0.108438292546171
TACCTGAGCCACGAAGAAGGTGG,0.445914315569906
ACGACAGCAGTTTCCAGCCCTGG,0.635464994774922
TCGGCATGACGCAGACGGGCAGG,0.36198537095047
CCGGAACTGTGATTACCAGCAGG,0.407136886102821
GAGTGGCGGAGACCAAGGCCTGG,0.372382445141066
CGTGGTAGTTACTCAAACAGAGG,0.14987460815047
ACATGTAATTGCTGACCAGGAGG,0.0410553814002508
ACAATCTGGAGCTAATAGCCTGG,0.188636829641256
AGTTGTGTCTCATCTTACGCAGG,0.0169801462905329
CCTCTCGAAATGGGAACACCGGG,0.552152560084013
CGATTGTCCTCCCTTCAGAATGG,0.000156739811912208
AGCCTGCCGCAGGGAGAAGATGG,0.27131185576414
TACCAGGCTGGGTGGTGGGCGGG,0.0372204806687147
TCTTTGAAGGTGTCCAGAAGTGG,0.160068386590096
TGAGAAGATAACAGGGCCACTGG,0.241003134796238
TCTGTCTTGTAGGTGGCCACAGG,0.243197492163009
TACAGCTGCAGTTTGCAAGAAGG,0.252064206861318
CTGGCTCACAGACTCAGCCACGG,0.380616509927273
TCATCTGGTAGTTCTCGGGCAGG,0.324754440961755
TTTCAGGAAGGACAGAGCACAGG,0.124634739777055
GCTTGTGATGATGCCAAACAAGG,0.286833855799373
CGTGCCCAGCACAGAGCGCATGG,0.37141065830721
CTTAAAGAGAAGGCTGAAGGTGG,0.0103239289446144
TCGCTCACGCAGCAGGAGCAGGG,0.00988505747126017
CGCGCTCACTGTCCATGCCGGGG,0.333573667711599
ACCATCTGCTTCACGTAAGAGGG,0.0100104493207899
CTTCTTGCTAAAGAACGCACAGG,0.125997910135423
GGAGACGCCCATGGAAGAAGAGG,0.280073145245141
GCAACCAATGTTGCTGCACGTGG,0.0882445141065831
CGTACCTGGAGCAACTCCCGAGG,0.246959247648903
CGACACAAGTTCCGAGGGCCCGG,0.213798794113607
CTCTACGTCGGAGGAGGACGAGG,0.176755951898309
CCCATAGGAGGAAAGGGCCGAGG,0.205993151480378
TACTTTCCAGGCTGAAAGCGTGG,0.295788923720376
TACCAAGTCTCCAATGGCGATGG,0.650073145245141
TCTCCAGTTTGAAGAAGGACTGG,0.089717868338558
CAGCGCCAAATTTGTGACCATGG,0.0315778474398746
GCTGACATTCCTGAAGCCGAAGG,0.484148380354859
GAGTCATATCAAACTGCAGCTGG,0.147920585162382
GCGGATAGAAGCCCAAAGGCTGG,0.0342424242423825
TACCAGCTGAGCTGTAGGAATGG,0.40646812957116
TCAGGAAGGCACCATAGCCGTGG,0.176886102403762
ATAGGCCACGGTCTTGGCCATGG,0.24224660397116
GGTATGGAATAGGGTCACGGGGG,0.711828631138558
TCCTGGATTTGCGAAACAGAAGG,0.120695345837745
GGCCAGGTCTAGGTTCCCAGGGG,0.127006735597368
CAAGTACCCACCATTCCAAATGG,0.00794148380354862
GCTGAAGCCAAGTTCACAGCAGG,0.0178369905956113
ACAACAAGATCCCGCCGCGGTGG,0.6819958202721
ATCTCAGTGAGGCCCGGAGGCGG,0.0809822361546081
CTGTCCAATTCCCAGGAGGCGGG,0.635036572623197
AAATTCAGAAGCTGCCCACCTGG,0.297544409613793
TACCTCCTTCAGGCATGCCCTGG,0.0542842215256426
CTACATCGCCAGTCTGAAGCAGG,0.0215464994774922
TGGGTACAGAAGGGTGCAGAAGG,0.707680250783699
TTGGAGGCTCCATGTCAACATGG,0.104895972796955
CTTAATCCTTACAGTGGGCCGGG,0.177111228805268
TACAGCAGCTTGCGTCAACATGG,0.0156008359457053
CAGAACCGCATGAGGGAAAGAGG,0.211368861024451
AGCTCCACTGCCGCCTCCCAAGG,0.408181818181818
ATAATGTGGCTGCTACAGCCCGG,0.183364681295298
CAGCTCGGCAGGCCTTGAGATGG,0.0758098223615047
AGTAATGAGGCTTCTACCCATGG,0.139686520376176
CATCATTCGTAGCTGTGACCTGG,0.295882967607523
AGCACCTCTTTATAGAACCCAGG,0.179529780564263
GAAGCATCCACAGGGCAAACAGG,0.231395450330911
AAACCACGGACCGAAGCACGTGG,0.0181922675025705
AGTTTGCTTTGGACATGGCAAGG,0.115104959212792
TTCTGTACCATTGAGGGCACTGG,0.0802298850574294
AACTGCTTGATACTCAGACCAGG,0.179111807732915
CGGATCAGACAGCGTGAGGCTGG,0.148798328109091
GCTACGAATGCTGGAAGGGCTGG,0.369916405433229
GCCAGCGTGTTGATGGCGAAGGG,0.145282597666334
TTGTGGTTGCTACTCCAGGCCGG,0.520146290491536
GAGACATATGAAGTGGACAGTGG,0.210496808742572
CCTCAGCCCGCAGTATCAGATGG,0.249080459770533
AACTCTGGGTCCCAGGAAGAGGG,0.176034948763513
CTGTTCTAAACTGGAAGGACAGG,0.241113318669469
CCTCGACTGGCAGATAGACGTGG,0.50141065830721
TGTTGACCTTAGGGTGCAGCTGG,0.257466505712729
GGAGCGCTGGTCTACGGACGTGG,0.354221525601254
CAGGATCCGTGCTTTGCCCAAGG,0.552466039707837
CCTGCTCCTAACAGTACACCAGG,0.224440961337931
ACTGCCTGTAAGACTCCCACAGG,0.785078369905956
CTACTTACCTTGCAGGAGAAAGG,0.118918961302698
GAAAGGCAGTATAGACGAGGTGG,0.25364681295674
AGCATTGGCTCTGCTGAAGATGG,0.128066875652665
TTGCTTATTTACCCAGGGAGTGG,0.0240438871473354
CCCTGCATGTCAGGAAGAGGTGG,0.465130616510345
GCCTCCTGTTCGAAGTGCACTGG,0.773855799373041
ACCTCACCAACATCAAACGCTGG,0.207095088818809
CTCTGTCATCTGTTCCAGACGGG,0.205052712608904
GGCCATTGTGGTTGCTAAGGAGG,0.130151981156365
ACTCTGGCAGCTCATGAAGATGG,0.020647857889279
CTCAGCCAACCTCAAGCCACAGG,0.216938349006896
TGGACTGGATGTTTCCAAAGAGG,0.0154858934169279
CAATGGTGCCGTCCAGCACAAGG,0.106808198502284
TAAGGCCTCTGTGTGGCAGAAGG,0.339843260188088
TGTCCAGAATAACCAGCAGCTGG,0.0206374085684013
GCTCCACGATGACCGTGCCCTGG,0.181327063740439
CTTGAGCCACACGGCAGAGAAGG,0.125088819226708
TACCTCCTTCGGCTTAGCACAGG,0.193301985370533
GGAACTGCCCAAATTGGAGAGGG,0.150637408568025
ACTGCTGCGGTTGAGGCGCAGGG,0.105694879832853
CCTTGGATGATTACATGAGCTGG,0.171609195401881
TGCTCTTTCCCAGTCACAGCAGG,0.109127947718585
TAGCATCACATCCAGAAACCAGG,0.179153605015674
GGAGCCCATGCAGATCGACGTGG,0.0331347962382445
ATCGGTATTCATCATCCACGTGG,0.204252873563636
GCCAGGACATTGGACTGCCAGGG,0.379832810867712
GAGTCGAGCTCGCTCACCGATGG,0.754743991640125
GACTCTGCTCGGTCCACAGGAGG,0.294900731452038
TTAGGCTTCCTCTCCCAGGATGG,0.0781818181818182
TCTTCCAGGGCAACAAACCATGG,0.545475444096552
GAAATTCTTACCTCCCAACCAGG,0.158756530825078
CACCTCCACCCAATTCGAAACGG,0.00126436781608775
TAAAGGCTTTCCAAAGGCGGCGG,0.0578683385579937
CAGTACCTTTCTCTTACGGAGGG,0.125104959212792
TCTGGCCGGCATGCTGGAGATGG,0.435475444096552
AGGCCACGTGTGGAACAGAGGGG,0.363605015673981
ACCTGTGGAATCCTCTCAAGAGG,0.0399895506792476
CAGGATCAAGACCAAGAACCTGG,0.255329153605016
CACAGCGGAGGCCTGCACAGAGG,0.412131661442006
CCTCTTCAGGACCTCAGAGGTGG,0.321337513062069
CTGTCCAGCCGGAGAAGCCACGG,0.0427377220480251
CCCGACAGCACGGAAGCAGCTGG,0.0395611285266458
CCAGGTCCTAACATAGAAAGTGG,0.135773715743701
AAGTGCTATCCTCGGAGGGCGGG,0.300501567398119
GATGGGCTGTGTGATAGAGAGGG,0.343197492163009
TTGCTTTGTCTCCTCCAGACTGG,0.114801928909807
GGGCTTTGTTCCATAGGAAGAGG,0.0195506792058934
GCCCGACCCAGAAGCTCCAGGGG,0.698349007314107
CTTGGAGCAAGCAAGACAGATGG,0.0791954022988088
ACCACAACTTCCCAGAACAGAGG,0.863730407523511
CCACTTGCTCGCGCAGGACGAGG,0.191431556949216
TGGAGGCTTCTTCCGAGCAAGGG,0.0830407523510972
TGGGTTGTCATGAGTGGCCAGGG,0.118119122257053
AGTACAAAGACAGGAAACGCTGG,0.263615464994357
AAGGACAAGAAGGCCAAAGCTGG,0.179744457645394
CCTTCTTCTGCTTTCGGAGCTGG,0.152403343783072
TGAGCACCGTCACAGAGCAAAGG,0.323845350052665
ATTGAGTCTCAGACGGAAACAGG,0.119190643643387
TTTCTTTCCTCAGCCCAAGATGG,0.146066296725895
TGCGAATCCTGACATCCCAGAGG,0.438965517241379
AGTCTGGGCATCACAGACAGGGG,0.458160919539812
GGTAGAAGAACCTTTGCACGTGG,0.3321107628
CCACTTGGCCAGCAGAACGAGGG,0.0243364681295297
CAAATACTCTCAGTACCAGCAGG,0.00144200626959244
AAACAGTGCTCCCTTTAAGGAGG,0.249090909090909
ACGTCCCAGCAGGCAACACAGGG,0.103589807697682
AGAGATAGAGGCTGATGACAAGG,0.183845350052665
CCCTCAGGCACAACCACAACTGG,0.117936725148089
GGTCATACCCATCTTGGAAGGGG,0.14034006893066
TGCCATTATCCACACCAGCATGG,0.25928944618558
CCTGCGTCGACTTCAAGACGTGG,0.469905956112853
CTGGAAGTACTTGGCCACGCAGG,0.171003134796238
CTTCGTCTCCTTCACTCACCTGG,0.150350518251538
AACTTGCGAGGCAGATGGAGAGG,0.0499268547544828
AGCATCCCACTGCCTCCACCGGG,0.438537095088401
CAGCTTACCTTGGTACAAGGTGG,0.467157784743574
CTGGACAGTGACGACAGCAACGG,0.115031813967274
AAGAGAGTGAGCTCGGCCGCAGG,0.316708463949843
AGCCATCTACCATCACCACCAGG,0.638328108673354
TGCATTCCGAGACCAACGAGCGG,0.00832810867294041
CTGACTGCGCTCCTCTGGCGCGG,0.427774294670846
ACACATAGCTGGAGGCAAACTGG,0.161729828596365
GGCCTGTCCAGTAATGAAGATGG,0.0137408568442633
ACTGCATCTCGGACGACAAATGG,0.0438662486937931
GATATCCTGGCTAAGTCCAAGGG,0.268746081504702
CAACAGCCTCACCAGGAACAAGG,0.355527690699686
CCAAGTGGAGGCGCTAGCCGCGG,0.00613375130616928
CTCACTGTAGGTGCGGCCCAGGG,0.78941483803511
CGCTTCTCACCTCCAGCAGCAGG,0.491253918495298
CAAACACGCTGATTGGCAACTGG,0.16149994353881
CTTACTGCGGGCCGCTCCGACGG,0.432528735632602
ATGGTCGGGAAGTCATGGACAGG,0.0581609195401881
TGCAGTCCACCACATTGAACAGG,0.13128526645768
CTGAGAGGACCATTGCGAAGCGG,0.356978443315958
CCAACAGGATCAAGTCCAAGGGG,0.00350052246604389
TGTCACCTTCAACTTCGACAAGG,0.199059561128527
CTTCGCTGGAGCAGGGCACAGGG,0.107362012504365
GCTTGATTATTTCCCGCCACTGG,0.627680250783699
CCTAGAGCGGGCAGAGAAGATGG,0.11892941062345
TTGGGATACTCATGGTCACCTGG,0.107962382445141
GCGCGTGGTACTGCATACGGGGG,0.878599791013166
CCCGGAACACTGAAATAGGACGG,0.43987460815047
TTGCTGTACTTCATCCGGCGAGG,0.317993730407523
GGAGCCAGAGACCGACACACGGG,0.116374085684389
GGCCCTTTCATTCTCTAGGGTGG,0.169958202717241
GGCAGCTACCTCTGGGAGCCGGG,0.123474865168904
CCTTTCGTCGGGCTGTGAGCAGG,0.240204227760378
GAGCACCTACTGTGCCACCATGG,0.15494252873605
TCCCGAATTTCAGAGGCAGAGGG,0.0952560083594985
ACTGAGTTGGTCCAGGGCCGAGG,0.239828052211788
AAATTCCAAAGGCCTTCAGCTGG,0.406185997909718
ATCTGATGTTTGGTTGGACCAGG,0.707481713689028
CTACAAGTGCAAGCTGGCGCTGG,0.035057471264326
GAACTCTGGTGGTTTCAGGAAGG,0.087826541274859
CTCGCCCACGTACTGGACCACGG,0.218871473354232
GCTATGCCTGTACCTAACCAAGG,0.527439916405016
TGACTTCAGCTACCATCAGATGG,0.325914315569906
TTCACCATATTTCCACCGGAAGG,0.117842681260942
TTGCCCGCTTGGCCAACGAAGGG,0.633542319749216
GCAGCATCGCCCTGAGCAACTGG,0.0732601880877743
TGGCAACTCAGGATGAAAGCTGG,0.146896551724138
AGGTGGTGCAGCGGCTGACGCGG,0.587669801463323
TAATGCCTACAACACTGCCATGG,0.597408568442633
TACCCTGGATCTGGGCGAGGTGG,0.00377220480668342
GGAGATGCTCAGCTACGCCCGGG,0.698411703238871
GAAGATGACGACGTCCCAGAGGG,0.0160188087774295
TGGGCCCATCAACTTTAACCCGG,0.306677115987461
TGGCCACCAGGACAGTCCACAGG,0.485172413793103
CCAGCTTTAGGAAGGTGGCCTGG,0.219341692789969
GAGCCCGTCCACGTTGAGCCTGG,0.391964472309718
TCCTCAGAATGACGATGAGAAGG,0.138898062661067
TCATTACCTGGTTGTCAAGCAGG,0.125376641553481
CCTCGTGGGATTCTGCCCGGAGG,0.59
GCATGCCATTTACGACAAGCTGG,0.0563218390805016
TGCCCAGGCCGACGTACCCAAGG,0.287011494253292
GCATGGGAAGCCTATGACAAGGG,0.19692789968652
TGCTGGGCCCACTCTGGAACAGG,0.332486938348589
TGGCGGAGGAGCAATGAACATGG,0.14871473354232
TGTTTCACTCTTCTTAGGGCCGG,0.0535214211075862
GGCACCACAGTAATGGAGCCTGG,0.567366771159875
TGACGTGAACTACGAGGAGCTGG,0.123552769069969
GCAGGGCAAGATCCTCAGCGTGG,0.352434691745454
ACGGAGAACGACCTCAACCAGGG,0.599477533959875
TCCTCTTTGTTAAGGCAGGCAGG,0.0041797283176552
TAGCCTGGGCATAGATGCAATGG,0.603594566353605
AACCCAGCATCAGTTACCCAAGG,0.644054336467711
AGAAGGCGGCCTGGTCCAGGTGG,0.667857889237618
TTGTTTCGGGTGGATAAAGGAGG,0.295381400209404
CGCTGCCGAAGAACTTCAGGAGG,0.248902821316614
TTTGCCTCAAGTGGGTACAGGGG,0.0679623824451411
CTGGGACATGATCGACAGCCAGG,0.168119122257053
TCCACGGATCACACGGCCCATGG,0.409393939394357
CTCTCGGCGAAACAGTGGCCCGG,0.346374085684013
GGAGCTGTGAGTGGTAAAGAGGG,0.0118704284221567
CTGGCCATCATTGCTCGGAAAGG,0.464305120166771
GGAAGAAGATGGCGCTCACCAGG,0.518787878787461
CATGTCTCTCCATGGCCAAGAGG,0.326896551724138
CTCCATCACCTTCTGGCCAGGGG,0.215590386624451
CAGTGACAGGGACGTTGAGGTGG,0.304085684430094
AGTGAAACTGGGAAGCACAGCGG,0.181619644723511
TATGACCGCAAGAGGGACAGAGG,0.0811912225705329
GAAAGTCAAAGCTTTCAGGCTGG,0.66282131661442
ACTCTCAAGGTCGCGCAGACTGG,0.0283908045977429
CACGGTGCAGTTTAATGAAGAGG,0.130622200592102
TCCAAGGCCAGCACAAACCCAGG,0.23236154649906
GGACTTCTTCGCCCAGCAGCAGG,0.299117498397368
CGCACTCCCTCAGCTACGCAGGG,0.277220480668338
GACCAATGAGATGGAGCAAAGGG,0.16614989129229
ACAGTGGTAGTCAGAGCGGACGG,0.596332288401254
CAGCTTGGTGGACTTTGAACAGG,0.0275862068965517
CAAGTGGAATGACTTTGCGGAGG,0.28634273772163
ACGAGAACCTGGACCTGGCGCGG,0.142106004144955
CGATGGAGAAGGCCCTCGGCCGG,0.361901776384953
CGATGAATCCCTCCGAGAAATGG,0.208187508847149
ACCTCAGTCAGGATATCAGCAGG,0.17776384535047
CAAGGTAATGTAAAGGCAGCAGG,0.0238035527690282
AGCCTTGATACAGTCTAGACGGG,0.0230929989551097
ACATCCTGACTGAGGTGGACCGG,0.545538140021317
AAGGGCAAGACAAGGTGAAGAGG,0.0813688610240753
GCGAAGCCGAAGCGGAAGCCCGG,0.10138975966558
TGAGGAGAGACGACTAGAGATGG,0.402810867294044
CCTGTCATACATTGATCGACTGG,0.137084639498433
AGCGCAAAGGCAAGACGCACAGG,0.114869383490031
GGAAAGGAGATCCAATGAGGTGG,0.598537095088401
CTGTTCAACAGACACAAGCGAGG,0.114618599790972
CACGCTTGCGGAAGTAGCGCTGG,0.00857889237200003
GAGAAGCTGCTTCTGGCGGAAGG,0.122879253883638
GATGGTCACAGGCTTTACAAGGG,0.596677115987461
GGCCACTACTGGCCAGGAAGCGG,0.0241379310344827
CTCACTTGCTCCAGGGACACTGG,0.130219435736677
GGTTCTTGTTCTCCTCCGCCGGG,0.47352142110721
AGCGACCCAGGGCTTTGAGCAGG,0.0371159874608151
ACCTGGGTATGCGGTGGCGAGGG,0.634723092999373
ATTCGCACAGACTGGGACGCAGG,0.191044932078997
TGCGGGAGATAAGTTCAAGGAGG,0.0911703239289028
TTCTTCCCTCCACTGAGCCGTGG,0.0601880877742947
CCTCAAGGAGCTGGAACGAAAGG,0.052622779519373
TGCTGCCATGAGCAAAGAGGAGG,0.493699059561128
GCTCAATGGAAGGCCGGAGAAGG,0.511640543364263
AAGGTCCCACCATTTCACCATGG,0.49672936259185
TTCCTGAAGCCATGAGAAAGAGG,0.176907001044514
AGCAGAAATGGCGGCTGCGGCGG,0.046248693834859
AAGGCTTTGGCCAATGAGAGTGG,0.0206374085684013
CGGTTCAGTTTGATTTCACGGGG,0.0196447230930407
GAAGGTGTTCTTCTGGGACCTGG,0.162570532915361
CCTGCTCACAGCCCGACGAAAGG,0.332486938348589
TCCAGAAAGTAGTTCCGGAGAGG,0.587136886102821
ACCTTGTACAGAGATCAGGCTGG,0.292998955068338
AAAGGTTTGTGCCAGACCGGCGG,0.266457680250784
TGGTAAATCCTCCAGTGAGGAGG,0.181880877742947
TGAGGCGGAGAAGATCAAGGCGG,0.363981191222571
TTGTCCACATCAGCTAGGAATGG,0.258913270636991
TCCTTTCCCTCAGCACACAGAGG,0.190083594566771
TCATGATCAGTCCAAGGAGAGGG,0.375632183908464
CGGGTGACCCTTCTGAGAGCAGG,0.255527690699686
GACCATCGACATCAACAAGGTGG,0.103009404388715
AAGTCAGGATGCTGTGGAAAGGG,0.152586672901444
TGTAGTTCCCGAGAGGCCAGGGG,0.0729780564263323
GGAGGAGTTTAGGCAAGCACTGG,0.120867293625956
TCTGAGATTCCCTCCAGGCAGGG,0.249613375131034
CAGTGCACACAACAGGAGAGAGG,0.0776175548589342
CAGTCTTTGACCACTTGCCCAGG,0.341201671890909
GCTCGGCCACGGAGAAGACGCGG,0.125862068965517
GAGCCTGTGCCAATTCAGAAAGG,0.325031813967274
CCCAGATCTCATCCTGGGACTGG,0.221970162974547
TGTCTTTCAGCTGGTCAGGGAGG,0.0866980146290909
GCGCAATGAGTACCCAGAGGAGG,0.337784743991222
ACAGATTGGCGCTGTTCCACTGG,0.126050156739812
TACTTGGGCATGTGGACACAGGG,0.711327063740439
TTAGGATTGCCACCCTCACCAGG,0.0872309299895925
GCGGCTGAAAGCCATGGACCAGG,0.113103448275862
TCACCATTGCCCACTTGGACAGG,0.31634273772163
CTACCCTTGTGGCTGGCAAAAGG,0.174373506757243
CGAATTGATGGGTGATGGAGAGG,0.0824973876698433
ATTGCTCCGGGCTCTGCGCCTGG,0.123187042842257
CATCTGGTCGCCGTCCAGAGCGG,0.0820271682341066
CGCTGAGGTGAATCGCCCAGAGG,0.455862068965517
AGAGACTGCACACCTCAGAAAGG,0.164833276872227
CACGTTCCAGGACCCGGGAGAGG,0.0288087774294671
GGATTTCGGAATGCCAAGAAGGG,0.0248171368861442
TTGTATGGGCCTAAAGGCCAAGG,0.325256008359875
GCTTCAAACTGCTCAAAGGAAGG,0.459759665621317
GCCTGGATGAGGCCCGACACGGG,0.104666087739475
TATCCAGGCTGAGCGGGAGAAGG,0.32660397074232
GCGGGCAATGGAAGGCGAGCTGG,0.0505433646812539
CCTCGAATTATGATCAAGGGGGG,0.32224660397116
GGCAGTAGAAGATCCGGACGAGG,0.142800417972414
TGAAGATGGCGTCGGGCAGCGGG,0.154190177638871
TCACACCTTCTTTGATCACCAGG,0.20330767603624
TTTCGACCATTCTCTCAGCAAGG,0.105721469139688
AGGCTCGAGTTGATGCCCACAGG,0.414681295715361
CATGCCTCCTGGATATGAAGAGG,0.128861024033856
AAGAAGGTCTGGCGGCACAGAGG,0.518735632184326
GATGGACAGACCAATAAGGGTGG,0.587251828630721
CCACGTCGCCAAACAGGCGGTGG,0.0502403343783072
AGCTTGGCCTTTGACCCGAGTGG,0.145600835946081
TTACCTCCACAGAGATGCCCCGG,0.617711598746081
CCGGCACAGCTTCACGGAGGAGG,0.326029258097806
TGTGCAGAGATCTTTGCCAGGGG,0.460491118077743
GAGCTGATTGGAACATGCAAAGG,0.428119122257053
CTTGCTCCACACGTACCGGCTGG,0.757345872517868
CACACTTGATCACTCTGGAGAGG,0.281619644723511
CCCATCTATCAAAGGGACAATGG,0.350898641588715
AGCTTCTCAGCAGGGACAGCAGG,0.316996286276992
CGTCCGTGGAAGAAATGGCCAGG,0.553375130616928
AAGATCTTCAACCTTTCGGGAGG,0.297126436781191
GGTCACGAAGTAGAGAAAGAAGG,0.151149425287774
CCTGCCTGACCATTCCACCAAGG,0.657095088818809
AACTTCATTAGCAACAGCCCTGG,0.32327063740815
TGAGAAGCTCAACAAGGAACTGG,0.108171368861066
AGTGGAGGAGCTCGCCGAGGAGG,0.597523510971787
GGAAGGAGTTCACGCACACGGGG,0.482560083594984
TGACTTGGAGCTAGATGAGGTGG,0.488192267502194
GGACAATCTTCCAGCTGGAGAGG,0.0432706374085267
CATTGATTCCTTCCGAGAAGGGG,0.378808777429467
CTGCGCACGCGAGAGAAGCGCGG,0.216489028213166
GGTTTGGAATCATCCTGAGATGG,0.00499477533959877
GGGATACCAAGCTGATCCAGTGG,0.45903866248652
TTCAGTACTCAGCCTGGCAAGGG,0.0223824451410658
CATCACCATCAAGGACGACAAGG,0.0125705329153605
CACGATTGTACCCTCAGGCATGG,0.656321839080878
GGGCATACATTGGCCTAGACAGG,0.0110867293625956
TCCCGGGAATCAGAGAAAGCTGG,0.110438871473354
GAAGATGATCGAGAAGGCGATGG,0.233897596655799
GACTACCTGGTGAAGGCAGCAGG,0.108244514106583
TATCACCCAGCAGAGCCACGAGG,0.692215256008777
TCCAGCGGTGCGGGTGAAGCTGG,0.0742633228840126
CGAATCACTTGCCTCAGAGCTGG,0.248417393904578
GAGGATCAAAGTAGGCAAGATGG,0.123301985370909
CCACCATGTTGTGCTGCACAAGG,0.157508302995487
GACCGTGCCTGTGTTTGAGGTGG,0.427074190178056
AGCTTGAAATGGCGATAGAGTGG,0.0572727272727273
GATGTACATTTGCTCTCCAGTGG,0.245496342737304
TTCTTAGCGTCACAGTGGACGGG,0.144049577812666
CCGGCACCTCCTCACCGCAATGG,0.384608150470219
GCTGAGGCCACCTTACAAGGTGG,0.26115987460815
TTCCTGTGATACAAGAGGAGAGG,0.112497387669843
CATGTGTGCAACCATTGGCGTGG,0.233573667711599
AGAGAAGTGGGAGATCAAACAGG,0.00962382445141068
ACCTTCCAGGGAGGACCACACGG,0.0229780564263323
GCTAGCTCAGATAAAGGAGATGG,0.696050156739812
CCTTCACCAGTGGCCTGAGGAGG,0.432497387670219
GCAGATCACGCTTGCGAAGGCGG,0.137800883977682
TCAGAAGATACACGGACCAGAGG,0.184284221526019
TCATCCCTGCACTCTCCAACTGG,0.154618599790596
TGCCAGGTGGAGCGGCAGGAAGG,0.0859247648902821
AGCGGAAGATGGGCAGGCCCAGG,0.106317080424955
CCAAACCAATGCGATGGCCGGGG,0.0201253918495298
TCATTCTACAATTTGGGCCGTGG,0.280162430477619
GCCAATGCTCTCAAAGAGAAGGG,0.253913736641882
GCCTCTGAATTGCTTCGAAGTGG,0.34776384535047
CGTCTCTGGGACTGTGAAACAGG,0.220852085649657
GATGCTGTGGCTGAGAAAGCTGG,0.258328108673354
CGCTCGCTCCCGAACAAAGGTGG,0.0985788923720376
TCTCACCTTGTCAAGGAGCCTGG,0.251541740822447
TGACCGTGCCCACCTTCACCAGG,0.381327063740439
CATCTGCCGATAGGGTGGCAAGG,0.178626380320503
TCACTGAGGTGCTGTCCAACTGG,0.181479044897306
CTCCTTCAGAATCTTTGGCAGGG,0.0311598746081505
TGCTGACACAGTTTGCCGAGGGG,0.195297805642633
GACAGCTCGTGGGTCAGGGACGG,0.147899686520376
GACAGTTGAGTCTCAGCCACAGG,0.139707419018182
ATTGCAGGAGATCCTGCCGGAGG,0.181086729363009
CAAGCAGATCAAGCCGCGAATGG,0.153798794113607
GAGATCATACTCCCAAGAACAGG,0.205407989515864
CTACAGATGTCTGGGCCAGGGGG,0.927993730407523
TTGGCTGTTGTTTGCAGAGATGG,0.146630560048779
TGTTCATCCGACGTCCCAGGTGG,0.26198537095047
CGCGTGTACCTGAAGGAGCCGGG,0.148051667676741
AGCTGCTTGGTGTCCAGCCCCGG,0.021212121212163
ATACGTACAGGCTGTCCAGAGGG,0.0251201671890909
ACAGATGAAAGCTACGACCAGGG,0.329916405433229
CACGAAGTAGAGAAAGAAGGCGG,0.0185370950887774
TACCCAGATGCAACAGAAGGAGG,0.115266457680251
GGAGGTGAGCGAAGACGAGCCGG,0.46340647857931
TTTCTAGGCAGCCACACACCAGG,0.0950261233019436
GAAGCCTGCGCCCATTGAGCAGG,0.0132601880877743
AGCTGCTCTCCAGCTGGCGCCGG,0.12672936259185
GCTGAAAGACATCCGGGAACTGG,0.3121107628
AAGTACGAGCTGATTGGGAACGG,0.148432601880878
GGAGTTATGCAGGGCCAGCCTGG,0.267382911145958
GCCTGAAATTCTATGGCAACAGG,0.0611076280041379
GCCATGGAGCATGTGACAGAGGG,0.159822361546081
AGGACTGGCTCCCAATACACCGG,0.141159874608151
CCACCAACCCAATCACAGGAAGG,0.303364681295298
AGGGCTCTTATTGCAGGAGGTGG,0.206520376175549
AGGACCGCGAGGCCTTCCAGAGG,0.679310344827586
CACAGGCTGTGTCTGGGCCAGGG,0.364566353187461
TCACCTTGCTGCCCTGCAGAGGG,0.231588296761128
AGCTCCTAGAGACTACAGACAGG,0.717356321839498
GAACCAGCGGGCATGTCGGATGG,0.501274817137304
ACTTCCGGGTGAGGGAGGCCGGG,0.134091375095801
AACACTCCCAGTCACTCCGCAGG,0.263448182082729
CCTTGGCCACTTGCATGGCGCGG,0.14070010449279
AAGATGGGACCTCCCGGCCCAGG,0.093166144200627
GGAAGACCCTGGGAATAGGGTGG,0.322769070010031
GCATGAACTATGTCCAGAAGAGG,0.177272727272727
AATTCAGTGTGCTCTCAAGCCGG,0.328056426332288
ATTCAGCCTCTGAAGAAACCTGG,0.0657157784743574
TCCAAGGTTGCATGTACAAGTGG,0.283437826541693
CTGGGACTTGGTGCAAACCCTGG,0.626436781608777
TGGCACACCAGCCATGAACATGG,0.16294670846395
TGGACGAGTGACTAAAGGAATGG,0.394963427376803
GCTTCAGATTCACCTCCACAGGG,0.136238244514107
AAGATCAACTGAATGCGAGCAGG,0.0653187042842633
TGGTGAAGATACCTACACAGAGG,0.649592476489028
CAAAGGCGACGGAATGGAGGAGG,0.310867293626332
CCGCATCTGTGTGCTGGACGTGG,0.293871939359124
GACATCATGGAGAGCCGGCCTGG,0.0133751306165517
ATGCCATCGGGAGTGCAGACTGG,0.195899107593231
GCACTAGTCACTCTTTCCAGTGG,0.352152560084012
TGAGCTCCGTCCGCATGCACAGG,0.736050156739812
CATCGAGGCCCAAACCGCCAAGG,0.443009404388715
CACTCGCTGGGACATGGCCACGG,0.0380982236154232
GATGGGCAGGATGACAGAAGGGG,0.178908511981945
TCCTCGCGGTCTTGCTGGCCAGG,0.125851619645141
TTACTCGGAGGCAGCAAAGGTGG,0.349717868338558
GAAGTCCTGCCATTCACAGAAGG,0.166583072100313
TTCCAAACTCACCATGAGACAGG,0.168250204771914
GGAGCTTCCGGACGAACACCTGG,0.688787878787461
AGATGTTTCGGGCTGGACACAGG,0.258213166144201
TGAGTCTTCAGATGAAGAGGAGG,0.0600522466040126
ATCACCCGGTGGGCTGCAAGCGG,0.032058516196489
ACAGATTGCGCTGCTTGAGATGG,0.0258829676071473
GACACAGCAGCTTCAGGCAAAGG,0.0681713688610658
CCTCGAAGCGGCCGTGGAACAGG,0.134388714733542
CTAACGATGGCAAATGAGGGAGG,0.351253918495298
CACTGGCAGGCGGGCAAGAGGGG,0.138756530825078
ACAACAGAGAAGTTGCCAAGAGG,0.18564263322884
TACCCTTAGACGCTAGAGACCGG,0.0885684430511599
TCCGGGTGGCCTCAGTGAAAAGG,0.120078835910848
TGCCGAGTGGAGGCCAGAAGAGG,0.0333437826541693
GCTTAGATTCCAACATGCCATGG,0.233667711598746
CATTTGGCCCTAAGTCACAGAGG,0.0823928944618182
GCTGGTGGAGATGCTGAAGGAGG,0.482706374085266
GCCTGTTCTGAAAGATGAAGTGG,0.106348428387337
ACTAAGCAGAAGCCATGGACAGG,0.22705329153605
AGCCCAGACCAAAGCCAGCGGGG,0.366551724137931
CTACTTGTATCCATTTCCCGGGG,0.325203761755486
TGATTCAGCACCATCCAGACAGG,0.367607105538558
GCGGCATGACATCCCAGACCTGG,0.337419017764263
GGAGAATGACCAGGATGCCATGG,0.300522466040125
CTCTTCCCTGACCAGTGACCAGG,0.0606269592476489
TCTCTGCACCAGCTCAGGGAGGG,0.94833855799373
CTCAGTACAGACAACTGAAGGGG,0.14128526645768
AATGCTCGGAGGAAGCCCAAGGG,0.117241379310345
TCCGCGTCGTCGAATTGCCCGGG,0.2837826541279
CCAGGATGTCGATCATCAAATGG,0.298793569453168
GACGTTCTAGAAGTGCAAGCAGG,0.118051667676741
CTGGATTCCACCTTGGGCGGTGG,0.0507419017764263
TTTGGTTCCAGAGGAGGCCCAGG,0.133798794113607
ACTAACAGGAAGGCATGCGATGG,0.0974399164053918
CGTGGTTGACTTTATGCACCTGG,0.014294670846395
GATGATGGCAAACAACCCAGAGG,0.412194357366771
CTCGTAAGGTCCCTCAAAGCGGG,0.0299477533959874
TTCTTGCCAGTGGAGGCAAGTGG,0.201949264333042
ATGGTCTGGTGCTAAGAGGCTGG,0.374535005225078
CTCACATCTGGCACGCCAAGCGG,0.151222570532915
ACTGGCGATCCTACAGGGACTGG,0.148045977011912
TGACTGATACCAACAGAGGCTGG,0.465527690699686
TCGTCTTCCAGTCATTCCCAAGG,0.385381400209404
CTATAACGCTTGTCCAGGAAAGG,0.123391270602635
CTTCCTCTCCCTTTACAAGCTGG,0.255888658271976
AAGATGACCTCACTAACCAGTGG,0.510010449320376
ACAATCATCTGGCCAAGGCGTGG,0.143510971786834
GCCAGCGTGACCAACGACAGCGG,0.0712748171369279
TGTAGGTAACCTCAGCCACATGG,0.180758041762509
GCTTCCGGAGAAGAAGAAGGTGG,0.313615464994357
CTGTTAGTGCGCCTCTAAGATGG,0.0824764890282131
TCTTGGACAGCTCAACAGCCAGG,0.146473820236867
GACCAGGCGCGCCTCGAACATGG,0.870188087774295
TGACTTTCAGTGTTGGGAGAAGG,0.0982027168234483
CACAGAGAATGCACACGAGGCGG,0.171368861024451
ACTCTGAATCATGGCGACCACGG,0.185935214210658
GCTACTGCGGCAGAACCAGAGGG,0.251233019853291
ATGAAGTGCCTGGTCACGGGCGG,0.31012539184953
TCCATCAGCTAAACTACAGGAGG,0.242225705329154
GGATACCGTCTCCCTCCACCAGG,0.188631138975549
ATTGGATCCAGATCTGCGAATGG,0.199080459770533
ATGGTCACCGAGGCACCAAAAGG,0.147324973877116
TAGGGCCGGGTTAAACGGCAGGG,0.0524555903865831
GGCTCCAAGAGGTGAGCAAGTGG,0.413270637408151
TGGACTCGGAGAAGACAGGCCGG,0.282988505746708
ATGATGTTGGCACAAACCCAAGG,0.199508881922257
TCAACCGAAAGCGTCTGAACCGG,0.146175548589342
CAACTCTTCCGGCGAGAGGCTGG,0.109059561128527
AGGGTAGCTGTGAGTGAAGGTGG,0.350616509927273
CACGAAGACGCGATCGGCGCGGG,0.155851619645141
AGACCCAGAGACATATGAAGTGG,0.118730873528403
CACTCCAAGACACGTCAGCCTGG,0.128145711563889
TTGAAGGCGTGATGAGAGGCTGG,0.135548589341693
AGCACCAGGACTCACCAGGAAGG,0.571713688610658
CTGTGGTCAATGGACTCCAAGGG,0.567356321839498
ACTGGCCAGGAACGATGCGACGG,0.850532915360501
ATTGGGATCCAGACATCAGAGGG,0.627157784743573
CCGGCGTCTGCACTTTACAGAGG,0.498829676071473
GCTCTCTGAAAGTGACGCCAAGG,0.69801462904953
TACTCACCTTGAGTCAAACCTGG,0.234791479588591
CAAAGCATTGCCACGGACCCTGG,0.197069431522133
CTGCTGGAGTACGCAGGCCAGGG,0.0343469174504075
ACACATCTCAAAGTCCACCATGG,0.717502612329781
TCGCATGAGGGTATCAGACCTGG,0.194054336467712
AGAAGATGCAGTACGAGGACTGG,0.283887147335423
TGCTGGGATATTAGCTCCAGCGG,0.84435736677116
TTACAGGTCCTGCGGTAGACTGG,0.0866144200626959
TTCACAGGAGCTTGAGAAGCTGG,0.1103505182515
GGCCTCTTTCAGTTGAGGGCTGG,0.335151515151097
GATAAGAGAGCTCGGGAAGCTGG,0.112597122222234
TTAGTCCGTACCTCGAGAGGCGG,0.292215256008777
GCCTGGACTCACCTCGCGGATGG,0.577586206896552
CGCCAACACTGATGAGAAGAGGG,0.139571577847022
CTTGATCAGACTGCTCAGGCTGG,0.134472309300313
GGTGCTGCCATCCCAGCCAAGGG,0.151452455589969
ATCCTTGCATCCAAATGGAGTGG,0.378923719958621
GACCAGATCCACATCAAACCGGG,0.305621734586834
CTGGAGTTGGCTAAAGAAGCAGG,0.0335841170323511
GCCGGACTGGTGAGCACCGAAGG,0.489028213166144
CAGAGAGACTCCTTCAAGGCTGG,0.186520376175549
GCTGTGAGGTAGCAGGGAGGGGG,0.0497910135840752
AATGGTCCTTGAGTGGAAGCCGG,0.147675492128152
CTCAGTGGGTGGAAATCCAAAGG,0.207314524555486
ACACGGATATCCAGCCGGGATGG,0.605559038662069
ACTTTGGGCGCTGTGAGCGGCGG,0.0788610240334796
GGAGCTCGCGCAGACTGCCAAGG,0.528443051201254
TGGCTCGGCTTATACTGGAGAGG,0.366144200626959
ATAACCAGAAACCATGACGGCGG,0.522716823406897
CTGTCTGTTCATGGTGCCCATGG,0.131013584116614
ACTACAGGCTCACTACCAAAGGG,0.182649368826208
TGTGTTACCTTGATGACCGGCGG,0.448662486937931
TACCTATGCGGCCGTGGCCGTGG,0.146923141030973
ACTCCGCAAACTTCGTAAGAAGG,0.0580668756530408
GAAGCAGCTGGATAAAGAACAGG,0.0403239289445768
GCAGCAGGAGGCCCTTCAGAAGG,0.276311389759248
AGTTCTCTTGCTATGAGCCCTGG,0.269895506792476
TTCACCTCAAACCAGGCACCAGG,0.457220480668338
GGACAGGACCAGCGAGCACCAGG,0.515214211075862
GAACCGTGCCATGCGGGAGCTGG,0.0160606060605643
CTGTATGGCGTTGAGCAGCGGGG,0.227230929989969
CCAGCTCATTTCTTCCAACCTGG,0.476562173458307
TCAACAGCATGCTGCGGAGAAGG,0.0335841170323511
GCAGTACCGGAGGAGAAAGATGG,0.11623348585856
GGGTGATAAGATCGACAGACGGG,0.173474865168904
AGAGTAATTGCCCATGACACAGG,0.295569487983699
CGTCAGGGTCCTGAGGCCACAGG,0.0383908045977429
AATGTCTACTCCAGCAGACAAGG,0.152680716788591
AAGATCGGTTCTTCTCCAGCAGG,0.109801462904953
TCTCCACATAATCAGTGGCCTGG,0.0758307210031348
CTGACCTGATGTAGGTGGACTGG,0.0186311389759248
TTCCTGTCCCTCATGGAGACTGG,0.0276489028213166
TTACATACCTTGCTCCAAGGAGG,0.365506792058934
CCAACAGGTAGACAAGGGCGTGG,0.131118077325392
GACGGAAGATGACCGCAAGCTGG,0.0648275862068966
CCTGGAATCTCACGTGGCCCCGG,0.129759665621317
TGACTCTTCCTGGTCTGACGTGG,0.347565308254545
TACCGTCAAGGTGACAGAAAAGG,0.169274238209657
CTTACCACCACTGCTACAAATGG,0.129692211041506
CCGCTGTTACCTCCGAACCCTGG,0.241912225705329
AAACTCAATCGGGCAACAGAAGG,0.336729362591849
CGCTATCCAGCTGCAAGACAGGG,0.114952978056426
GCCAAGACCATGGCGAAAGCCGG,0.174158829676489
CCTCACTTGTGGAAAGAAACGGG,0.266321839080878
ATGGTGTCTTCCTTGGGAAGTGG,0.117163475409281
ACCCTCACTGGAATGTAGGATGG,0.493563218391223
AGGAGGAGCTTCGCATACAAGGG,0.239926854754859
TACAGCACAGCTACAGAGCCTGG,0.19191791637066
ATTATCCACGTGTGTAAGGCTGG,0.0638349007314107
CAGGAGTTGGTTCCTCGGCCTGG,0.111541740822033
GGATGGTCTCCGTGCCAGCCAGG,0.0250679205852038
GCTCAGGAGATAGTCGCCAGTGG,0.506812957157367
GCTAGCAGGACTTCTCGGCGAGG,0.237324973877116
CTGCGGAATGCTGCTGCACAAGG,0.24096133751348
AAGGTTACCTCATCAGCACGAGG,0.448662486937931
CTACTGATCTTCTCCTGGCCCGG,0.135763266422823
TTCGCTCATCTGTGCGGAAGTGG,0.210768491083262
TTCGGTTGTGTTCCACCAACTGG,0.197184374050911
AGTCCTCCGGGACTTCCCAGAGG,0.447910135840752
GCCCGGATGCCATCAGCAAGAGG,0.0227481713689028
CACATCACTGAGCTTGAGGCGGG,0.273887147335423
CTGGCCTTCTGAGATCCGCCTGG,0.124409613375172
ATTACTCCTGTGTGTTGGAGAGG,0.292967607105956
GACCACTTCCACAGGGACGGGGG,0.238610240334796
TGGGCTCCTGGTGCCTCACGCGG,0.188401253918495
AGCTTGCTTCTGTCTTGCAAAGG,0.0312016718912853
GGTTATCCACCTCCTTGAGGAGG,0.620240334378683
AGAGCACACTCTCGTAGACATGG,0.0192998955068338
TGAAGACCCACCCACTGCCAAGG,0.0767607105538558
CATGGCCGTGCAGTTTGACGGGG,0.0828422152560501
CTGGGTCAACAAGCTTGACATGG,0.138045977011912
CGACGACGAAGAAGCAGGAGTGG,0.154043887147335
CAATGTTGCTTCCGGAGCCCAGG,0.184984326018809
ATTGTAGCAAGCTGAACAGCTGG,0.32132230508577
CACCAGCATCTGAGAGAAAGGGG,0.13858934169279
TGCACTGGTCACCAAGAACCTGG,0.254430512016301
ACCTCCCAGCCATGCGGAGGAGG,0.17882491741555
GGAGCGAAACGTGATGAAGCTGG,0.209399630059186
GGCGCACTCAAGTGGGAACCTGG,0.109571577847398
CTGTCAGGTGTTGTGTGCGCTGG,0.0274190177638871
CCTTTGCCCAAATCCAAACCAGG,0.0483803552768652
GAATTATTGCCACGCCCGGACGG,0.470313479623824
ATCATCCTGAGCTTTGCAGGGGG,0.131807732497806
CATTTCCGCTGCGTGCACAGAGG,0.451734587251411
TCAAGATGGCCGAGGAAGACCGG,0.0262277951933542
CGACCAGTACAAGCTCACGGAGG,0.237868338557994
GAGACCATGTCCTGCCCAGCGGG,0.0175862068965517
AAAGACCAGATGCAACCAGGGGG,0.383751306165517
AAGACCTTCAGCAATGGCACTGG,0.947074190178056
CAAACTGTGTCAGCATGACCCGG,0.474012539184953
GGGCCAGAATCATGAGGCCATGG,0.0111076280041755
CCAATTCAAGCGTTGGGAAGTGG,0.0205015673981191
TGGAGAAGAACCTTTGCCAATGG,0.484315569488401
GGCCAAGTTACTGGAGGAGATGG,0.196060606060188
GAACCTCTTCTTCCTGCCGGGGG,0.298045977011912
AAGAGGCGGATTCTGGGAAAGGG,0.13892941062345
GAGCTTGTGTTTGAGCAGGCTGG,0.138615930999625
TGTATCCTCAGAGAAAGCGACGG,0.0769278996865204
TTACCAACAGTGGTCACAGGAGG,0.085705329153605
ATTCAGCTCTCAGGGCAAAGCGG,0.156776850539939
TCTGTATCAAGATGTGGACCTGG,0.0629467084639498
CTGAAGAGATTTAAGGACGGCGG,0.122628470184578
AAGTTCCACAAAGTCCACCAAGG,0.155538140021317
GGGTATGCTGTGACCAAGGATGG,0.129619065795864
CTGTGGTTTGGGTCATGCACGGG,0.289205851620063
TTGCCATCTCCAGGCCCGGCTGG,0.122978056426332
TGATGAGATACTCCACAGGCAGG,0.329331243469592
TCTACTCAGCACCGACCGGGAGG,0.317314524555486
TGGCTCTGGCCTGCTCAGACGGG,0.0201358411702821
TATGTACTCACCGGCTCAAATGG,0.229023454510221
ATCACTGTGTCGTGCTAGAAGGG,0.237205272692039
CTGTTGGAGACTGCTAGAACGGG,0.139905956112853
CTTGCGGTCCTTCTTCACAGAGG,0.138850574712226
CATCACTCATGAAGGAAGAGAGG,0.136886102403762
CCTGAAGAAGGCCTACAGGCTGG,0.0589341692789968
GCTGCGCGTGACAAGGAAGGCGG,0.429226750260815
TGACATCTCAGACCTTGGCCAGG,0.110789389724854
GGCCCAGACTTATGCAGAGATGG,0.186860445106209
CATTAGTAAGGACGCAGGACAGG,0.129811912225705
GGTGACAGTTAACACCAACATGG,0.69071055381442
GAGGATCCTGGACGAGACGCAGG,0.54070010449279
AGCCCAAAGGTTTGCCCGAATGG,0.236358877707713
TGTGCCAGGAACGTGGAGCCCGG,0.0727272727272727
CACGGTGCATCCCAAGCCCAAGG,0.279404388714733
GACACACGCCCTCCACGAAGCGG,0.749404388714734
CGGCGACCATGAGCACCCAGGGG,0.555370950887774
ATCCAGGATACGGTCTGGCAGGG,0.512998955068339
TCCCGTCCACCACCAAGAAGAGG,0.164122723058183
TCCTAGGGTTCTTCATCACATGG,0.0282131661442007
TACCTCATCCAGGATGGCGGTGG,0.180491118077743
GAGGAAGCGCAGCTACAAGCAGG,0.278213166144201
CGCGGCTGTATTCCGGGCACCGG,0.338798328109091
GGCCCAGCACCACCATCACACGG,0.0901462904911599
CAGTTTGGCCCAGCGGGCACAGG,0.094012539184953
AATAGAGGTGCAGGGCGGCCCGG,0.254248114907713
GACCCATCAGAAGCCGCCGCTGG,0.65435736677116
GGAGCAGATCACGCTTGCGAAGG,0.129623824451411
CGGAGCTGCTTGTGTCACCCCGG,0.120658307210031
AAACGCTTGCCCGGCGGAAGTGG,0.00592476489028215
GCCAAGCCAGCGAGGTAGGAAGG,0.0341588296761129
CGTCCAGGTGGTGGTCGACCAGG,0.0805015673981191
GCCCGCTTTGGAGAACAACAAGG,0.128213166144201
CTGAATCTCTCGCGGGCAGCAGG,0.104373506757243
TGCACGGCCACATGCTCAGCCGG,0.142633228840125
AATTCCTTCTGCAAGGAAGCTGG,0.181761176558748
TGTGCGTGGTGGACCTGGAGAGG,0.153761755485893
GAAGGCGTCAGTCACGCCAGGGG,0.243699059561128
TGCACCCTGATGTTAAGAACTGG,0.28647857889279
GAAGTCAGCACTGGTTGCACAGG,0.149205851620063
TGATGGTTGGGCTGGTGAGCAGG,0.185423197492163
CCTCACATCCTGAGAGGGCCTGG,0.431222570532915
TGCTCAGAATGAGAAGAGGAAGG,0.150172879797995
TGCCTTACCCAGCCTCGGAGGGG,0.168275862068966
CTGCGAGGTGATTGGACAGCTGG,0.455909556913983
TAGACCCTGGAGTTAAGGCATGG,0.464137931034483
GATGATTTCATCACGGGCAAAGG,0.148077324974295
CCGTGTGTATCGCCTTCCACAGG,0.421880877742946
CCTTGTCATCTGTGGACAGCAGG,0.220277373005895
AGCGGCCATCTGCCAAGAAGCGG,0.190946129536804
CTGCTACTCCTTCTGGCAGGCGG,0.256526066841256
AAGGAGCGGCACAGGCGCCAGGG,0.478892371996238
ATGGAGTCTCTGTTAGAGCGAGG,0.399070010448903
AGCTGCCAAGCTTCTTCAACTGG,0.20897120790671
CAACCCAAAGCCCGGAGACCTGG,0.671598746081505
GAACTGCGCCCTCATGGCGGAGG,0.100417972831724
ACCAACAGATCCAGAGACAATGG,0.135830721003135
ATAGGGCTGGTGCAGCCACATGG,0.215203761755486
ATTAAAGCCAGCTCGTAGCGGGG,0.371640543364263
CTGCAACTGAATTCCACCAAAGG,0.445851619645141
TAGAAGGGTTTGCCAGCCACTGG,0.372215256008777
CAAGTGCCAGACTCGCACAGTGG,0.658275862068965
GGTATTGGCTATGTGGAAGATGG,0.0189655172413793
GCTGGTGCAGCCACATGGACAGG,0.0726959247648903
GATCTAAGCCCAAGAGCAAGTGG,0.398861024033856
AGAAGTCTTCGACCCTGAGAAGG,0.120434112817807
GGGTGGACTCTCAGCAGAAGCGG,0.0403552769069593
TGACATACATATTCAGGGCCAGG,0.0541379310344828
TGTCCACTCGAGATCGAGACAGG,0.296609661406773
TGTACCAACTCCAGGCGCCGAGG,0.285297805642633
TCTGCACCATTGTCTCAGAGTGG,0.0875235109717868
GCCGCGACGGCGTTCAGAACGGG,0.178574133716491
GATATTCTTCTCGATGAGGCCGG,0.0787356321839498
ACTCGGTCCAGAAGGTCAAGAGG,0.0466666666667085
TGGGCAAGCCAGCTGCCAACCGG,0.0708568443050784
CTTCTCCATCAAATTAGCCGTGG,0.242580982235737
CACAAGCTGTCCTGACGGCATGG,0.119247648902821
TGGACCTATCCTTGCACCAGAGG,0.245882967607523
ATGAGGTAAGTGCCGCCCACAGG,0.150188087774295
CTCTAAGGTTACCACCGAGAAGG,0.143793103448276
GCTGCAAGAGGACTCTGACCTGG,0.110658307210031
AGGATCCAATAGCAGAGCCATGG,0.114394405398835
CCGGGCTTGGAGGTTGCAGCAGG,0.137701149425705
TCCTGATGAGGAGAATGAAGAGG,0.0692267502611912
GCATGAGGACGATCTGCGACAGG,0.442225705329154
GAAATACCAACCCGGTAAACTGG,0.180298271647525
CTGACATGATGGTAGACACCTGG,0.0700626959247649
AGAAGTAGCCAAACACCCAAAGG,0.241556948798746
CATGACGGCAAGCCCTCCGAGGG,0.428390804598119
ACCTTTCAAGAGGATGGAGCTGG,0.215387090874234
TGTGTCTGTTGGAGATGACCAGG,0.156739811912226
TACGTGATTGACCTGGAGAAGGG,0.474409613375549
AGTGGATCACAGGCCTGAGCTGG,0.0134691745036991
GCTCCAATACGAGGGAACAGTGG,0.746635318704702
GCGTCCAGGCTGTAGGAAGATGG,0.112116453465707
GGGCGTGGAGATGTACGACCTGG,0.613469174504075
GGCACTCTGCACTACAACCACGG,0.246520376175549
GCTTACCCAGACTTCTCAGGAGG,0.265381400209404
AGAACCTGTCCTCCCGCCCGGGG,0.534117032392477
TCCGGGCCTGATCCAAAGCCGGG,0.121886568408277
CTTCCGCCTTCTTGGGCAGCGGG,0.151447696934923
GATAATGGCTACCTACAGCCTGG,0.0589132706373668
GAAGAAGGCGCTGCTGAAGCTGG,0.00668756530825079
TGAGCCCATCTACAATAGCGAGG,0.140553814002508
TGCAAGTCTCTTGCTCAACATGG,0.0628944618599373
GCATTTCCTGCAGTTGGAGCAGG,0.156661908011161
AACCATCAGAACAGGAACACAGG,0.24294670846395
GGAACATCTCCGCCAGCACCTGG,0.701640543364263
CAGAACGCGTTTCCAGCAGCTGG,0.0841588296761129
AGCTGTTTCAGAAGAAGAGGAGG,0.136703705294296
CACCAAAGGGATGTCTGCCATGG,0.582685475444514
GATTGTAAGTGCCTGGAGGCCGG,0.0829676071055799
TTACCTTTGCTAAGCTCGGAGGG,0.521567398119122
TCCACTGGACACATAAAGCCTGG,0.0021107628004138
GCAAGAAAGAGAGCCGACCAGGG,0.181614886067588
TGAAGAGTCTTGTCCACAGCTGG,0.0662173458724765
AACGCTCTGATCGCTGGAGCAGG,0.288756530825078
AAACTTGCGCACATAGCGCCGGG,0.460940438871473
ATGGCTCTGTCCAAGGACAGCGG,0.108469640508553
AATACAGTGTTCTGGTAGCCTGG,0.360047487948465
GGTTGTCCAGGCGGGCGAAGGGG,0.210668756530407
CACCGAACTTGCAATGCAGCTGG,0.0318913270636991
TCGACCTCGTTTCTTAGGCATGG,0.162544875618309
CGTCAGTATTTAGGATCCCATGG,0.28198537095047
GGAGAGAACTGTTTGAAGAGAGG,0.498150470219436
GACAGAGCAGCTGCTGCGAGAGG,0.388881922674608
TGAGGACATCTGCAACCAAGAGG,0.273469174504075
CGCCTTTAGGACATACCCAAAGG,0.214289912190848
CTCCCACCGCCACAAGAGCCTGG,0.0303448275862069
TCCATGCAGCTTGAGCAGAGGGG,0.400626959247649
ACCTAATGCGCCAGGTAGACCGG,0.205293046987086
CGCTCACTATCAGAGAGAACTGG,0.234258564228089
GGTGAAATCCCTCCAGGAAGAGG,0.0817450365726646
CGTGGCGCTAGGCATGGCGATGG,0.142654127482132
AGAAGAGCGGAAACCTCAGCTGG,0.135078369905956
CCTCGCTCACTTCACAGCCCAGG,0.350397074190596
AGACTCGTTGGCATCAAAGATGG,0.103416927899687
ACATACATTCGGAAGAAGGGTGG,0.171337513062069
ACAACCCTGGAGAGAACAGAAGG,0.445632183908464
CGGCCCAACCTCTCGCACACGGG,0.149665621734169
ATCCTTGCCACCATGTAGCCTGG,0.187769536015299
GCGGTTAGGGCTGAAGCACAGGG,0.559477533959875
AAGCAAGGAAACCAACCAACGGG,0.10566353187047
GAGGTAATGATTAAAGGCGGTGG,0.0655799373040752
TCGCAAGCAGGCAGAGAGGCCGG,0.023928944618558
AAGTTGATGTGGAGGGAGCCAGG,0.00126436781608775
GCTGTACGAGATCCAGCACGGGG,0.336248693834483
GAAGATCACCATCTCTGGAAAGG,0.0921212121212539
TGCCTGGCTTCACCAAACCCAGG,0.270167189132288
TCGACACTGTGGACTTCGAGCGG,0.168647278962008
TGCTGAATTGCTGGAGACCATGG,0.405005224660815
GGTGGTGTCTGTAACTGAGGTGG,0.139843260188088
CAGGGCCTTCTGGACAAGCATGG,0.198741322849155
TGAAGGCGGTGAAGAGCGAACGG,0.136039707419436
TCTACCGGGAGACATTAAACTGG,0.180434112817807
CCTCAAAGCTCTTCGGAAGAAGG,0.13149994353881
ATGTTTGCTGCAGAAGAGACAGG,0.105920006234773
GGGTATTTCTAGGCAAGAGGAGG,0.554858934169279
CTGGACAGCGCACTACGACCCGG,0.628035527690282
GGAATCACAGCTGCCTGGACTGG,0.120010449320752
CGAGATTCTACTTCTTCAGGAGG,0.182388135806397
GAGGGAGACGCCCGAGGACAGGG,0.274702194357367
TGTTGCCAATCAGCTAAAGGCGG,0.150888192267085
CAGGCCATACTTCTTGGGAACGG,0.111755485893417
GGTCGTGATCGACCTGGGAGAGG,0.407774294670846
ACCAACCCAAGCTCTGGCAAGGG,0.16660397074232
AGAGCGTCTCCAGCATGACCAGG,0.485350052247022
GGGTGGCCAGTACTTGCGGGTGG,0.766133751306583
TGTGTCAAAGCTCATGCGGATGG,0.559686520376176
CACCATCTGGTAGGTCACAATGG,0.202785209996491
TGGTAGGTGCACATGGGAGGCGG,0.253176593521003
GGGACTGCATTTGCTGACAGTGG,0.119111807732539
CGCTGTGGAGTGAAGTGAACCGG,0.255297805642633
TGTTACAGGTTCCAAGGAGCAGG,0.152298850574295
ACAGGTACTCGCGGCGCAGGCGG,0.0332183908046395
ACCTTGGACTCAAGTCACCATGG,0.514754440961756
AGAGCTGGACGGCGAGGGAGAGG,0.0766875653082132
GAGCTCCACTCCCTCTCCACTGG,0.54057471264326
CTTCATCTCCTACGACAAGATGG,0.240308720967901
GGCAACAAGTTTCCTACCAGTGG,0.475360501567398
CATTCAGACAGCCATTAGCACGG,0.088672936259185
GCCGTAGCAGAAGCAACAGCAGG,0.12602449944276
GAACCGAGGTCGACATGAAGTGG,0.271118077325392
GGACCGAAGCACGTGGCGCAAGG,0.0400940438871474
TCTCTGCTCTAACTGGCCACCGG,0.0404911180773668
GATTGATCTCCTTGATCGGAAGG,0.686144200626959
TACATGCACTTCCTGGAAGATGG,0.063187042842257
TGCTCGTGGCTGAACTGCGCAGG,0.0986624869383072
TCATTACCTGTAGTCACACCAGG,0.271107628003762
GCAGGGCAACACCAAGGCACTGG,0.66494252873605
TATTCAGGCGCGGCCTCCACTGG,0.148453500522884
AGTCGGAGAGGAAGCCCGGCGGG,0.594117032392476
GACTCCGAAGACAGTCAGCCAGG,0.0464576802507837
TGAAACCGTGAAGGCAGCAAAGG,0.0461128526645768
ATCTCTAATGACGGCAACAGTGG,0.0415464994774922
GCAGGACCAGCCTGCACGAAGGG,0.162064206861694
TGTCATGTACGGCGCGAGCGGGG,0.00974921630094045
AAAGCCTCACAGTACTGCGCTGG,0.266165099268965
TCACATAATGGGTGAAGCCATGG,0.35916405433605
AGCTCTTCACCGAGGTGGAGGGG,0.555611285266458
CTATGGGCAAACGCGGGAGCCGG,0.110183329118785
CTTTGTAGCTGTAGGTAGCCAGG,0.00801462904911599
GCCATTCAGGTGGCTCCCGGAGG,0.13237199582069
GGTTATACTCTGCTGTCGGAGGG,0.406509926855173
GAAGGGTGTCACCAAGGCCATGG,0.133662952943199
AGCAATCAGCAGTTCTCGCCGGG,0.251745036573041
TGGGCAGCTTGGATTAACACAGG,0.116645768025078
TGGCCGTGGACTTAGGCAACAGG,0.192816557958873
CTAATGCTGCCTGGACCGCAGGG,0.179232440926522
GCTAGAAGATACATTGGCCCAGG,0.0134169278996865
CAAAGCTCTCGTCCACCACCCGG,0.754670846394984
CGCGGTTGCCTACTACCAACAGG,0.01861024033442
GACACTTGCCAAGACTCAGGTGG,0.384451410658307
CGAGGCGTACATACCCAAGGAGG,0.426123301984953
TGCAACGTTCAGCACCCAGGAGG,0.198620689655172
ATGACCAGGGCACTGCCCAGTGG,0.336572622779937
AAGAGCAGTGTAGATCAAGCAGG,0.212597122222196
ACAGTATCATGAGAGTGAGGAGG,0.154033437826959
CTCCTTATGGGCTCCTCACCTGG,0.106400674991312
GGTCCTTGGCCACAGTAAAGAGG,0.644681295715361
CCTCAGTACCTGTATGAAGGAGG,0.228526645768025
GGTCACAATTCAGAATCCCAAGG,0.192633228840125
ACGCACCACTCGGAACACCCGGG,0.741922675025705
TGTGCAGACACATTCAGAGCAGG,0.509571577847022
CCTAGAATACGTTTCCACACGGG,0.362915360501567
CCAAGTGGGTGCATCTGAACTGG,0.00228840125391849
ACAATACCTGAGGTGTAGGGGGG,0.366990595611285
GCACCTGGATACCCACAGCGAGG,0.701912225705329
GCTGATCGTCATGGCCAACCAGG,0.055423197492163
AGAACAGGAGCGGCTTCGGAAGG,0.294273772204389
GCAGGCGCAAGCCGGCAAGATGG,0.183662952943199
CCCAGAGGAAGCAGATAAAGCGG,0.011703239289442
GGGTTACCTCGATGAGAGCCTGG,0.0445350052247022
TATTCCAGTAGCTCCAGAACTGG,0.285475444096552
CTCTTTGTTGGATCTGAGACCGG,0.145993151480378
GCTGATACAGCTTCTGAGCAAGG,0.306108094008654
AGTGGGCGTGGAAGCAGCCAGGG,0.685841170323511
TGACTGGTCCGTAGTGAGAGGGG,0.0359561128526646
TCACTCCATTGATGGCAAGCAGG,0.151301406443763
TATCAAGCTCATGACCAACCTGG,0.291724137931034
CACCTCGGCCTAGGAGCCAACGG,0.405653082549216
ACAATTGTAGATCCCAAGGGTGG,0.246718913270219
TACCAGTATATGCTGAACGCCGG,0.224305120166771
ATAGATGCCCAGCTCAGCAATGG,0.455527690699687
CAGCCACCTTGACATCAGGGAGG,0.221358411702821
ATGACACCGTCCAGCAGGACAGG,0.0658934169278997
TGATCTTCAGGATGAAGGCCCGG,0.518735632184326
CGGAACAGCACAATCCGCCCTGG,0.17635318704326
GAAGAATCGGACCCAAGAACAGG,0.358453500522884
GAACCTGGGCCAAGGCGACAAGG,0.306583072100313
TTACTGGCTACTTGAGAACCTGG,0.0961964472309718
GCACTATTCGCAGAGCCAGCTGG,0.199253339568152
GCATGGTTGAAATGATGGACAGG,0.600679205852038
AAGGCCTCTCTGCCAGGCAAAGG,0.363688610240752
CGAAGCCTCCTTTGGGCCCGGGG,0.0939184952978057
GCCCTTGTCGCAGACTCACCTGG,0.169190643643387
ATTGCATCTTCAGCCAGCACTGG,0.820292580981818
GCGTGAACGCCTTCAGGACCTGG,0.108281552734259
CGTCATGGATGACGTCAAAGTGG,0.19034006893066
GGTGGACCTTAGTGATCAGGTGG,0.76307210031348
TCCTGAGCTCTTCGAAGCACTGG,0.173119588261945
GATCGAGGGTCTGCAGAACCTGG,0.0712330198536677
GCCATCAAAGTGGCAAAGAGAGG,0.39198537095047
CTTGTTCAGCTCCTCGGCAATGG,0.656425799637588
ACTCGGCTGCCCATGTCCAGCGG,0.240167189132288
AGACCGGCTCACAGAGACCATGG,0.189832810867712
GCCATTGTGGTTGCTAAGGAGGG,0.00552769070010032
GGTCCAAACTGTCTAAGCCCAGG,0.718150470219436
CGTCCCTCCTCAGTATCGCAAGG,0.253845350052665
GATGTCGACTCTCTACCGCCTGG,0.555276907000627
AGGTCGGCCGGAAGGAGGAGAGG,0.594984326018809
CATGCTGCGCGTGACAAGGAAGG,0.474503657262696
TCTCCTCCAGAGACGAACAGTGG,0.447575757576175
ACTGCTGCTGCTCACCCACCAGG,0.0494879832811285
ATATGACCATCTCCCAGAACAGG,0.00927899686520379
ACCAGTGCCTACACCAAGAGTGG,0.546415882968025
AGTGGAACAGCGGCAAGAAAAGG,0.119901197457306
TGATGATGACGACATGGGAGAGG,0.214284221526019
CTCGCAGCTGGTCTTCAGCAGGG,0.557565308254545
TGAGCCACAGTTATCAGGAGAGG,0.222810867294044
CATCGTCGCCAGGACTCAGCGGG,0.423615464994357
CGGTCTTGATAAGTGAGAAGTGG,0.234963427376803
TGGCACATGGGATAAGGCACTGG,0.555496342737304
GGGATGAGGCCAATGAGCCCAGG,0.367565308254545
ATATCCTCGCTGGGCGCCGGGGG,0.43423197492163
CTCCTTTGTGTGCTCAACCATGG,0.320229885057053
ACATCAGCACCCACTGGCCCCGG,0.0555799373040752
CCTGTCCTGCAGCTATGGAAGGG,0.1358934169279
AGATTTCAGCGCTCCTACCCTGG,0.703793103448276
CACATCTCTGGATAGTGACCTGG,0.184326018808777
ATCCTCCTCATACTTAGAGCAGG,0.0114315569488025
TGTGCCCAGGTCCACCAGCAGGG,0.141358411702821
TATCATCTCGCCTAAGACCAAGG,0.377920585162382
CTTGCTAAGGCACTGACCCGAGG,0.352027168234483
TGAGATGTGCCTTGGAGAGGAGG,0.26705329153605
TTCTGTAGGAGCCAATGAGGTGG,0.0853814002090282
CGCAGGCACCTTGGCAGGAGCGG,0.185136307175174
GCCACTAACCTAGGACGACAAGG,0.253009404388715
ACGAGATCTGGAGACCGACGAGG,0.239487983281505
TTCAACCAGTTTGGATGCCAAGG,0.0119226750261191
TCCTGTGTACCTGTTCCACAAGG,0.10574712643674
GGAGATCAGATTAGTCAGCAAGG,0.677492163009404
CTGATGCTCCAGGTCCACACTGG,0.608871473354232
GGGCTAGGGAGGCTTTAGAAGGG,0.117194823371663
CTCGTCCGAATCCTCTCACATGG,0.569561128526646
CGCCGATTAAATGGGCCGGCGGG,0.176714154615174
CACTCTCACCAGTGATGGGCTGG,0.0393834900731034
AGGTGCTCTTCCTGGCCCGACGG,0.251076280041379
GCCAAGGTGATTGACAGAGATGG,0.203260188087774
CCAAGCTCTCGCAAAGACAGAGG,0.0230616509927273
GGCAGACCATGTGGTAAGCACGG,0.198944618599373
AGACGCTGGCGCTGGCAGAGCGG,0.337220480668338
CCTCCGTTCAGGGCCTCCAGGGG,0.15974921630094
TTTGCTGAATTGCCACACACAGG,0.205711019818936
CCGCTTCACCCGGAGTACAGCGG,0.387690700104075
ATCCTAAGCACCAGAAAGCCTGG,0.114749682305832
ATAGGGAGTGATCCACACGATGG,0.772884012539185
CTCTCTTGATGGTGCGCAGCGGG,0.354061557213137
CCTTGTGCACGTTGATGGAGGGG,0.251556948798746
AGACAACTTCATACTCAGCCAGG,0.147581448241005
CCGATTTCGAGCGACCCAAACGG,0.14164623402997
ACCACACGCTCTTCTGGAGGAGG,0.178275862068966
AGCCCGGAATGAGGCCGGACTGG,0.168526645768025
GATTCCGCAGCGAATGAAGAAGG,0.11483327687219
AGTCGGCATCTCGGTGAACCTGG,0.535945663532288
GAAGAGGCCATTGTCCAGAGTGG,0.530637408568025
TGGTTCTATACTCAGGAGCCAGG,0.0
CGTGCCCTATCGCCTGGAGCTGG,0.189435736677116
AGGTCCTCCTCAGGGAGCGGGGG,0.205203761755486
AGCCTGTGCCCTCCTTACCATGG,0.452225705329153
AATTCCCTGAAATCCCACGGAGG,0.0712330198536677
TTCCTTGTACTCCGTTGGCGGGG,0.104848484848527
CATTGCAGCGGTTGTGGAACAGG,0.147999421072854
TCTCCAGTTCCAGTTGCCGGCGG,0.402518286310972
AAGTAGAAGTCATCATCGGGAGG,0.115502033403011
TGGAGGACACCATAACGACCTGG,0.17814002089906
AGAAGCGCAGCAACGTGCGGTGG,0.373124346917868
TACACATCTGTCCTCCACAGAGG,0.214472309300313
GAAGGCGGCTTGTGCCCAACTGG,0.201573088784453
TCACAGTTGCAGTCACACGGTGG,0.512518286310972
GACTGTCCACTTTGTTGAGAGGG,0.129775805607776
CTATTGAGCCTCTCTACCGAAGG,0.30518286311348
AGATGGTATGGTGAACCACGGGG,0.150313479623824
ATCTCTGGCAGCATTGAGCACGG,0.368066875652665
CTTCTCTCTAGAATCAAGGCTGG,0.148887613340315
CCGCACCATGTTGCCCACGGTGG,0.271588296761128
CTCCTAAGATGATGGAAAGGAGG,0.226321839080878
GATGCCTCACCCTGAGACAAAGG,0.278035527690282
CCTGACAGCACTCTGTAGGGAGG,0.631295715778056
TGCTTGTATCGAATGCACGCTGG,0.0147439916405016
CTTCGACCCTGAGAAGGAGAGGG,0.0477847439915987
CATTGGCGCCAAGATGGCGATGG,0.302466039707837
GGGAGTTGTCCGAGGCCGAGCGG,0.67070010449279
TATGTGTGCTCCACAGGAACTGG,0.140893882932792
AGTCGGCCTCCAGCTTGACCAGG,0.537784743991223
GCTCCTGTCTTTGAAGGCGGTGG,0.107874029223287
AGTCTGGCCGTGTGGCCGCATGG,0.330434112817431
GACACAGACTCTGAAGAGCAGGG,0.542549634273354
TCCGAACAGTGGGTCGGGCAGGG,0.139629515116741
CTTTCTGGTGCTCCTGGAACTGG,0.147497853674735
ATCTGACAAGGTTGTGACACGGG,0.149320794147962
TGACATCCTTGCTGCAGGGCAGG,0.327544409613793
GGCAGTAAAGCTCGTTCAGGAGG,0.178254963426959
CAGCAGCCAGTATTCGGGAAAGG,0.726948798328526
AGGTCATTAGAGGAAGGAGAGGG,0.162591431557367
CCTAGCGAGCCCTCACCACCGGG,0.192779519331661
CCCTATCCAGATTGTCGAAGAGG,0.381588296761128
GCTGCAGAAATAGAAGGAGCTGG,0.135235109717868
GCCAGATGCTTATGATGACCTGG,0.178934169278997
CATGTCGGATGAAGAGAAACAGG,0.109613375130658
TGCACACAGATTGTCAACAGTGG,0.528829676071473
TCAGAAGCGGATTGAGAAACTGG,0.233318125356616
CAGAAGTATCACACTCACCATGG,0.718829676071473
CTTGCGCATCTCAGATGGAGTGG,0.396123301984953
CCAGGAGATGCACTTGCAGCAGG,0.294519797248779
AACAGCTTCAGGCTTGGCGGTGG,0.451525600836364
TGGCAATGCCATTCTTCGAGAGG,0.0855903866248276
TCCCGGTCATGTAGCTGGAGGGG,0.0828526645768025
AGCCGGATTCTGGACCACAGGGG,0.248244514106583
GCAGTGAAGACTCTGCCAACAGG,0.127529201637118
ATTCCTTCTTCAGCAGGGAGAGG,0.254990016684516
CTGTGAGTATCTAGACAGAGTGG,0.12482282755135
TCACATTGTTACCACCACCAAGG,0.0898955067921003
GATAAACCATGGCGTAAACCTGG,0.359780564263323
GGAACTAGCCGCCAATACAAAGG,0.301713688610658
TGACCTTGAAACGCTGAGGAAGG,0.23224660397116
ACAGTTGGTCGCTGGGCAAAGGG,0.137153026088528
AGGGCTGGCCTTTGCCACAGGGG,0.0262486938348589
CCGAAATGGAGACTATAAGGAGG,0.377230929989969
CCTTTCTGCAGATTTGGAACGGG,0.235115408534045
GCACTCGCTCTGGACTCAGCAGG,0.120684896516867
GGACCCTGCATACCTGGAAGCGG,0.458401253918495
AGCTCCAGCTGCTGAACCACCGG,0.418085235374266
CAACCTGGCCTCTGACGAGCAGG,0.072236154649906
ATGCCATGATCAGGGCCAACAGG,0.110747592441669
CAACTTCTATGAGAAGCAGGAGG,0.0880982236154232
CACCAAGAAGCTGCTAAACCGGG,0.220501567398119
GGCCCGACGCTCTATGGACAGGG,0.19634273772163
GATCCAGTTGGAGCTCCCAAGGG,0.921253918495298
GGCCATGGAGCCTTGTGGAGGGG,0.172027168234483
GACGCTGGACATGTTGGACCTGG,0.162089864159248
ACACGGTCTGCTCCGTAAGGGGG,0.216771159874608
CGGCGGTAGTCAGCCCAGACGGG,0.183903287321506
ACAAGCTCCTGTTATACAGCAGG,0.0854545454545455
AGAGGCTTCTTCAAGAACACCGG,0.315726227795611
TGCCATACTTCCCTCTACACTGG,0.155569487983699
CCAAAGGAGACCAGAAAGGGCGG,0.0668861024033856
CCGCATCGTGGCACCTGGCAAGG,0.146369327028967
CACCTTTGCCCGGGTGCCAGTGG,0.0947335423197493
TGTCCACTGCACAGTTCGAGGGG,0.66659352142069
TGTTGCTGCCTCTCCTCACAAGG,0.0438557993730408
TGCCCTACCTGTGGCACAGAGGG,0.0364263322884012
CACAACCAATGATGTTCCCAAGG,0.505621734586834
GCAGGCGGCCGAGGTGAAAGTGG,0.262967607105956
GCTTCTCGGATGAGCGGCACGGG,0.351274817137304
CGATGGCGTCAAGAAGGGCCAGG,0.207382911145958
TGTCTTCCGGACTCTGCGGATGG,0.635318704284639
CACATCACGGCCTGACAGAGTGG,0.397366771159875
CATGCCTGACAAGAATGAGGAGG,0.0380982236154232
GGACTATCACAAGGAGCAGGCGG,0.206572622779937
TGCATCCACCCTCTTTCAGGGGG,0.166687565307837
CAGCTCATCAAGGTCCAGGAGGG,0.10126436781605
GGACTGTAGAAGAAAGCGAGTGG,0.247826541275235
GAGTGCTCTACCAGAGGAGGAGG,0.268918961302698
CGATTCCGCTTTCCTTCAGCTGG,0.000407523510971784
TCACTACATGCTTCAGCAGACGG,0.1600892852316
CTTGGCTCATCTTGGAGCGCAGG,0.481295715778056
GAGACCCTGGCAGAGGAACGGGG,0.687387669801881
GAAGCGACTGCAGAGCCAGAAGG,0.496300940438872
CGCTGCCTCCAATGCCAAGCTGG,0.183866248693417
ATCTGAGGCATAGGGAGAGCTGG,0.0760188087774295
TGGGCTCAGGGTTCTCACCATGG,0.576781609194984
ATGTGGACGTGCTGAAGACAAGG,0.0921212121212539
TTGGTCATTGCTGGAGGCGGGGG,0.37212121212163
CTCCCTTGACAAGTACGCCGAGG,0.454336468129154
ACCCACAGAGAATGCACACGAGG,0.526029258097806
TTGGAGGCTTCTTCCGAGCAAGG,0.107194823371663
CAGCAAGGCCGAAGTCACCATGG,0.11974921630094
CCCAGCTGTTATTTGAGAACCGG,0.0890282131661442
TTGTCCGGTTGGCAAAGGACTGG,0.117241379310345
TTAGGGTGTCAGCCTGACCATGG,0.469540229884639
CTCCCGCTGGGTGTTCAAGGAGG,0.31115987460815
CTGGCTGCAACCAGGAGCGCTGG,0.590010449320376
GGAAGATCGAAGGGCAGCAATGG,0.248202716823824
GAGAGTTGCTCCCAGACAGAAGG,0.0911494252873981
TTCTGGCTCTCCGTAAACAGTGG,0.190329619609908
ATCACGCCAGGAAAGCGACCCGG,0.27096133751348
GCCTCCCAGGAGTACTAAGAGGG,0.0535423197492163
AGAGAGGGAAACTCTAGAGAAGG,0.308787878787461
GAAAGCAGACCTGTTGCAGCGGG,0.0521734587251411
AAGGCTGACCTTGGCCCGCAGGG,0.172539184952978
CCACGTCCTCTACCTCCACCAGG,0.17036096757229
GGACATCCAGGACAACCACGAGG,0.434629049112226
CGTCATCAGCAAGAACAAGCTGG,0.245846860989218
GCTGCAGGCTGACTCACAGGCGG,0.205329153605016
CAACTCTCAAAGTAGAACCCTGG,0.23539184952978
ACAGCCGGCGAAGAAGAAGCAGG,0.234838035527273
CCTGAGGCTCATCAACACACAGG,0.0113166144200627
GGATTGAGAGGTTCCAACACAGG,0.208129571577429
CTCCGGCTTCACCGTTGCCATGG,0.107168234064828
TGCATCTCAGTGCTTTGAGAAGG,0.125423197492163
AACGGGTTGGAACACCAGGCAGG,0.301379310344828
TCTTATTCCCTCCCAGGCCGTGG,0.0977324973877116
TTTGCACAGTTTGGCCCAGCGGG,0.213558459735299
CCTACCTGAGGATGATCAAGCGG,0.361201671890909
CAGTAACTGTTTCCACAGCAGGG,0.602800417972414
GCGAGGACTTTGTCGGCGAGCGG,0.071044932079373
AACAAGGCTGTCCTTGAAGAGGG,0.129132706373668
AGGCGGTCTCGATCACGCGGTGG,0.23871473354232
CAGCAAAGGGCTGGTCGAGCTGG,0.135512482723763
TGTGCGGCGATTCCGAGGACAGG,0.123448275862069
CATCCATACCCACCAGGACCTGG,0.00277951933124764
CATATGAGCTCAGCTGGCACAGG,0.191389759665204
GCTGATGAGCCAATTGACAGAGG,0.301494252873981
CACACTGACCATCACTCAGGCGG,0.841003134796238
AAGGTGAGAAGACGGAACAGAGG,0.255694879833229
GAAGGGCGGCGAGAAGGAGAAGG,0.28608018861687
GAGAACGGAAAGGAGAAGGGCGG,0.40008018861687
GAGAAGGGTGATACGGAGAACGG,0.282832665105898
GTCTCCGGCCATAATGACCCAGG,0.171694608679566
GGAGGAGAAGATGCCCGGTGCGG,0.429027022472669
TGTACTTCATCACTATCTCCCGG,0.232508903350412
GAGAACAGGGTACGATAACCGGG,0.357380502096493
ACGCACGGACGTGTCCCAGGAGG,0.36419479676734
CGGCACATCGTAGAGACGCACGG,0.427673668240694
ATGTGCCGGCCAACTCCATGCGG,0.353099122786149
TTGAGCCGCATGGAGTTGGCCGG,0.226741630623139
GGAGTTGATTGAGCCAACACTGG,0.318252226234425
CAGAACCGCATGAGGGAAAGAGG,0.155223762284581
AGAGGAAAGTGGAATCTCTGTGG,0.213590031877058
GAGGAACTCGAGGCCGAGCATGG,0.291122194886462
AGTGGAACTTGCCTGTGCTGCGG,0.212331724667026
TTCCGCAGACCTCCGCGCTCTGG,0.187092100842575
GAGGAGCTGCCAGAGCGCGGAGG,0.409827273256368
GTGGCGAGAGCACACGGAAGAGG,0.406094232504017
CAGGGAGTGGCGAGAGCACACGG,0.263289467613735
CGCCTTGGCATCGCTCGCCCTGG,0.224066270121572
TAGTGCTGACTTCACCAAGCGGG,0.269424389243829
TGCAGGGCATGTGATATATGTGG,0.181284326547904
GCTGCCGATGCTGTAGAGGATGG,0.216140000529095
CGATGCTGTAGAGGATGGAGAGG,0.246359812441321
GGATGGAGAGGAAGCCGCTCTGG,0.342911912754801
CGGCCTGCAGCTGTTCCGCCAGG,0.219786144729722
GCTGTTCCGCCAGGTTGCTGAGG,0.428538997394299
GGTTGCTGAGGGAGGACAGGAGG,0.345350408052606
CCTGTGGCAGAGTGCCCTGCGGG,0.317065266986776
TGGAGGAGCAGCAGGGCCTGTGG,0.256159687049472
CCCGTGGTGGAGGAGCAGCAGGG,0.378771975450726
GCCTCCTGCACGGCAAGCAGAGG,0.46581335476107
AGCAGAAGATGACTCAAGACCGG,0.201976444784768
TCAGCGACAGTATGACGAGATGG,0.193085831250099
TCACTCACCAAGGGCCGCGCCGG,0.163929467613735
TCTGCACTGTCACTGCGCTGCGG,0.319563072629409
CGTGTGAGAATCCCTAAGGCGGG,0.236097367300255
TTCCACGGCTCCAGGCCCGGCGG,0.268168715262638
GGAGCGGCAGCGGGCACAGGAGG,0.340809216830036
AACACGGCCAAAGGATTGAGTGG,0.265324828115302
GGAACATGGCGGAGCGCGGCAGG,0.180068652566713
AGTGCTGTGGCCTTGCTGGTGGG,0.175746019337873
AGATGAGCAGGACTCAGAGGAGG,0.169800940967967
AATCTTCCGGACGACCGGCATGG,0.334232288930349
GGGTACCCGGGCTATGGCGCCGG,0.40085084692408
CACAGAGGGCAGCGCTGCGCCGG,0.19482689708082
AGAAGGTCTGGCGGCACAGAGGG,0.33177335476107
CGCGACCACAGAAGAAGGTCTGG,0.186037179212481
TTTACAGCCGCAAGCACCAGCGG,0.351817492692105
TCAGCTGCCGCTGGTGCTTGCGG,0.309324451939754
GCACCAGCGGCAGCTGAAGGAGG,0.311229655701509
GCGGCAGCTGAAGGAGGCTTTGG,0.344655110246964
ATCATTGGTTACCATAAGAGAGG,0.186290470748531
TCATCCACAGACCATCATAGCGG,0.34490689708082
TTCTCTCCAACCCGCTATGATGG,0.246051097707779
GGGTTGGAGAGAAGCCACGAAGG,0.391246458209346
CATGAGAGTGATACCTTTGGCGG,0.52105887200245
AGCAACATTTCCGCCGCCAAAGG,0.237187524040067
TTGCTGAAGCGGATCTGGGCTGG,0.160824765419378
GGATCTGGGCTGGCTTGTCGCGG,0.284264640027528
TGGCTTGTCGCGGTCCTGATAGG,0.299893229369221
GGGTGCCACATTCTCGGGCATGG,0.199294483287716
GGCCGCGCTGAGCTCACTCCGGG,0.361953668240694
TTCTGCCCTAGGATAACGCTGGG,0.237427147864519
GCGCAGCACCCAGGGTTCGGAGG,0.339418245043202
TGGATCGCGCGCAGCACCCAGGG,0.303635549118437
GCGCGCGATCCACCGCACGACGG,0.407513292065146
CGGTCGCAGCCGTCGTGCGGTGG,0.213451097707779
GCTGCTGCGAGAAGAGGTGTCGG,0.380795925293986
GGAGTCGCTGCTGCGAGAAGAGG,0.416172602409973
CGGCAGCTGGAGGATGAAGAAGG,0.257623009933484
TTCACTGCCAGTTCTCCGCGTGG,0.315927837519691
ACGGGTACCACGCGGAGAACTGG,0.293022382974236
TCGGAAGAACGGGTACCACGCGG,0.303008339087089
TCCGAGGCGTTACCATCAAGAGG,0.248097994259503
TCCACTTCCTCAGAATGTGAAGG,0.282534734071415
GCGCCGCCATGAACCTAGAGCGG,0.455337817943869
CCATGAACCTAGAGCGGCTGCGG,0.245980000529095
CGTCCGGCAGTACCTCGACCAGG,0.264081317143515
AAAGTAGCTTCACTCTCTCGTGG,0.204659498961697
TCGTGACCGAAGTGCATGGGCGG,0.313526458209346
CGAGTCGTACTGCTTTGCCATGG,0.189295110246964
GCAGGGAGGTGTTCAAGGCCAGG,0.214244702723453
AAGGCCAGGCACCGCAAGACCGG,0.281111285795553
GCACCGCAAGACCGGCCAGAAGG,0.560349562980859
TGATGCAACCTATGAGACCAAGG,0.154066019337873
CATCTTGACAAAGGTGGCGTAGG,0.287123699588657
GGAGGTGAAGAAGCGCAAGAAGG,0.180181630623139
ATAATATGTTACAGAACCACAGG,0.220899248177998
TGTCACTGATTCCAATGCAGTGG,0.26455479676734
TGTGGAAAGCAAGGTTAAGTGGG,0.202983009933484
TGTAAAGGGTACCAGTGCCGAGG,0.161728840654487
AACGGGAAGGGCCTCGGCACTGG,0.485471411187403
GAGGCTGTGCTGAACGGGAAGGG,0.331250972315929
GCGGCAGCAGCCAGACACTGAGG,0.22646664629712
GACCGGAGGAAGCAGCGGGATGG,0.299347774823766
AGGAAGCAGCGGGATGGAGGTGG,0.196505893946023
GTGATGGCCTGCGGAGTGACTGG,0.24717623877361
AACACTCCCAGTCACTCCGCAGG,0.263448182082729
TGAGATGTTGAGAATGACAAGGG,0.55142413846013
CAGCGAGCGCAACCTGGTAGTGG,0.255769342221885
GTTGAAGAAGTTGCAGTACATGG,0.238433417456995
GTACATGGAGAACTCCAGACCGG,0.200201944102763
GAGAACTCCAGACCGGTGGGCGG,0.309425893946023
GCTGGCGATGATTTCCTGCATGG,0.344642320278312
AAACTTGATGTGGTCCACGCTGG,0.167672790497747
CAAGTTTGACTTGGAGATCGCGG,0.304964451939754
GATCGCGGTGGAGCAGCAGCTGG,0.176355925293986
TGTCCGTTTCGCCACATCAGTGG,0.398935361030663
CTGTCTTCTCACCACTGATGTGG,0.21434664629712
GGCTGAAGGAAGATGGCGGACGG,0.21359479676734
ATAGACATTTACGCGGATGTCGG,0.214561442535365
TGTCGGCGAAGAGTTCAACCAGG,0.329032767438957
CCAACTGTTGGTGATGATGTGGG,0.183417367300255
AGCTCCAGCTGCTGAACCACCGG,0.418085235374266
TGGATCTCCACAGCAGTCACAGG,0.176094608679566
GCAGAATGCTGGTGACGGTGTGG,0.396830031877058
TGCAGGCAGAATGCTGGTGACGG,0.259684326547904
TGGCTCTGCAGGCAGAATGCTGG,0.256434044416243
TGCTCAGCCTCTGGCTCTGCAGG,0.186137241908406
GTCGACCTCTTGCTGTGCTGCGG,0.623167085168594
AGATCTTATCCAGCTCGCCGTGG,0.196816489557309
TCTACAAGTATGAAGCGCCCTGG,0.428090094572983
TTCATCGCGTAGACTGTCCAGGG,0.573561317143515
ACGCGATGAACTGGAGTGTGCGG,0.181305141594926
ACAATGGCCCGGAGCAACTCTGG,0.288033166673296
AGTCACGAAAGCCAGAGCTGTGG,0.411774357895866
TATGTCTCCATCCACAGCTCTGG,0.265818119651352
GGACTATGAAGATGATGAGGTGG,0.265372477018124
CCCTTCTAGGGCCAGTGGGATGG,0.168804702723453
GCCTTCTCCTGGATCAGCGTAGG,0.489353919024393
GTCGCGACCTACGCTGATCCAGG,0.330910658836305
AGGCTGTCACCGATCTGGGCTGG,0.154368464478939
ATGGAGGACTCTGAAGCACTGGG,0.155297367300255
AGGAGATAGAGAGCGAGAGAGGG,0.197808589870788
AGAGTGCGAGGATGTCCAAGCGG,0.264569467613735
GTAGTGCTGGAAGTTGGACCTGG,0.182639185482073
ACAGGACTCATGTTCAACACGGG,0.172047638717839
GAGATGCCGAAGGTCAAGTCGGG,0.195579248177998
TTAGCAGAAAGCAAACGGCTTGG,0.331763198021258
CTAAATCGACACTGATAGACCGG,0.231004577331603
TGACCACCCTGGGATGGAGGTGG,0.194265266986776
ATGAGGTGGAGACAGCCCAAGGG,0.361607461344142
ATGTGGTGAAGGAGGTGCTAGGG,0.197150282660757
CACCACATGCTTCCTCTTGGTGG,0.412719937833171
GCATGTCTCAGGCCACCAAGAGG,0.200322571062011
GCGAAAGCGGCTGCTCAAAGAGG,0.285544263851979
CACGATGGCGACCTCGGGCTCGG,0.241563574196807
GTGGTGCACGCGTCTATCGCCGG,0.391617743475804
TACTGTCTGGTAGCGATCGGAGG,0.205558809306525
CGCTACCAGACAGTAGGTGTTGG,0.34166689708082
CACTGTCGGTGAGCTTCACGTGG,0.186831912754801
GCGGGTTAGCGACGGCAGCAAGG,0.153368840654487
TGAAGGAGGATAGGAGCTACGGG,0.315778997394299
TGGCGGCGCTGAAGGAGGATAGG,0.281617868867653
ATGGCGGCAGTGGCAACCTGCGG,0.438642320278312
ACTCGCGGCAACACTACCGCAGG,0.183692477018124
GGTAGTGTTGCCGCGAGTACTGG,0.20739742999618
CACTGCAGACCCAGTACTCGCGG,0.1767521635385
TCGGCAGGCATATCCGCTGGAGG,0.410296489557309
CGGGAAGACAGTATCCCTGTTGG,0.176779122786149
TGGAGATGCCCTCAGGCACCGGG,0.18712545507455
GGAGTCCTGGAGATGCCCTCAGG,0.239140752880193
ACGCACGCTGGACGCCAAGGTGG,0.164586646297121
GCGGGAGCTCAAACGCACGCTGG,0.258716050685835
CCAAGATGGCGATGGAGATGAGG,0.158942633757936
GATGGAGATGAGGCTTCCAGTGG,0.38811742999618
CTACGGACACAGGATTCATGCGG,0.175407210560443
GCTGGAGCTCTTGTCGGACCAGG,0.174502508366086
AGCTGCGCAAGATCCAGGCGCGG,0.227108401783014
GCGGATGGGCGTGTTCGCGCAGG,0.412601442535365
GGCGTGTTCGCGCAGGCTGACGG,0.248572727801823
GTTCGCGCAGGCTGACGGCTCGG,0.273860878272042
GGCGCCCTTGTATTGAGCCATGG,0.250021254447591
ATACAAGGGCGCCGCGAGCGAGG,0.184594295199942
GGAGAAGCAGCGCGAGCAGATGG,0.554609216830036
GCAGATGAAGCAGCGCATCGCGG,0.425364326547904
TCATTCTCCCGGATGGCACTGGG,0.208498997394299
CTTGATGTCATTCTCCCGGATGG,0.201799436265772
TTGCCATCAAAGACATACACGGG,0.368459749745396
GGCTTGCGTGCGGAGATGAGCGG,0.276722947237559
GCGGAGATGAGCGGGTCCCTCGG,0.194862257582387
CGGGTCCCTCGGCCGAGCTGCGG,0.362519937833171
GTTGGACGCGCTGGTGAAGAAGG,0.285154420591791
CGCGCTGGTGAAGAAGGACAAGG,0.342787022472669
ATGAAATCCATCTACTGCCCTGG,0.194918056955428
AAACAAACTAATGCAGTCCAGGG,0.246864890811227
CAGATCCCACATCAATAACCCGG,0.312516152203577
GGTGACCGGGTTATTGATGTGGG,0.360625016203077
GATATGATCTGTCCTGAATGTGG,0.281002320278312
TTCAGGACAGATCATATCACCGG,0.309778495826901
TTAGTGGAGGACTACAGAGCCGG,0.17252018861687
TGAAGATGGCGTCTACCAGCCGG,0.3281521635385
GTCTGCCAGCGCTGTGGAGCCGG,0.185956301469534
TCCACAGCGCTGGCAGACACAGG,0.167503386109033
TTGGACGAAGTCGCTCTGGAGGG,0.313294357895867
TGAAGTAGCAATGGACGCGCTGG,0.183923824980506
TACGGTGGTGCCGTCCGCCAAGG,0.249840439400569
GGGCCGCCTACCTTGGCGGACGG,0.195198433130976
GTTGAGTCTTCGACAACGTGAGG,0.209956928428782
TAATGTTTATGAATAACGGTTGG,0.235536364165459
GAATTTGTGAAAGTCTATCATGG,0.209604953507152
GCAAGTGAATACGAGTCAGAAGG,0.208773981720318
ACCAGTGCTAGAGAGATTGGCGG,0.229836050685835
GTCCTTAGTAGCACTATCAGAGG,0.250185392378625
GGCGGTGTCCCTGTCGATTGTGG,0.203985266986776
AAGAGGCTGGCATCACTTTGAGG,0.211650345356682
GCTGGCATCACTTTGAGGGAGGG,0.272578245043202
GGGCGAGTCGTTGCAGCTGCTGG,0.219836301469534
TCGTTGCAGCTGCTGGGCTAAGG,0.153416489557309
GCAGCATGCATAGCTGTTCAAGG,0.288773229369221
TTGCTGGAATGGCTACAGATGGG,0.264195172942888
TGTGGACCCAGATACATTGCTGG,0.206697116516556
AGAAGGCAGACCAAGTGGCGAGG,0.258031661971102
GCTCGGCCGATGAAGTGCAGAGG,0.469290219964832
AGAGACGATGATGTTGGGCACGG,0.260524702723453
GCGTAAGAGACGATGATGTTGGG,0.161265893946023
GTACCTCAGATATAAGATCAAGG,0.262764451939754
AGCCTACCTCTTCCAAGGTAGGG,0.2436321635385
TGTATCTTCTCCAGAATGCTGGG,0.157879436265773
TTCAGGAGTGAAGGCGACATAGG,0.433791536579252
CGACATAGGACGGCGTGATGCGG,0.341620878272042
CGTTGGCGATGATCTCCACGCGG,0.402808715262638
GGAGGACAAGAAGGAGGACGTGG,0.303670031877058
GCTGAGCAGCAGCAGCATCGCGG,0.316207712127841
CATAACTGCCACGCAGGAGTTGG,0.235520439400569
GGGTACTACCAACTCCTGCGTGG,0.317437680779879
TACAGATCAGAAGCAATCAAGGG,0.328942382974236
AGGCTGCGGCGCCCACGAGACGG,0.51546401306828
GCTGCAGCAGCCCGTCTCGTGGG,0.173388276391164
AGCTCGGCTGGCACTTATCATGG,0.302596426861384
AACATACCACAGGTAAGCCATGG,0.248097994259503
GGATTGCCATGGCTTACCTGTGG,0.27153084692408
CAAGATATGCTCACCAGAGTGGG,0.337067398648218
CACTATGGACATATACTTGCGGG,0.183641567927215
GTTAGATTTACCTTCTATGATGG,0.317617116516556
GGGAGGGAGCAAAGATGGAGCGG,0.29471203814665
GGAGCGGCGGGAGGAGCAGCCGG,0.258832539714048
ACCAGCCTTGGACTTCACTGTGG,0.259304263851979
GTTCTCCACAGTGAAGTCCAAGG,0.215161191751666
CACTGTGGAGAACGTGGAGAAGG,0.264042320278312
ATAAGAACCTGGCTCAGAAGTGG,0.358065643162324
TATGGACCCAGCCCTGCGTGAGG,0.200131724667026
TTCATTGAGCTGGCGCTCCGCGG,0.230660627488343
GCGTCCTTACTTCATTGAGCTGG,0.334655862598061
CCTGATCGAGAAACAGCACCAGG,0.198735862598061
GCATGTAGTAAGCTGTACCCTGG,0.306386270121572
TAATGAGCTGGAGGCAATTGCGG,0.280598182347277
TTCAGTGGCTAATGAGCTGGAGG,0.164170345356682
ATTGCATCTTCAGCCAGCACTGG,0.197071912754801
GCTGCCGCCTACCCGTGCTGCGG,0.18676821369524
GGTTCCGCCGCAGCACGGGTAGG,0.23235203814665
CACGCTCAGGATCTCGGCCAGGG,0.182268652566713
GTCCTTCACGCTCAGGATCTCGG,0.195682947237559
GCGTGAAGGACATCAGTGGCCGG,0.211875549118437
GCCTTTCAAACATGGAGGAGCGG,0.225217743475804
GCGCGTACAGGGCCAGCAGCGGG,0.209125705858249
GTAGGGAATGGGAGGCAGGCGGG,0.185086458209346
GCTGGGTCACCTGTAATTGTAGG,0.248784389243829
TGCTCTCTCTCAGCATCGCCCGG,0.459316552253233
ACAAGTGTTATCTCTGTACCGGG,0.425614608679566
TCCAGCGATGGATCCCACCGCGG,0.27832269645386
GAAGGAGCCTGGAGGAGGCGCGG,0.266016238773609
TCAGTCGCCGCGCCTCCTCCAGG,0.315446834384895
AGGAGGCGCGGCGACTGAGGAGG,0.267396677645083
ATGCTGAATTCCTCAATGGAGGG,0.154659373569848
GGTCTCCAGCGCCTTCCTGCTGG,0.173465643162324
GGCCACCAGCAGGAAGGCGCTGG,0.279604577331603
CTTTGTGTCCTTGGCGCCGGTGG,0.215303762284581
TCGGACTCAACCTCTACTGTGGG,0.250792790497747
CTTACTCCTCCAAGAAGTCCAGG,0.305232665105898
ACTGTTCCTGGACTTCTTGGAGG,0.357255486422512
GACCTCCAGGTGCTGGCTGCCGG,0.211682947237559
AGCAAATATGGACCTCGCGGCGG,0.278695742012416
GTCCGCGCCAGGAGGAGCCGTGG,0.192537492692105
TCCTGGTCCGAAGCCGAGTGCGG,0.241262508366086
GCGGTAGGAACATGGCGGATCGG,0.258647210560443
GGATCGGCTCACGCAGCTTCAGG,0.356797053820632
ATATTATTGAAAGAGGCAGGAGG,0.235063386109033
CAGCCAGCTAACCCTACAGAAGG,0.395879812441321
ACGACAGATGCTGCCCGCATTGG,0.243339122786149
GATGGTCAGGGACTACCTCATGG,0.195860000529095
GTGTTACAGCGGCAGACTGAAGG,0.229942759149785
GCTATAAAGCCCAACAAGGATGG,0.299841693319064
TCAAAGGAGAAATCTACCCATGG,0.256015110246964
TGAAACGGTATAATCGGAATCGG,0.158352539714048
TTGCAGACTGGAAATAGCAAAGG,0.30578940491781
TTGGCACTGTGACACGGTTCAGG,0.349945643162324
CCCAGTTTGGCACTGTGACACGG,0.18940282184571
AGATCTGGGTTTCGTCAAGTAGG,0.393681317143515
TGGGTTTCGTCAAGTAGGTTAGG,0.243422382974236
TGCGGATTAAGCGACAGGATTGG,0.174005956641948
TCTGCAGCGGAGCCCTTAAGCGG,0.397334734071415
GGAGAATCCTACCTCTGCAGCGG,0.283407962911541
GACAGCTTAGAGCTGGAGCTGGG,0.466304263851979
CCTGACTGACAGCTTAGAGCTGG,0.321462759149785
GGCGTCGACGGACCCTGGAGCGG,0.274019498961697
TTCCGTCAGACACCGCTCCAGGG,0.32231203814665
GAGCGGTGTCTGACGGAAGTCGG,0.277897492692105
GACGGAAGTCGGCAAAGCCACGG,0.514699461970619
AAGTCGGCAAAGCCACGGGTCGG,0.188269028742262
GAAGCACTCGGGCCGACCCGTGG,0.226877680779879
GGATGTCTCGGCGGACGCGCTGG,0.1849653296827
ATTCAGATGTGCCGGAGCAGAGG,0.250231285795553
CAAGGTCAAATGGACCCATGAGG,0.218738495826901
GTTGGCAGGACGAGCAGCTGAGG,0.275489342221885
GTTGGTGAAGCTAACGTTGAGGG,0.319874295199942
GTCGAGGTCATAGTTCCTGTTGG,0.375476677645083
CTATGACCTCGACTACGACTCGG,0.396719687049472
GCTGCACCGAGTCGTAGTCGAGG,0.469386520905271
GCCGTATTTCTACTGCGACGAGG,0.370816006728404
GAACCAGGCGAAGCTGGTGGTGG,0.221923323413108
GCTGAGCCGCACCTACCGCACGG,0.362885580466399
CACCGGAGGGCAGCATGTCGCGG,0.314380000529095
TAGGTTGCTCTCCAAAGAGCAGG,0.248508150999315
GGAGAGCAACCTAGAAGGCTTGG,0.204253981720318
TATCTTCTCAAACATGACACGGG,0.3461521635385
GGAGAATCTTCAACTGCTGGTGG,0.371470658836305
CTGCTGGTGGACCGGCCCGATGG,0.270159060090224
GTTGTGCAGACGGAAACAGTAGG,0.311290972315929
ACGACCGGGTGTACTATGTGAGG,0.334198558522826
GGTCCCAGGCATGTCGGATGTGG,0.221181003663892
CTCGACGGAAGGCAGCGCCGCGG,0.323144890811227
GGTGGTCAGCGCGATGCCCAAGG,0.333888339087089
CGGGCGCGCGAAGATGGCGGCGG,0.349250094572983
CCCGCTCCGCACCTCACACACGG,0.291434545983641
GCAGGAGCAGTAGAGAACTGTGG,0.205574734071415
TGGAACACAGCGCACCTCTCAGG,0.246737868867653
CGTCTTGGCTGCAGCCTGAGAGG,0.249541756014989
TCAGCATGTCGGGCTCGGCGAGG,0.236619601294757
TCACCTCAGCATGTCGGGCTCGG,0.175290094572983
AGGAGTACTTGCGCCTGTCCCGG,0.384310408052606
GAGGCCGACACACTTCACCCGGG,0.325675549118437
CGGCCTCTCCGCACGCACCACGG,0.420841066359816
GCTGGTCTCCGTGGTGCGTGCGG,0.2327521635385
TCGTTCAAATGGCTATGAAGAGG,0.234157179212481
AAAGGAAGCTGAATTAGATGTGG,0.21393072153223
AATATGCATTGAGTGGTCACAGG,0.204646959776744
GAATGCATCAGAACCATGCACGG,0.311126207425647
TGGCTACTGAAGAAACATTGTGG,0.237761567927214
CCGCCGCTCGCCATGGATGCCGG,0.233870533444456
TTCAGTCACACCGGCATCCATGG,0.295383009933484
GATGCCGGTGTGACTGAAAGTGG,0.221630157268907
GTCGGTTAAGAGGATCCGCGAGG,0.267319687049472
AAGAGGATCCGCGAGGAGAGTGG,0.37267755538803
CGCAATGTCAGAGCAGACGCCGG,0.342330596140381
GATGTGCGGCTTGCTATTGAAGG,0.259091473883327
ATGGTCAGCATATTGATGTGCGG,0.519482069494613
GGCGAAGGGCAGGTTCTCCTCGG,0.239527586735992
TGAGCTGCACCAAAGAGACGTGG,0.335031787362951
TGCTGGGATATTAGCTCCAGCGG,0.578602571062011
GTGCCTCCAACACCTTCTTGAGG,0.479581756014989
CCAGGGCTCCATCCTCAAGAAGG,0.307957806171729
TTCGAGGCGCGCCTGGTCCAGGG,0.172705768554174
GACCAGGCGCGCCTCGAACATGG,0.308845956641948
GCAAGAGCAGCGGCGCAGAAAGG,0.205299373569848
GGTGGAGGCCGGGAGGACGAAGG,0.335116426861384
GCGTTTGATCATCTCGTCCGTGG,0.186410219964832
CGGCACTCACGACGCCACAGAGG,0.227623386109033
GCCAGCTGAGGTGGGTGTCCTGG,0.187615110246964
CTCTTCCAGCCAGCTGAGGTGGG,0.279450094572983
GGGACGGCGGCCCAGACGGAGGG,0.310543636892732
CTACATCGACAACCTCATGGCGG,0.30098677168897
GTCGATGTAGGCGTTCCACCCGG,0.196751285795553
CACAGATTCGCGCACACCGTAGG,0.286076301469534
TTCGCGCACACCGTAGGCCACGG,0.198168589870788
CACACCGTAGGCCACGGCGCCGG,0.195233041281447
ACGGCCCTGAAGCTGTTGCTGGG,0.229702257582387
ACTTGAAGGACTTGGCGGGACGG,0.250301630623139
CTGCTGGGCGGATGCGGACATGG,0.249345643162324
CTCCTCCGCCAGCTGCTGGGCGG,0.302687837519691
GCGGAGGAGCTGCAGATCTTCGG,0.200109655701509
GATCTTCGGCCTAGACTGCGAGG,0.642112790497747
TTAGAGCCTCCTCGCAGTCTAGG,0.329944263851979
GTAGAGCTTTGTGTTCAGTATGG,0.369574859463265
TGTTCAGTATGGACAGAATGAGG,0.184879937833171
CAGAATGAGGAGGGAATGGTAGG,0.190760439400569
GCAGGTGGCCACATGGATCCTGG,0.234028276391164
GTGCTTTAGGCTAGGCCCGCTGG,0.16998953030966
CAGCGTTGCAGGAGCTGACGCGG,0.167938621218751
GCGCCTGCCTCCGCCATGCACGG,0.363963072629409
CTCTCTTGATGGTGCGCAGCGGG,0.354061557213137
ACCATCAAGAGAGTCCAGTTCGG,0.576658119651353
CCGGACTCAGGACTCCGAACTGG,0.512669655701509
AGTCCTGAGTCCGGATGAACTGG,0.406369593005585
GAGCCGCTTACCAGTTCATCCGG,0.248286207425647
GCAGAAGCGAATGTCTGTGACGG,0.291694859463265
CAAATACCCAGAGACGACTGAGG,0.258355549118437
GATCCGCACGGTAGGCTGGTTGG,0.171651850058876
AGCTCCGTGATCCGCACGGTAGG,0.222442194886462
CATCATCGAGAACACCGACCTGG,0.491791137344914
TCGGAGGGTCTTCATCGCTGAGG,0.208858119651352
TAGCACTCACCTACGAACACTGG,0.16277084692408
TCACCTACGAACACTGGCAATGG,0.258023887676431
GCGGGCTGGCGACGTAGAGGAGG,0.384091724667026
GGTGGCAGCGATCCGCGGGCTGG,0.266587524040067
CCGTGGCTATCTGGTGACCCAGG,0.332106520905271
CTGCAGCTGTGCCACGACCGTGG,0.226379373569848
GGCGCGGCTCACCTGCATGATGG,0.201050972315929
ACGACGAGGAGGAGACGTACCGG,0.30702664629712
GGCTGCCATGGACGACGAGGAGG,0.283162571062011
GAAGCAGAAGCTCTTCACCGAGG,0.430571348491478
GGTGTGATCCAGCCAGGCCGAGG,0.176712539714048
TCACCGCGTAGAGCAGAATGCGG,0.381771097707779
TCCCTCCGCCTCACCATTCCTGG,0.337911160403704
GTATTCGCTTCTGCCAGGAATGG,0.472434420591791
CGTGGGTATTCGCTTCTGCCAGG,0.227784765419378
ACTTACGAGCCGGGCTTCGTGGG,0.374972226234425
GCCCGGCTCGTAAGTCCCGTCGG,0.395385266986776
GTAAGTCCCGTCGGGCTCCATGG,0.177670909620005
GCGTCGCCATGGAGCCCGACGGG,0.288147398648218
AGGGATGCGCTGGATGCCCTGGG,0.25672006322502
CTGCAGGCCGAGTACACCGAGGG,0.343981787098403
GATCGTCGGCAACAAGTGGGAGG,0.21652006322502
TTCACTTGTGGCAAGATCGTCGG,0.240941129055741
CCTGTACGCTGCTTCACTTGTGG,0.367576614949158
GCAGCGTACAGGGATGATCATGG,0.438374483287716
CCGTGGGCCCAGTACCTTGTTGG,0.295343636892732
GAACAAGAAGTTGGCCAACAAGG,0.463419122786149
CGAGGAGCTGAACAAGAAGTTGG,0.153678683914675
CTTGTTCAGCTCCTCGGCAATGG,0.656425799637588
TGGAAATGGTGGACACCGTCCGG,0.182352414322199
GTTCGTCCTGGTGGAAATGGTGG,0.453972226234425
AAAGAAGTGGATGATGTGCTTGG,0.17328808830339
GCACAACATCACCCGCAAGGTGG,0.417087712127842
GCGGGTGATGTTGTGCACGTAGG,0.242405078899001
AACGGGCTGATCGTGGAGGAGGG,0.343324712908435
CTGCGGGAACGGGCTGATCGTGG,0.527312915889597
CAGCATGGGACAGTCAGGGAGGG,0.244939875137246
GGTTCGCGGCATAGGCCTCGAGG,0.18454137983944
CGAGTGCGGGTTCGCGGCATAGG,0.195168464478939
GCGTGAACACGAACGAGTGCGGG,0.17292018861687
GGAGGAGGCGCCGCCAAGACAGG,0.28458953030966
CTCATCGCTGCGGGCGGAGGAGG,0.260808840654487
AGCGATGAGCAGCCCAGTGCTGG,0.172972477018124
TCGACCTGAAGCGCGTACAACGG,0.202253605544769
TGAAGCGCGTACAACGGGAACGG,0.188962194886462
AACGGAGCCCGGTACAGCTCTGG,0.186683574196807
CCGGGCGCCAGAGCTGTACCGGG,0.335875047551039
AGCACCGCAGCGGTCCGCAGCGG,0.176362194886462
GTGTGCGTTGCTCCCTGCTGCGG,0.366964201156055
GGCGCGGGCATCCCTAGGAACGG,0.260936550093085
GCGCCACTGGCTTCACCACGCGG,0.187468777958563
GGGTCATTTGCATCACGGGCGGG,0.200659875137246
AAATGACACCAATTACGATGAGG,0.194181254447591
CTACAATGAGACAATGACAGTGG,0.315379373569848
TAAAGCCAGAGTGGAGACACAGG,0.355017316376888
GTAGAGATTGATGCTCACATAGG,0.263659875137246
GCTTCTACCAACATGTCCCGTGG,0.332484702723453
GAGGGTCGGCTCTACCAAGTAGG,0.332414734071415
TGTGTGATGACCGGAATGACAGG,0.240812351626274
CGTCAAGAAGGGCTCGACCGCGG,0.483295737206211
GCGCAGGAGGCCGTCAAGAAGGG,0.155259248177998
GCGCGTACTCCACTTGGAAGAGG,0.390827900215616
CGACGGCCACCTCTTCCAAGTGG,0.254828777958563
GTGGCCGTCGGGCGAGAAGACGG,0.310436552253233
GTCGGGCGAGAAGACGGTGATGG,0.283493605544769
GCGAGAAGACGGTGATGGCGCGG,0.226237053820631
GTTGGAGACAAGGTACGGCAGGG,0.331241317143516
GCTGGACAGTGAGATCAAGGTGG,0.250170219964832
GGAGGTGCTCAAGATGTCCACGG,0.230965956641948
CGTGTGGGATGAGGCCGAGGTGG,0.225798056955428
GGAGAAGATGGCGACCGTGTGGG,0.155488464478939
TGAGAGCGGTAAGATGGCGGCGG,0.255820502096494
GGAGTGGAGGATGTCGATGGAGG,0.271140000529095
GACCTTTACCGATGGAGTGGAGG,0.27311742999618
GGAGGAGGGAGGCCGGGACAAGG,0.179469028742262
GGGAGGCCGGGACAAGGCGCCGG,0.534353542848845
GCTGCACCGGCGCCTTGTCCCGG,0.243814483287716
GGCCGCCGCTGGAGACTGCTGGG,0.186948276391164
GGACGAGAAGCCGAGCGGCAAGG,0.301979875137246
CCCAACCCTCCAGTCTGAAGAGG,0.436466144729722
GGAAGGTGGCAAGATGGTGTTGG,0.21174150523129
GATGGTGTTGGAAAGCACTATGG,0.184348527174863
TGTTGGAAAGCACTATGGTGTGG,0.536530596140381
GGCAAGATCACCTTCTGCACGGG,0.222972978585522
TAGGACTCACATGGGCCACGCGG,0.170950784228155
CCACGTCTATCTGCCAGTCGAGG,0.18547467137549
ACTCTTGATGCTCTGCTCCATGG,0.167179624353547
TCAGGCCAAGAAGTACGCCATGG,0.539792829319565
CCTGACGCCCGAGCAGCAGGAGG,0.227806082033798
GAATTTGAGAAGAAGTATGTAGG,0.305727712127841
GCCGGCCAGGAGAAATTCGGTGG,0.182968966046337
AGAGATGGCTATTATATCCAAGG,0.352193542848845
GCGAAACACTGTGAATGGCCTGG,0.17080545507455
AGACATGTCTGGCACAGAATGGG,0.176695611814362
GTAGGTGTTGGAACCCAGAGAGG,0.260147147864519
TTCGTCACAGGAGACCGCGCCGG,0.170709781093359
GCCGGAGCTGGTGCCTGCGGCGG,0.209521567927214
GTTGTCTCCCAGGTGACTGTAGG,0.288499498961697
TGGAGCGCGGCGGTGATGGCGGG,0.288163824980506
AGGACCGCGAGGCCTTCCAGAGG,0.262338621218751
CAGGAAGTTGAGCCTCTGGAAGG,0.360091850058876
GTCGCAGACTCACCTGGTACAGG,0.257184514635678
CTGAGAGGACCATTGCGAAGCGG,0.356978443315958
CAAGACGAGCCGCTTCGCAATGG,0.352366082033798
GGCCTGACGGTGGCGGCAGATGG,0.289604201156055
GAGAAGGAGGAGGCTGGCGGCGG,0.331343887676431
CGGCGGCATTAGCGAGGAGGAGG,0.248446309758844
AGGAGGCGGCACAGTATGACCGG,0.263043824980506
ATGACCGGCAGATCCGCCTGTGG,0.256827774823766
TATCATCATACAAATCCCTCAGG,0.29885335476107
CAGAGGTATATGGAGGTCAGTGG,0.190470157268907
TGCCTTTCAGAGGTATATGGAGG,0.331960564792418
CTGGGCACTCACATCTTGCATGG,0.204216364165459
CATCTTGCATGGCCCGAGTGCGG,0.570969843789283
TCAATTCTGATCACCGCACTCGG,0.225573856328468
GATCAGAATTGATCTGGTCCCGG,0.310067147864519
GATGCTCACCAAGAAGTCCACGG,0.195901003663892
TGAGGAGAAGGAACGGCTCATGG,0.331013856328468
GGTTAAGTTGTACAGAAACATGG,0.431039687049472
TTAACCTTGCAGAGAGCCACTGG,0.435318758383158
AATGGCAAAGCTGATGCCAGTGG,0.329692477018124
GCAGCTCCAAGATCTTCCCACGG,0.375461254447591
AGTACATACCCTACTCACTGTGG,0.355103511500882
GGCTGCCTCTGCTGGAGAAGTGG,0.318995423726588
CATCTGAAGTGGTTAAGCAGAGG,0.19954413846013
AGTGGTTAAGCAGAGGGCACAGG,0.218307900215616
GGTATCCAAGGGTTGTATCGAGG,0.162484326547904
ACTCGACCGCGTCGCTCCGGAGG,0.171102257582387
TGCTCGCTTGTAAACGCCTCCGG,0.205996301469534
GCGAGCACAAGAGCCTCCGCCGG,0.373848715262638
GCGGAAGCGCAGTGCGGAGCCGG,0.411694232504017
GGTGAAGCGGAAGCGCAGTGCGG,0.629876677645083
CCGCTGTACTCCGGGTGAAGCGG,0.32353738522364
CACCCGGAGTACAGCGGTCCTGG,0.173321066359816
GTGTACTGCAAACATATTGATGG,0.165298495826901
CAGCATGCGGGTACTTCCAATGG,0.209728339087089
GTAACACCTGGAACTCCTTGAGG,0.191732351626274
TAGAACTGATCATTGATTGGAGG,0.210222257582387
TCACCTTGAGGCGGTTCAGCTGG,0.185891348491478
GGCGGTTCAGCTGGTCGTGCAGG,0.340769091438186
GGAGACGCTGCTGCGGTTGAAGG,0.27670664629712
AGGAGGAGGAGACGCTGCTGCGG,0.478089718397434
GACCAGGCAACATGCTGAGCCGG,0.327755172942888
AAGGGACAGCACCTCTCCTGTGG,0.218582508366086
ACCCGCCGGGATGAACCCACAGG,0.179019122786149
GGGTCCGGTCAATGAGAGAACGG,0.304571724667026
TCTGCAATACGAGTACAAGGCGG,0.17459755538803
TGTACTCGTATTGCAGACTACGG,0.33614137983944
GGGTCTGGCTATGGTGGTGCAGG,0.421820376704644
GCTCTGCGATCTGCCGATCCAGG,0.180402320278312
CCGCCCGCACACACCTGGATCGG,0.402164577331603
CATTGCCTGGCCGTATTCTAGGG,0.273555925293986
GGAAAGTAATGGACCAGTGAAGG,0.447963950372355
GTAATGGACCAGTGAAGGTGTGG,0.31162137983944
CTGCTCGATGTTGGTCGCCATGG,0.627033720222541
ATGTCAAGTGGAAGGAATGAAGG,0.334164075764205
AGGAATGAAGGCCAGCTGAATGG,0.307193793632544
TATTTGTTTCACCATTCAGCTGG,0.266508652566713
GAAACAAATACACCCATTGAAGG,0.37821623877361
TACACCCATTGAAGGAAACCAGG,0.457411599275177
GCGGCCTGACTACAAGGGAGAGG,0.30523755538803
ACAAGGGAGAGGAGGAACTGCGG,0.280896364165459
AGGATTAGGCCGCTTCACCAGGG,0.259031536579252
GAGGACGTGTTCTACAAATACGG,0.270646708993045
CATCCGAACCAAGGACATTGAGG,0.203144263851979
GTAAGTTACCCACGTAGATGCGG,0.224540000529095
GCGGCAATCGTTGTTCCCTGCGG,0.336885580466399
CGCTACACCAAGGAGTCCCGCGG,0.564863887676431
TCCTTGGTGTAGCGGTCCCGCGG,0.176056364165459
GCGCCTCAGCGTGTCGGGCGAGG,0.208542382974236
CAGGTTGTCCACCTTGAGGGAGG,0.436544890811227
GGGTATGACCTCCCTCAAGGTGG,0.246350658836305
CCACTCAGAGCTATGAGCTACGG,0.181830784228155
TGGAAACAATGGCAACAAGACGG,0.177926332817497
ATGGACCACTCCGAAGTGTGTGG,0.188800564792418
GCAACCCACACACTTCGGAGTGG,0.47384018861687
ATCACCTTCCATCTAGCTCTCGG,0.224727335952293
TCGACAGTTCCACTCTTACACGG,0.250439561657622
AGGCAAAGTGGACAACATCCAGG,0.169969593005584
TACAGAATGATGGTCGACTGAGG,0.191795423726588
GTTCAACGACGTCTATCAGGAGG,0.407887210560443
GGTCGACATGGCAGAGACACTGG,0.162701756014989
ACAGGAGGCGGTAAAGGAGGTGG,0.177644953507152
TCCTCACTTGTGGAAAGAAACGG,0.27188006322502
CTGCAAGAACCGCTACGACAAGG,0.576334084053377
GTAGCGGTTCTTGCAGCCGTAGG,0.430604702723453
CTTGCAGCCGTAGGCGGAGCAGG,0.197292091716073
GTGCAGTCCTGCTCCGCCTACGG,0.35686137983944
GCAGCACGTAAAGCCAGGCATGG,0.482862759149785
GGCACGCAGCACGTAAAGCCAGG,0.344662759149785
CTGCTACAACAACTCGCACCGGG,0.334023511500882
TTCCAAAGGACGCTGAGTTGCGG,0.319911787362951
GCGACACGTTCTTGAGCCAGAGG,0.156171473883327
CTCAAGAACGTGTCGCGTGCCGG,0.159564828115302
AGGATGAGACACGAGATGTGCGG,0.314581129055741
GGAGGGAGACACTTACCATAAGG,0.230459373569848
TGTCTCCCTCCAAGTACCCAAGG,0.229998307739127
GTACCCAAGGGCACTACATGTGG,0.192484953507152
TACAAAGGCGTTCGTGGTGCCGG,0.211429906485208
GGTTGTGCGCGGACGCTGCGTGG,0.167583887676431
GCTAGCTGGCAGGTTGTGCGCGG,0.250493730936619
CACAACCTGCCAGCTAGCCGCGG,0.236326082033798
AGCTCTACGCTTCGCCGCCGCGG,0.479023948212207
GCGGCGAAGCGTAGAGCTGCGGG,0.268239185482073
GTGAGGCCACTAAGGAGATGAGG,0.232409593005584
AACTGCTGTGCCCAGTTACGAGG,0.216071285795553
TGGGCTGGTATATCTGCTCATGG,0.256930470748531
AGGCGCAGAGGGCCGGGCAGCGG,0.159815611814362
GCTGAGCAAGGCGAAAGCCAAGG,0.223937868867653
TCCTCCCACAGAGCTGAGCAAGG,0.271065893946023
AGATGTTGGCATTAACTATAGGG,0.354594922159189
TAATTCCACAGAACCAATGTAGG,0.301521567927215
AACCAATGTAGGTGTCTGGGCGG,0.196926708993045
CAGATGGTCAGTAGGACAGAAGG,0.19248808830339
TCTTAATGCAGATGGTCAGTAGG,0.166548652566713
CGGGTTGTGCCTGGAGGTGGAGG,0.202630408052606
CGCGGACGGGTTGTGCCTGGAGG,0.306165580466399
ACAACCCGTCCGCGATCTCCCGG,0.235422759149785
CTCCGACATCTACAAGATCCGGG,0.156091975450726
GTGAGGACTCACGGCTGATGAGG,0.175452727801823
ACTCACGGCTGATGAGGTCCCGG,0.297112915889597
GAGGATGCTGGTGGTGGAGGTGG,0.36423755538803
CTGGTGGTGGAGGTGGCGAACGG,0.176978245043202
CACACCCAGGCGCTCCCGGAGGG,0.153503386109033
TCAGCAGCAGCGGGAGGCCCAGG,0.293492477018124
CGGGCATCAGCAGCAGCGGGAGG,0.163932978585522
TGGCAACCAGATCGGTGCCAAGG,0.242996050685835
CATTGTAGTACACAGAGATGCGG,0.201594420591791
GGCATTGTAGGGCTCGACCACGG,0.555778997394299
TCATGGTGGCTGAGACAAGGTGG,0.437596301469534
TGTAGGGTGATGATTTCCCTCGG,0.330721818710914
GGAAATCATCACCCTACAGTTGG,0.175667649431917
AACGACCTGGGAGAATCCGCTGG,0.294548545913357
AGATGGTAGTGACAGTCTAGAGG,0.157408840654487
AACTGCTCTTGGCTCTGAGCGGG,0.219003699588657
TTCACCTGGAACAAGCGGAGTGG,0.285399370594173
GCAGAGTCGATTCAGGACACTGG,0.237066270121572
GATCCCAGTCGTGGCCGAAGCGG,0.534447298961215
CCACGCGGTCCTCCTCCGAGAGG,0.352916552253233
GGTGGACCAGGCCATCCTCTCGG,0.172986520905271
CAACGGCTGGCAGGTGGACCAGG,0.353681818710914
ATGCTCCCGCACCTGCACAACGG,0.18177348015292
GTGCGGGAGCATGTACGACATGG,0.349850470748531
CGGCAACTCCTTCATCTCGAAGG,0.177254734071415
AGAGGCGGCGGCAGCGGCTCCGG,0.181188652566713
GAGCGGCGGCGAAGAGGCGGCGG,0.377905266986776
GGCGACGAGCGGCGGCGAAGAGG,0.195662257582387
CGGAAGATGGCGACGAGCGGCGG,0.249912288930349
ACACCATGTGGATCCAGGTTCGG,0.159146270121572
GTGGATCCAGGTTCGGACCATGG,0.190327461344142
GTGGGTCTGCCTCCCGTCCATGG,0.242883950372356
CGGGAGGCAGACCCACACGGTGG,0.269933229369221
GTCCAGGCTGACCAAGGTGGAGG,0.231092978585522
TGACCAAGGTGGAGGAGCTGAGG,0.179644828115302
AGGACAGCCGCGGCGCGAGGAGG,0.492221756014989
GCGGCGAACTTCACGGCCGGAGG,0.289553292065146
TCTCGGTGCCGACCCACACATGG,0.326966458209346
CGCTGGAACCATGTGTGGGTCGG,0.352692477018124
CTGCACGCTGGAACCATGTGTGG,0.395262633757935
GGAGGAGGAGAACATCCGCGTGG,0.216125705858249
AACATCCGCGTGGTTCGTTGTGG,0.397646959776744
TGCCGCCACAACGAACCACGCGG,0.28373348015292
GAGTGTGTACACATACTGCATGG,0.214561442535365
GGACACAGAAATCTGGTGACTGG,0.230151912754801
TAGGGCCTCATGCATCTGCAGGG,0.322706270121572
CTGCATGAGTGTATCTGATGAGG,0.244813730936619
GTACAGTAAGAAATATGGTGTGG,0.515043072629409
CGCGGAACACCTTAGCGACGCGG,0.259758591194025
GAATGAAGCAACAAAGAATCCGG,0.17910677168897
TCTACGACGACACTGTCCTGAGG,0.324759310873923
GTCGTAGAAAGAGAACGTATTGG,0.189106144729722
CTGAAAGCAATATGAAGTCCCGG,0.162324451939754
GCAGGAGTCACAGATGAGAGCGG,0.237998934698374
ACAGATGAGAGCGGAGATCCAGG,0.25448545507455
GGAGATCCAGGACATGAAGCAGG,0.216585517770475
GAGCAGCTGAGTTCATCCGAAGG,0.328750533444456
GACAAACAATGACTTGTACCGGG,0.218704263851979
GAAGGTGGAAGAGGAAGATGAGG,0.332299624353547
GGGTGATACGGAGAACGGAAAGG,0.0819484017830139
CCAGGCTGAGAAGGGTGATACGG,0.203193689033073
ATAATGACCCAGGCTGAGAAGGG,0.0319985585228258
GGCATCTTCTCCTCCCAGCCCGG,0.0306938563284685
CCATTATAAGCTGTCGCAGAGGG,0.100092372418653
CAGCTTGAACTCGTTAGAACCGG,0.2234264163058
CTGAACCAGCCACCCGAGGATGG,0.0606280256074654
AGATGCCATCCTCGGGTGGCTGG,0.128073689033073
AAAGAGGTCGAAGATGTAGCGGG,0.103584033860659
CCCAAATTCAAGGCGGCCCGTGG,0.143179573059041
ATTCCCAGCCAGGATCTGATCGG,0.0392742951999419
GCTGGGAATGCGGTGCGGGCGGG,0.199032811290127
GTGCAGGATGAACTGTCGCTCGG,0.073390533444456
CGTGTGCAGCACAGCCAGCATGG,0.0630981196513525
GTGCTTCTGCACCGCAGCACAGG,0.0645164268613839
CCTAGAGGTCCAAGCCCGCTTGG,0.0650465836011958
CTGACTTCACCAAGCGGGCTTGG,0.207411369283857
CAATCTCTAGCACCAGGGACTGG,0.0719213171435155
GCAGCGGGCACAGGAGGAACAGG,0.125179519754076
CCCGCACTTACCGGGCCGCACGG,0.10791995862555
TACCTTCTCTCCCACCAGCAAGG,0.0893756118143619
ACTTGAGGAAGAGGCCCAACGGG,0.0317482763911644
TGGACGAGATGCCTCTCTTATGG,0.153869676493888
CGCGCTTCCGCAGCCGCTCTAGG,0.185673563641224
CTCTGTGATATTGTGCTGTCAGG,0.208501902199217
CTTGGCGAGCTTCTCGTATTTGG,0.107443845772885
TACGAGAAGCTCGCCAAGATCGG,0.0587461447297224
AGCCTTACCCGAAGGTGCCTTGG,0.101521087152196
CGCCTGCAGGGAGGTGTTCAAGG,0.180118077747807
GCATAGCGGCAGTCCTTATCTGG,0.0673568030369325
TGGCATGTCTCCTAGGCCTCCGG,0.0469412544475908
GCACAACATGCCGATGTCCTTGG,0.149307294048747
AATGCAGTGGTTCAATTGAAAGG,0.143549801885738
TGTTCACATTTCTGATCAACTGG,0.258384911603606
ATGGTGAATGCCAAATTTGAAGG,0.230470554236835
TAGACAGTCACTTCGGTCCCTGG,0.194949801885738
ATGAAACTCCCATCAACCCTCGG,0.0787204394005688
GCACATTTCCGAGGGTTGATGGG,0.167162341070691
CCGCGCTCACTGTCCATGCCGGG,0.109683218813638
TTGAAAGCTGCCTGCGGCAAAGG,0.0695437622845813
AAGGAAGATGGCGGACGGCGTGG,0.0775134174569951
GGACCACATAGACATTTACGCGG,0.0796633861090327
CCATGTAATCTCGGTCTTCTGGG,0.114619143578528
CCACCGGCCTGTGACTGCTGTGG,0.194132372418653
GCTCAAGCCAGAGTTGCTCCGGG,0.107672560506427
GGAGCCCTTGACATCCTTCTTGG,0.168079707841851
CCCTGCCAAGAAGGATGTCAAGG,0.233990052669437
ATGAGGTGGAGACAGCAGCTGGG,0.196207482136522
AGGTCGCGACCAGCCCAGATCGG,0.0794001886168697
CTCCTAGGCTGTCACCGATCTGG,0.13110654169765
TATCTCCTCTATCACGTTCTCGG,0.141348422575393
TAGACCGATCTTCACGATCCCGG,0.147394315992321
CCCGCACGCTTCTTGCCAGAGGG,0.180980146713324
TCGATTTAGCAGAAAGCAAACGG,0.129561839503293
GATGACGACGACGATGACGTAGG,0.0800213798394403
CTCTCCTGAACCAGGTACTCAGG,0.135763594989186
TTCGAGAACAACTGTGAGATCGG,0.0711272105604434
AGGAGCTACGGGCTGTCGTGCGG,0.110619645145926
ACTGGTGACGTTGCTCTTGCTGG,0.11085061693276
CTCTCTGGTATGCCATGATCAGG,0.145543532293261
ATGCCATGATCAGGGCCAACAGG,0.109816510349688
CATTGGCGCCAAGATGGCGATGG,0.105801588719594
CAAGCCTCTTAGCGAGAGACTGG,0.24676785831207
CTAGATGTTTCTTAGTGTCGCGG,0.265511431979782
GATACAATCACTACGGACACAGG,0.0742360506858353
TCTTGTCGGACCAGGGCTACCGG,0.149292873986051
CGAACACGCCCATCCGCGCCTGG,0.193344535428058
CGCTGCCATGGCTCAATACAAGG,0.0648212544475908
GCTTCTCCCGCTTCTTCATCAGG,0.0611872732563682
AGAGAACTTCTTGTCAATGTTGG,0.0529952983347381
GGAGCAGAGCCGCCGCAGCTCGG,0.0291766149491582
GAGCTTGCTGATGATGGTGATGG,0.033156928428782
ATGCAGTCCAGGGCAGTAGATGG,0.117509927277587
AATGTCTAATGCGATGTATTTGG,0.0482566149491582
CAAAGGATACCTCGCTAGCTAGG,0.082735862598061
TAAGAATTACCTAGCTAGCGAGG,0.147959457058152
TCGATTGTGGCCGCTTCCTTAGG,0.133170366149061
TTCTTTGTTATTTGACCCTAAGG,0.0550868343848948
TTGGCCGTGTCAGGACTATTTGG,0.166307544832446
TTGGGCACGGAAGGTGGAGAGGG,0.108956322261913
CCACAGTACCAACACTATAAAGG,0.0401134174569952
CGTGTTCAAGAACGGCCGCGTGG,0.137395193735268
CTCCTTCTTGTCCTCCTCCTCGG,0.088677179212481
TTTCATGTTGACAGAAGATTTGG,0.186579394362227
AGCAAAGATGGAGCGGCGGGAGG,0.0627835115008823
GGCTGGAGCAGCACCAGCCTTGG,0.16591732539671
CCCAGCCCTGCGTGAGGCCGCGG,0.173025663954703
ACCTGATGAGCTCAGGAGAATGG,0.102209739189813
AAATGTTGGAACTGGACTGGTGG,0.144833563641224
TTCATTACGTCACCACATGCTGG,0.170003971164735
TGGTGACGTAATGAAATTACAGG,0.114600710976647
CATCCAGCCGCGGGCTGGGCGGG,0.0600956118143619
GTTTCAGCGCCTACAATTACAGG,0.187387795616145
AGATAACACTTGTGCGCGACTGG,0.196466290913951
CGACTGAGGAGGGCGTGAATAGG,0.151449488406114
CGCCTTCGGGAAAGTGTATCTGG,0.0407326024099732
CAAAGCCAATGGGCAGGTCTGGG,0.321116071478214
AGAAGTCCAGGAACAGTTTCTGG,0.0994772000048601
GCTTCAGGACGCTGTGAATTCGG,0.318270303453136
AGAATCTACAGCTGCTTTACAGG,0.189864284644358
TTCTCCTGTTCTTCCACTTCAGG,0.11396509969138
TGTTCTTCCACTTCAGGGTCAGG,0.191755444518967
ATCAAGAAACAGTAGTTTGTTGG,0.099556698437462
AAGAATTTACTTACCTCCAGAGG,0.12986654169765
TAAATTCTTGAATGTTTCAAAGG,0.302531745459405
CATCAGTGAAACGGTATAATCGG,0.077264640027528
GAGAACTCTTTCATTTATTCAGG,0.206934880255644
GCTGTTGACAACAGAGGAGGAGG,0.0772312857955531
CGCCGCAGGTCTGGCGTCGACGG,0.0325126651058979
GCACATCTGAATCTGTGTCCTGG,0.209920084017399
ATAGCAAGTGCAAGGTCAAATGG,0.230712058939029
AGATATCCTCGCTGGGCGCCGGG,0.155992435114578
TTTCTTCCAGATATCCTCGCTGG,0.0565848908112271
AGAGCCCGGAGCGGCGGCTAGGG,0.297247231352822
AAGGAGGCTGCTGTCGATTAAGG,0.0381991854820735
TTCAGTTTCATTTGCATCAGAGG,0.0477575553880296
AAATGAAACTGAAGATCATTTGG,0.0887287152626378
GAATCTTTAATATGTAAAGTAGG,0.170333375553449
AAACACCAGCCAAGCCTTCTAGG,0.0869996870494716
ATCTTCAACTGCTGGTGGACCGG,0.0832099691811331
AACAGTAGGTGCCATCGGGCCGG,0.0620775553880296
CATTCCGGTTCAGACGCTTTCGG,0.158052121634954
AGCGCGATGCCCAAGGCCAAGGG,0.0452026964538603
GTTCTGCCTCAATCTGACTCTGG,0.108399582450001
CCGGAACTGCCATACCTGGGAGG,0.155329363014265
CCGGCCCGCAGCTGCCGTCTTGG,0.0635263328174967
CAACGTGAGCGATGCCGCAGCGG,0.0866104707485312
AGATGGCGGCTCAGCCGCTGCGG,0.0498938563284685
CGAACTCACCTCAGCATGTCGGG,0.0400102199648321
CAAGTACTCCTCTGCTTTCCTGG,0.0697326024099732
ACAGTTCATCTCGTTGTCTCTGG,0.107629551102039
TAAATGTGACTCTCACCATTCGG,0.0748840757642052
AAGGAAGTAGGAAGCATCATTGG,0.222946290913951
GGAAGCATCATTGGGAAGAAAGG,0.181022529158465
GGACTCGTCCCACGTCTCTTTGG,0.198264159252509
CGGTGTAAACCTGCAGAGCATGG,0.0660089660463368
TGGAAGTTGAGCAAGAGCAGCGG,0.0747980569554277
GTCTGTCCAGGAGGAGAGTCCGG,0.0383631980212585
TGGTTACCGGACTCTCCTCCTGG,0.132855131039343
CTCGTCCGTGGTGATCTTGTCGG,0.178538391227431
CAAGGACTCGCCCTCCGTCTGGG,0.12685588339044
CCGCCAAGTCCTTCAAGTTCTGG,0.238570993108308
AGGTTCCGCCACCGGCTGCCAGG,0.149563469597337
TCCCGCGGGATTCCATAAGAGGG,0.248929237622415
GGGAGTCGCTTACCTATTATGGG,0.155485852042478
TCACCTGCATGATGGTCTTGCGG,0.14530390846881
TTCACCGTGTTGAGCAAGTTGGG,0.0310088406544873
GGTGCTGGTGTGATCCAGCCAGG,0.0876813171435155
AGCAGTAGCGCTTCAGGCCCAGG,0.127443330297558
CGGTGTCCACCATTTCCACCAGG,0.0384408155761174
GGCCGGGATGTTCGTCCTGGTGG,0.0753736055447694
GCCTTCGGGTCCCACCTTGCGGG,0.0473863955134215
GGCACGTGTTGCAGGAGAAGCGG,0.231633378459421
ATCAGCCCGTTCCCGCAGCCGGG,0.387571541349897
CACGAACGAGTGCGGGTTCGCGG,0.209526729785424
CGTGTTCACGCGAGGCTGCACGG,0.173574754863794
CGTACAACGGGAACGGAGCCCGG,0.0663024140576512
GCAGCGGTCCGCAGCGGACAAGG,0.0696862074256472
CCACAGGGTCATTTGCATCACGG,0.0455239503723556
GGAGAAGAAGATGCAGATCCAGG,0.0862320381466503
TTTAATTGATAAAGCCAGAGTGG,0.129562968029938
ACCTGGTTCACTCACCTACTTGG,0.0405141698080923
AGATTAATTACCTGTCATTCCGG,0.130757952355957
GGAAGAGACATTGTTGTTCTTGG,0.111738015051882
TAATTAAAGGTTGGTGTTCGAGG,0.178589425710189
CCTCCTGCGCGTACTCCACTTGG,0.220901024456271
GTCACTGGACTCTCAATATTCGG,0.062700125920945
TGAGTAGAGACTGGGCTCTCTGG,0.0852968657328572
ATCGACATCCTCCACTCCATCGG,0.104990554236835
CCCAGTGAAGCGTGACATTCAGG,0.208004347340283
CAAGGACAAAGAACAGGAGCTGG,0.0598676494319168
AACAGTGAGTATATGCGGAATGG,0.0415201886168697
CTTCTTACCCACCAGGCTGCAGG,0.203585538562854
GGTCAGCACTTCACAGTCACTGG,0.211026040130252
CACGCGGATGCCCGTGCAGAAGG,0.042561442535365
CTGCTCCATGGCGTACTTCTTGG,0.0681082763911644
CCGTCGTCCCTCTCGATATTTGG,0.034900125920945
CACTTTACCTTCACAGCACGAGG,0.0793338563284685
GAGCCCGGCTTCTTCGTCACAGG,0.135877952355957
CAGGAGACCGCGCCGGTGGCCGG,0.194992309722728
CTCGCCAGCGCCTGGTTCTCGGG,0.034752665105898
CGCTTCTTCAGCCGGCCGTCAGG,0.0454127278018227
AGCGGCTGCGGGCGGCCTGACGG,0.0861334801529199
GTGCTTCTTGTCGGCTTGAAAGG,0.146326102826177
CCCACTCACCGTGGACTTCTTGG,0.111051870851255
GGCATCAGCTTTGCCATTCATGG,0.148950052669437
AACAACAATTTCTTGTTGTTTGG,0.224621024456271
ATCAATCAACCAAACAACCCTGG,0.0398396870494716
CTTACATCATGTGACTGTTCAGG,0.081140125920945
CAATGAGAGAACGGTCAGCTTGG,0.0720266462971205
ACGGGCGGTTACATCCGCCATGG,0.245217889660032
CGAGGCCATGGACGTGTTCCAGG,0.180266040130252
GCAAGATGGCGGACGAGGACGGG,0.0656691541341111
TGACGATGCGCACGACCCGCGGG,0.039542257582387
CGCATCGTCAAGTCCGAGTCCGG,0.0307896557015092
GAAGGGCGACGGCCCAGTGCAGG,0.114736510349688
CTTTCGTGGTCAGTAAATTCCGG,0.112894629471945
TAAATTCCGGGAAATTCAACAGG,0.03277611338176
AAAGCTCCTGTTGAATTTCCCGG,0.147412623202352
AAATTCAACAGGAGCTTTCCAGG,0.122809112230565
AGAGGAGGAACTGCGGCGCCTGG,0.206618140443732
GTCACCGCCATGTCGGGAGGTGG,0.146686353609876
GGAGGTCATACCCTCCACATCGG,0.0371214425353651
TGGGAAACAGGAGGCGGTAAAGG,0.264648359879468
AGGTACTCACCTAAGCAATCTGG,0.0659631980212585
AGTGCCCTTGGGTACTTGGAGGG,0.167248736055017
CGCAGAAACTCCAGTACTCGCGG,0.192289237622415
TTGGCATGTTCTTCACCGCCTGG,0.129718203139656
TTCCCTCCTCTAGGAGCTCGAGG,0.0623282136952397
CATGGAAGTGTCACCATTGCAGG,0.159696635741537
CTTTCGGTACCTTCGCCCTCGGG,0.0366440757642052
CCGGAGGGCCTGCACCGCCTCGG,0.149789425710189
ATATGTTCCTCGTGCCATCCTGG,0.0865068970808196
GACTGCATTCCAGGTCAGTCTGG,0.124249989973512
GTGCTGTGTCACTCCATTGCTGG,0.216590303453136
TGTCATTCAGCCGTTCTAAGAGG,0.0555679629115406
CCTCTTCCTGCAGGTATCGCAGG,0.0375672105604435
TTCAGGACACTGGTCTCACTGGG,0.125132372418653
CCTCCTCCGAGAGGATGGCCTGG,0.230052769281427
CTACTCCGCCTTCGAGATGAAGG,0.0390943578958666
CGGAGTAGGACGCGGACAGCAGG,0.378263657685111
TCCAGGTTCGGACCATGGACGGG,0.055243072629409
GCGGCAGCGAGTTGAACTTTAGG,0.0762070851685939
GGTACCATTACCTGGCAGTTAGG,0.111919582450001
CTCGATGTATTGCAGGGTGGTGG,0.178934002512697
GGCTTCCATGTCTTCACCACAGG,0.0707848908112271
CGCGTCCTTCTGCAGCACCCTGG,0.0611728531936723
CAGTCAGGCCATAGCATTCCAGG,0.180675444518967
GAATGATGACTGCTGAATCACGG,0.0285050162030767
TGCTGAATCACGGGAAGCCACGG,0.109877450788559
CCCACAGGCTGCACAGGAGAAGG,0.167521714111443
GGATGGTATCGTAATAGTGAAGG,0.0321954237265876
CGTAATAGTGAAGGTGGAAGAGG,0.0363837622845813
AAGATGAGGAAGACCACATGTGG,0.0388759252939857
AGGAGGCGTGTCCTGTAGGGTGG,0.198746917873199
AATATCTCTGGGTCTGGAGGAGG,0.0478374299961801
TGGCGGAATATCTCTGGGTCTGG,0.330531118500158
ACGGCTTGTTCTTACAATACCGG,0.153024640027528
CAGAAGCGAGACTTTGGGTACGG,0.279372978585522
ACTACTTACCAGGGACACCTCGG,0.31862677168897
CATATTCATCTGACACCATGTGG,0.198147398648218
GAATCCTGCCTTACCTTCAGAGG,0.156046583601196
TTCTCCCTACCTAGCCCTGGAGG,0.212777868867653
GTACTTATTGGCACAAATTCGGG,0.245985392378625
TCTTGTTGATGCGGATGACGTGG,0.328303887676431
AGGCTCCAAACAGGCATGCGAGG,0.192964577331603
AACTTGGCCAATGTGAACCCTGG,0.305894608679566
GTTCTGCAGCTTGGTGCGGATGG,0.263348903350412
ATGTGATTGAGGCCCTGCGCAGG,0.164470157268907
CTTGAACTTGGCCCTGCGCAGGG,0.264575110246964
CAGCACTACATACCTTCTGGCGG,0.266641442535365
CGGCTCATCCCAGATGGCTGTGG,0.376131599275177
GTGGCCCTCTGGACAAGTGGCGG,0.163561567927215
TGGCGGGCCCTGCACTCATGAGG,0.185219749745396
CTCTCGCGACACCCTGTACGAGG,0.19604018861687
GCGGTGCGGGAAGTCCTGCACGG,0.333351536579252
TCTGCAACTCCACCGTCTCCAGG,0.226703009933484
GGACCAGCAGCACTGTGACGAGG,0.40846953030966
GCAGCACTGTGACGAGGCTAAGG,0.277035925293986
CTGCTTGATCAGAGACTCTGAGG,0.243388276391164
AAGCAGATTCCACGAATCCTCGG,0.181103386109033
CATGGTGGCCAAAGTGGATGAGG,0.265622382974236
CTACAGCCAGACATAACACCTGG,0.170178370435052
TCCCTGTTGCAGCAGGATCAAGG,0.266195799902136
AGATGTTGAGACAGAGTTTGCGG,0.16865335476107
CTCTGTCTCAACATCTGTGTTGG,0.198226646297121
GACGCGAGCAGCCAAGGTGTTGG,0.17661623877361
AAGGTGTTGGAGCAGCTCACAGG,0.349979498961697
TGTGAGCTGCTCCAACACCTTGG,0.430483950372356
GCTGTCCACTGCACAGTTCGAGG,0.167629655701509
ATCAAATATGACCCAAGCATTGG,0.181533981720318
CTACGGCCTGGACTTCTATGTGG,0.163454984855114
TTGTCTGCGATGCTGAAACCTGG,0.248731724667026
GCAGACAAGAAGCGCAGGACAGG,0.208640439400569
CGATGATGTCATGAGGATGGCGG,0.269310031877058
AACATTACAGCCCACTGACTGGG,0.162886583601196
GGAACCATTAAAGAGATCCTGGG,0.297511912754801
AGAGTTCTCTGGCTAAGGATCGG,0.395079060090224
TCAACATTGCTCGACAGATGCGG,0.551833292065145
TGTCTCTTGGTGGTTCCTTGAGG,0.199405078899001
GGCTTTGATGATCAGGGCAGAGG,0.290044828115302
ATGATCAGGGCAGAGGCAGAAGG,0.226462382974236
ATCTCTTCTGCAGATTGAGGTGG,0.408047210560443
CGGGTGACTGGAAGGGCCTGAGG,0.196531223099628
AAGGCAACGGGTGACTGGAAGGG,0.352716552253233
GATGACATTGCCAAGGCAACGGG,0.324298245043202
AGTTGGTGATGACATTGCCAAGG,0.3716053296827
GGGATAACGTACCAGACCCAGGG,0.383753542848845
AGTCGGTGCCACTTCTGCCCTGG,0.216361818710914
AGTGGCACCGACTTCACCTCCGG,0.371340125920945
AGGTGCACCGGAGGTGAAGTCGG,0.222261881406838
GTATACCTGAGGTGCACCGGAGG,0.441825893946023
GCCATGGCGCCCAGCCGGAATGG,0.171330345356682
GGCGCCCAGCCGGAATGGCATGG,0.513307774823766
AGCCGGCCCGTAAGATCCGCAGG,0.343534859463265
TCTCCACCAGACGTAAGGCCCGG,0.195656364165459
GGCTTGCCGGGCCTTACGTCTGG,0.400820376704644
GGCCGGATGGGACCCGACGCGGG,0.247836677645083
GGGCCGGATGGGACCCGACGCGG,0.21270953030966
CTCCAGGCTGAAGCCGCGGCCGG,0.316191160403704
GCTTCAGCCTGGAGGAGCTCAGG,0.364317806171729
TACTCACCCTGAGCTCCTCCAGG,0.269774232504017
GGTGGCCGGCATTCACAAGAAGG,0.349068903350412
GGCCACCTTCTTGTGAATGCCGG,0.278671411187403
AAGAAGGTGGCCCGGACCATCGG,0.170341881406838
CACAGAAATGCCGATGGTCCGGG,0.177340502096494
GCATTTCTGTGGATCCGAGGAGG,0.194404828115302
GTTGGCCTGCAGGGACTCCGTGG,0.21472018861687
GGCCAACGTGCAGCGGCTGAAGG,0.248158558522826
GGCCACCCAGCTGACCGGACCGG,0.243325956641948
GCGGCTGCCGAAGATGGCGGAGG,0.318302759149785
GTCCTGGTGCTTGATGGTCGAGG,0.299132100842575
GTGGCTAAACAGGTACTGCTGGG,0.692699498961697
CCCTCTAGGCCGGAAGGTGGTGG,0.288536364165459
GTGGTGGTCGTACGCTGTGAAGG,0.232091097707779
ACCTGGCTTTCCTCCGCAAGCGG,0.230609091438186
TGGTGTTCATCCGCTTGCGGAGG,0.321718307739127
ATGAACACCAACCCTTCCCGAGG,0.300324702723453
GTCCGCCAGAAGATGCGGCTGGG,0.376397179212481
GCACGGTCCGCCAGAAGATGCGG,0.322802320278312
GGGCGCCTGGCTCACGAGGTTGG,0.417230658836305
CGAGGTTGGCTGGAAGTACCAGG,0.383466395513421
CCAGGCAGTGACAGCCACCCTGG,0.441113166673296
CAGCCACCCTGGAGGAGAAGAGG,0.251787147864519
CTCTTTCCTCTTCTCCTCCAGGG,0.33805887200245
AGAAAGCCAAGATCCACTACCGG,0.262583762284581
GAAACAGGCCGAGAAGAACGTGG,0.342270157268907
ACAGAGGTCCTCAAGACCCACGG,0.166412853193672
CCAGGAGTCCGTGGGTCTTGAGG,0.179597304604331
GGCTCAGACCAGGAGTCCGTGGG,0.25807742999618
CAAAGGAGACATAGGCCACCCGG,0.197421129055741
ATGGACCTTGCACTCAAGTGAGG,0.251259248177998
GTGAGCTGCATGCACTTGAAAGG,0.25060545507455
TCATCCTCAAGTTTCCGCACAGG,0.237536238773609
TGTCCGACAAGCCTGGCAGAAGG,0.357174357895866
AATCTTCTTGGCCCATCGTGTGG,0.21397598798991
GAAGATTGAAGCCAGAGAAAGGG,0.161052100842575
GGGTGCATACAAGTACATCCAGG,0.235697868867653
ATGTCATGCGCTTTCTTCTGAGG,0.229642571062011
TTCTTCTGAGGGTCCGCTGCTGG,0.340502132190537
TGTGGAGAGCAGAGAGCTGGCGG,0.433738621218751
GCTTGGCCTTGTAGCCCAGTCGG,0.217108527174863
TATAGGATTCGTGTTCGCCGTGG,0.266111411187403
AAGTTGCACCCTTAGGAACTGGG,0.267870533444456
TTAGCTGGTTAACACCATGATGG,0.28585335476107
AAGCCTTCAGTCCGTTGCAGAGG,0.242130094572982
GAGCGAGCTGGACGCCACTGTGG,0.366038056955428
GTCCTGAATTCTTACTGGGTTGG,0.185233292065146
CTTTATGGAATGGATCAATGAGG,0.298700502096493
GAAGAAATCCTGACACCCAGTGG,0.323596803036932
TCTGCAGGCCGAAAGAGCCGTGG,0.347138370435051
AAAGAGCCGTGGCCTTGGAAAGG,0.261076928428782
GAGAGCCACCAATAGTGTGGTGG,0.609940627488343
TCACTCAGGTGGGAGTGCAGTGG,0.240110658836305
TCACTGCAACCTCTGTCTCCCGG,0.463986144729722
GATTGTTCCTAAACCAGAAGAGG,0.361645204290851
CCGTAAGGATCATCTCAATGTGG,0.313312414322199
AATCCGACCATGAGCTCTGTAGG,0.2476321635385
GAGAATCTACATCTAAACCCTGG,0.416739122786149
TGGAGTTGGCAGGTGTGCGCAGG,0.180129843789283
GAAACTGCTCAGGCCATCAAGGG,0.21342401306828
GAACACTCGTGAAACTGCTCAGG,0.155217618083954
GGTTCGCTATTCACTTGACCCGG,0.172031912754801
GGCCTGATACTCACTTGGTGTGG,0.453967335952293
GGTGTACCGGCATTTCGGCAAGG,0.354016991124707
CCTTCCCTAGGTCCTCGCAAGGG,0.278651850058876
GCAGCCGCATCCTCAGGGCAGGG,0.211268652566713
TCAGGAGGTACCCAAACTGAAGG,0.196514044416243
TGATGATGTGCGGGTTCAGGAGG,0.289035549118437
GACCATAACTGATGATGTGCGGG,0.383779749745396
GGGAAAGGGACAGAGGCGGCCGG,0.289955674510287
ACAACCTCTTCAACACAACCTGG,0.298503009933484
CAACACAACCTGGTTGAATGTGG,0.180415737206211
AACCTGGTTGAATGTGGAGTTGG,0.338453981720318
TCACCTTGACCAACAGCCTCAGG,0.156847586735992
ATAACAAGGACCGAAAGGTTCGG,0.238181003663892
CCTTTCGGTCCTTGTTATGGCGG,0.173685705858249
GCTACGAGAGTACAAGGTAGTGG,0.214058370435052
AAAGATTCGCATGCGGTAGAGGG,0.273634545983641
TAGGCGCAAAGATTCGCATGCGG,0.326019498961697
GGAGATTGTCTACTGTGGGCAGG,0.265318558522826
GGGTGAAGAACTTCGGGATCTGG,0.226545016203077
TCTGGCTGCGCTATGACTCCCGG,0.272372226234425
GTATTCCCGGTACATGTTGTGGG,0.272319687049472
TACCGGGACCTGACCACCGCAGG,0.285786897080819
TGACAGCGCCTGCGGTGGTCAGG,0.178897994259503
CTGGGTGACAGCGCCTGCGGTGG,0.449932978585522
GACAGGCAGCTTACAGCACTGGG,0.188131223099628
GATCTGAATGGAGTGGGCTCGGG,0.246671787362951
CTTCATGATCTGAATGGAGTGGG,0.23044808830339
CATGAAGGTGGAGGAGATCGCGG,0.333251223099628
CTGACGGCGCAGGACCCGGTGGG,0.499078056955428
GTGGCTTGTGCTGACGGCGCAGG,0.292195549118437
GAAGGTGTTGGGCCTCTTGGTGG,0.262374734071415
GCCTCTAGTGTCCTCCGCTGTGG,0.342944389243829
GCTGTGGCAAGAAGAAGGTCTGG,0.261809216830036
GTACTCACGGGAGTTGGCATTGG,0.209951912754801
TCCCAGGTACTCACGGGAGTTGG,0.322198182347277
AAGGGCAGGCACATGGGCATAGG,0.253237931563578
GTATCACAGCCTGTACCTGAAGG,0.266691724667026
GGAACACATCCACAAGCTGAAGG,0.260785768554174
GGCCCGCAGGTCTAAGACCAAGG,0.338350282660757
AGAGCGCCTCCAGGCCAAGAAGG,0.19562940491781
TCTCCTCCTTCTTGGCCTGGAGG,0.194550157268907
TGACGAACACAAAGGGAAAGAGG,0.180830784228155
AACACAAAGGGAAAGAGGAGAGG,0.372358934698374
ATTCGCATATATGTGGCCAAAGG,0.204812351626274
TATATGCGAATCTATAAGAAAGG,0.393616614949158
AAGCCAAAGAGAAAGGTACCTGG,0.35538137983944
CTGGCGCTTTAGTTGAACCCAGG,0.350591160403704
TGTGCTTCTCTGGGTGGAGCAGG,0.298868527174863
ACAAAGTGTGCTTCTCTGGGTGG,0.253602445670161
GCACACTTTGTGAGAACCAATGG,0.231711160403704
CTTTGTGAGAACCAATGGGAAGG,0.34774401306828
CAGCTCAGGCTCCTTCCCATTGG,0.15305348015292
GGAATAGGTTCCAGCAGCTCAGG,0.298697994259503
TCTCTCAGTACATCCAGCAGTGG,0.302180125920945
TGGTGTGGGTGACATGGTGATGG,0.178516301469534
AGACTTCCCGCTGCTGGTGTGGG,0.206775862598061
CTGAACAGACTTCCCGCTGCTGG,0.272553041281446
CAATTGATTACAGCTCCTACCGG,0.231548401783014
GCGTTCAAGATGTCGAAGCGAGG,0.231175235638813
GATGGCGCCGAAAGCGAAGAAGG,0.220254107112168
GCGCCGAAAGCGAAGAAGGAAGG,0.199600564792418
TAAAGCTGAAGCCAAAGCGAAGG,0.430998809306525
GAAGGCTTTAAAGGCCAAGAAGG,0.446230784228155
TCCGCACGTCACCCACCTTCCGG,0.338696740341008
GTCTTCGGCCGCCGGAAGGTGGG,0.240438182347277
GTCGCAGTGTCTTCGGCCGCCGG,0.178829781093359
GGCCGAAGACACTGCGACTCCGG,0.246425768554174
GAGGATATTTGGGCTGTCTCCGG,0.39033611338176
AGTACTGACTTGTTTCTCCTGGG,0.25317611338176
GAAACTTGATGATAGCATAGTGG,0.25920821369524
ATGGCAGACTCAGTGGTCAGCGG,0.194104890811227
CAACACACTTGTGTTCATTGTGG,0.176073793632544
CCGAATCAGGGTGTTGACCTTGG,0.318836301469534
TAGGCCTGATGGAGAGAAGAAGG,0.305464640027528
AAAGCCAAATCTCGCCAAGTAGG,0.155494483287716
AATGGCACAACTGTCCACGTAGG,0.322347273256368
GCGATCCATGCCCATCCGAAAGG,0.293092351626274
TGTCTCAGCTCTTTGGAAAGAGG,0.300190157268907
ATCTTCCTTCGAATGTGGGAAGG,0.20669611338176
TTTGCGATTCTTGCTTCGGTCGG,0.165873166673296
CCACACAGCCATCCAGACTGAGG,0.221778370435052
GTATTCCTGCAGGCAAGCACCGG,0.248302759149785
GCAGACCACCAGCATTACCGCGG,0.414989279525961
CTGGTGGTCTGCATCACCACCGG,0.163689969181133
ATTTGTCGAAGTTGATCCGGTGG,0.235209467613735
TTACCTCTTCCTAGCCACCCAGG,0.497966834384895
CTTTCCCAAAGTAGCCTGGGTGG,0.154343887676431
TGAAGCATTACCACTTAAAGAGG,0.228011599275177
TGACAGTTGGGCAGAAGCTCTGG,0.451273668240694
ATTTGTCAAGGTTGACAGTTGGG,0.19547203814665
GATCGCACCACATCAATGATGGG,0.166885204290851
AATTTGGCCTTCACGATGACAGG,0.321422382974236
GGAGGAGAAGAAAGCATTCATGG,0.272382759149785
CTTTCTTCTCCTCCATGGTCTGG,0.169852853193672
TCTCCTCCATGGTCTGGAAGCGG,0.24648006322502
CCATGGCCGCTTCCAGACCATGG,0.345259749745396
GCCATGGCCAAACTTGGAGGTGG,0.225167085168594
AGGTGGTGTCAATGAACTTAAGG,0.185405078899001
GCTGGTGCAGACGAAGCGGCGGG,0.275036426861384
GCGGGTGCTCACCCTCCGCAAGG,0.199024263851979
TGTGGTGGGAACCAAGAAGCGGG,0.227434922159189
CATAGTGGACAAAGCCACCCTGG,0.234910408052606
TGACAAGAGCATCAACCCTCTGG,0.156708777958563
GTCAGATAGGTCATAGTCAGTGG,0.235882445670161
GTGGCACGCGCTGGGCAGAAAGG,0.167361944102763
TGCTCGTGTAGCCTTCTCTGTGG,0.211875549118437
GACCCACCGAGGCCTGCGCAAGG,0.209239937833171
TGTGAACCAAGTGTTTGGGCAGG,0.343173856328468
ATGGAGATCCAGGTGAACGGAGG,0.453278558522826
GCACTGGGCTCACCTGGGTGTGG,0.153674545983641
CCGTGTCATTGCCCACACCCAGG,0.42217348015292
CAAGTACTGCAAGAAATGGCAGG,0.278126458209346
TTTCTTGCAGTACTTGGTAAAGG,0.179630031877058
AGAGGCGTTTCTATAAGAATTGG,0.246413981720318
TGTGGGCATTGTGGGCTACGTGG,0.35634413846013
TGTAGAGACACCACCCATGGTGG,0.604227900215616
GAACAAGAAGGAGGTGGTGGAGG,0.324384389243829
AGAGGTGAACAAGAAGGAGGTGG,0.167477179212481
TGTCTGTACATACTGGATCCCGG,0.198432414322199
CGTGCGGGAAGTCGACAGGCCGG,0.183042445670161
TGGCATGACTCACATCGTGCGGG,0.183847210560443
TCATGCCAGCCTTGTATCCCAGG,0.391415235638813
GCCTTCCTGGGATACAAGGCTGG,0.183314922159189
TGTATCCCAGGAAGGCTGTGAGG,0.351057618083954
GAAGGTGAAGAGCTTCCCTAAGG,0.430360439400569
TGCCTGCTGCTGCGCTTCCGAGG,0.317793919024393
GAGGGACCCATGTCTGGGAGCGG,0.273887085168594
AGTTCTCCGCTCCCAGACATGGG,0.231955172942888
ATACTACAGAGTGTGCACACTGG,0.161249969181133
ACTGGTGTCCATCACTACAGTGG,0.339852602409973
ACTCTGAAGATGATCAGACAAGG,0.256291097707779
TTCACTGCGCAGCCTGGCATTGG,0.261025893946023
CAAGAACCGCAAAGCCATCGTGG,0.227726834384895
GGAAACATTGTGAGCGATCTCGG,0.259881317143516
ACAAAGCACATGCTGCCCAGTGG,0.384060251312794
GTTGCTTCCATAACCAATGTTGG,0.209435549118437
CAGATCTTGATGCCCAACATTGG,0.296191661971102
CGTAACTGGCGGAAACCCAGAGG,0.28533887200245
ATTTCCTTCAGCGTAACTGGCGG,0.208315799902136
CATATCGGTCTGACTGGTGCCGG,0.182368464478939
AGCGTTTGACATACCGACGTAGG,0.209883323413108
TATTGTAGGAAAGCCTACGTCGG,0.206189906485208
GGTAAACAATTCTATTACCAGGG,0.184523574196807
ACCTTTATACCAAGAAGGTTGGG,0.27285072153223
TCTGCATGTGGTGTGTGCCCAGG,0.434892226234425
AGCACACATGGAACCACCATAGG,0.254264389243829
GTGCTAAATGTGTTCGTGACAGG,0.186945266986776
GTACCCGCTGCGGAAGTACGCGG,0.265812100842575
AGAAGCAGCAGCGGAAGGAGCGG,0.181366959776744
GACCAAGAAGCAGCAGCGGAAGG,0.241886959776744
TCTCCTCGTGCTTGTTGAGCCGG,0.232688589870788
TCACCTTGTAGAATTTCCTGAGG,0.233410345356682
CGCGTCGCCAAAGTGACAGGCGG,0.262189279525961
ACAGCTGGACGACCTGAAGGTGG,0.335887461344142
TCAAGGCTCGAGATCTTCGCGGG,0.304911160403704
GACATGATTCGGGAGGTGTGTGG,0.191987649431917
GCGCGCCATGGAGTTACTGAAGG,0.344687837519691
TGAAGGTCTCCAAGGACAAACGG,0.182351285795553
GGACGCACATCCGCGCCAAGAGG,0.385799310873923
ACATCCGCGCCAAGAGGAAGCGG,0.316757806171729
GGAGGAGCTGAGCAACGTACTGG,0.173529342221885
GCAACGTACTGGCCGCCATGAGG,0.187767837519691
AAAGTGACACAGTACAAGAAGGG,0.295971975450725
GACACAGTACAAGAAGGGCAAGG,0.24653348015292
GACAGGAAGCAGAGTGGCTATGG,0.372700627488343
CTGCAGATCTAAGAGAATGCTGG,0.230027147864519
GGAGGAGATAAGAAGAGAAAGGG,0.227249342221885
CGGAAGCAGAGTGGCTATGGTGG,0.479286834384895
GACACAGTATAAGAAGGGCAAGG,0.170165204290851
GGTAAATACGGGACCCGCTATGG,0.217267774823766
TGGTTCCTGCATGAAGACAGTGG,0.564441442535365
TGCATGAAGACAGTGGCTGGCGG,0.289422382974236
GCCAGCCACTGTCTTCATGCAGG,0.365026520905271
CTAGACTCACTTGTACGTCCAGG,0.331358683914675
CGTGACAGCGGAAGTGGTACTGG,0.435345266986776
ACATTTGGCATCCTTTCGTCGGG,0.270668401783014
CAGTGATGACCAGGGTGTAAAGG,0.170835172942889
GGTAGGTAAGAAAGGAAAGAAGG,0.305838934698374
ATTACCAGGGATGTTTCTGAAGG,0.209105768554174
ATCATCTATAATGAGGATAATGG,0.169423260717183
CCCTGCGCTGGATACGGCGACGG,0.373720564792418
GCCAGCTCTCATTCGCTGAGAGG,0.188288715262638
TGAAGGCTACAAGAAGACCAAGG,0.667975737206212
GTAGTTGAAGATAAAGTTGAAGG,0.270353919024393
TCAACTACCAAAGGAAGTTCAGG,0.227175110246964
CCTTTAGACATGACCAGTGCTGG,0.377310784228155
AGACATGACCAGTGCTGGTAGGG,0.190526332817497
GACCAGTGCTGGTAGGGCTGAGG,0.397713919024393
GGCAGCCAGGGCAGAACAGATGG,0.572781881406838
ATACGCCATCTGTTCTGCCCTGG,0.389812727801823
TGTTCACTCTACGATGCCAACGG,0.407827147864519
GGTGGTGGGACTCACCGCTCTGG,0.427272539714048
AGTCCCACCACCTCGAACTCTGG,0.160350909620005
CGAATTCCCAGAGTTCGAGGTGG,0.407278307739127
TATGCTGTCAGTGAATTAGCAGG,0.201688966046337
ATAGGAGCCTTGAATACAGCAGG,0.302548150999315
TCGGAGTACACCGATATCAGTGG,0.321059122786149
GTGTGCTCGCCCACTGATATCGG,0.169699875137246
CACTTGGTATCTCTTAAAGTAGG,0.224397806171729
GTGAAATTTAGAAGACGACGAGG,0.182065643162324
GATTGCTTATGCCCGTATAGAGG,0.205142257582387
GACTGGTGATGAATACAATGTGG,0.26848808830339
AAATAGCAGGTGAAGGCACCTGG,0.170164201156055
TGCATCCAAATAGCAGGTGAAGG,0.255460125920945
GGCCTTGCCAGAACTACCACTGG,0.246680815576117
TCCATCCACAGCTCCCTTCAGGG,0.446745768554174
TGCTTTCAGAATCATAACCAGGG,0.263222759149785
GAACAGCGTAACTCCAGACATGG,0.215054483287716
TCAGAGCAAACACAGATCGCAGG,0.225980125920945
ACACAGATCGCAGGTAGCCCTGG,0.209414232504017
CGCAGGTAGCCCTGGAGCTGAGG,0.158721944102763
CAAGATTGATCAGAAAGCTGTGG,0.274123950372356
CGGAAGCCCAGACACCAGGAAGG,0.315748150999315
ACTTCAAGAAGAAGAAGCTGCGG,0.185771724667026
GGAACTCGATTGAGGACCAGAGG,0.170646458209346
AGTGGCTTATTACTTGTGACTGG,0.217095110246964
CAAGAACGGCGGTACCCGGGTGG,0.17192018861687
GTTGGTGGTGACAAGAACGGCGG,0.182087586735992
GTACTCAGCCGCTAAATCCAAGG,0.211566332817497
ACCTGCCAATTCCTCTGACAAGG,0.156241567927215
CCTGTCCTTGTCAGAGGAATTGG,0.23477623877361
GGACAGGGTTGCGGCTGCAATGG,0.398023887676431
GAAGGTTGATGCTGGTGGCAAGG,0.200064263851979
GCCAAGAAGGTTGATGCTGGTGG,0.199750533444456
GAAGAAACCCGAAGCCAAGAAGG,0.265430031877058
TGGAGATGCTGGCAACAGGGAGG,0.332829655701509
TTTGTAGAAGGTGGAGATGCTGG,0.224386395513421
AAATTGTCTTCTCCACGAGGTGG,0.30011730460433
AAGACAATTTGAAGGGCCACAGG,0.243237680779879
AAGAGGCAAATAACTTCCTGTGG,0.351643574196807
ATACGGCATCATCTGCATGGAGG,0.262772602409973
TGTAGAGCCATATATTGCATGGG,0.167921818710914
AGCCTTGTTGAGCTTCACAAAGG,0.221579248177998
TTCCATTGAAGATTTGACGAAGG,0.15775742999618
CGTTTGTCATCAGAATCAGAGGG,0.21907467137549
GTACAGAACTGAAATTCGAATGG,0.185117179212481
TTTCCGGCTGGAACCATGGAGGG,0.3165521635385
TGCCCAGCCGAAAGGAAAGAAGG,0.321409843789283
GCCGAAAGGAAAGAAGGCCAAGG,0.23389348015292
GAAGCAGGAGGCTAAGAAAGTGG,0.229024640027528
AGAGAGCCATCCTCTATAAGCGG,0.195084201156055
GTGAACTGGTTAATCGCAGGAGG,0.307839185482073
TGCGATTAACCAGTTCACCCAGG,0.437878558522826
TGTCTCTGGTCTGTACTTGTGGG,0.280349028742262
AGAGAAGAAGCAGAGACTGTTGG,0.245997053820631
CGGGCCGAGAAGAAGGCTGCTGG,0.17034413846013
GTTCTCCACCAAGGTGGTGACGG,0.337058621218751
TTTCTTGTTCTCCACCAAGGTGG,0.21895203814665
GGAGAACAAGAAAGCTCAGCTGG,0.196919937833171
GGTGGTGATTGCACACGACGTGG,0.528659624353547
CAGGCAAGAAGACAACCAGCTGG,0.229091348491478
TTACTGCATTATCAAGGGAAAGG,0.391414734071415
CAGTGGTGCAGGTCTTCCTGTGG,0.259888966046337
CACCTGTGTGAAGGCGACAGTGG,0.275433793632544
TTACGAGTTCACCTGTGTGAAGG,0.221238307739127
TAGGGAAGACAAAGGCGCTTTGG,0.204959060090224
CCCGGAGACGTCCAGTCCGGCGG,0.219377868867653
GGCATCTCTGCGGATGGTGGAGG,0.336349279525961
GAACTGCTGGCCACGAGTACGGG,0.351968840654487
ATAAGGCAAAGAGGAACTGCTGG,0.456120940967967
GACAAACCCATCTTGAAGGCTGG,0.268310282660757
ACAGGTGTGGTGGCTGGAGGTGG,0.272907900215616
AACCACAGCTCTGTTGGCTGAGG,0.258742633757936
GGAGATAACCTTCTTGGAGCCGG,0.252366708993045
GCAAGCTGGCCCGGGCATCAGGG,0.276870031877058
ATGCCCGGGCCAGCTTGCCACGG,0.277539624353547
GAGGAGAAGCCTGGAGACCGTGG,0.303549279525961
TACAATCGTGTGCTGCCTGGAGG,0.281355298334738
CAGCACACGATTGTACCCTCAGG,0.394847461344142
ATTGGCAATGTGCTCCCTGTGGG,0.347619875137246
CTTGCAGCCCAGCTCAACATTGG,0.251528339087089
CTGGCCCGTGTGAATGCCCTCGG,0.252789906485208
GCCCGTGTGAATGCCCTCGGCGG,0.479863260717183
GAGCTGTTCATTGCCGCCGAGGG,0.240713919024393
CGGATCCCGGAAGACCACCTTGG,0.162696865732857
CAGGACATCATCCACGACCCGGG,0.248072790497747
CTACATCAAGGGCATCGTCAAGG,0.185807210560443
GAGCGGCACGGCTACATCAAGGG,0.439530219964832
GTGGATTTCGCTGAGCGGCACGG,0.190584389243829
GCGCCGTGGATTTCGCTGAGCGG,0.269950533444456
GCGCACGTGAAGCACCGTAAAGG,0.361279060090224
GTGCGCGCGGAACACAGACCCGG,0.214567210560443
CGTGGACAGAGGAAGGGCGCCGG,0.22787742999618
GTGATCCGTGGACAGAGGAAGGG,0.221390408052606
TCCACGGATCACACGGCCCATGG,0.294787022472669
AAAGATGAATTAATCCTTGAAGG,0.219688715262638
CGCAGGGTTCGGATGAGACCAGG,0.271092351626274
CAACAAGAGACCCATTCTCCTGG,0.332590282660757
ACACAGACCTCATCTTGTAACGG,0.193587900215616
AGGGCTTCCGTTACAAGATGAGG,0.344046332817497
CATGATCAAGGGTGTTACACTGG,0.385411975450725
CATGTACAGAACATGATCAAGGG,0.314549154134111
ATGACTACAAATAGTCCGAACGG,0.316205204290851
GAAAGGAACTGGCTACCGTTCGG,0.335910533444456
GCTCCGGGTTGACAAATGGTGGG,0.541864640027528
TGTGATTGAAGTCCCTCCGCAGG,0.266603574196807
CTAGTCGACATTACTCTGAAGGG,0.371513668240694
TGCTTTCTCTTACAGAGAGGCGG,0.159566834384895
TGGTGCCGACAAGAAAGCCGAGG,0.361727210560443
TGGCACAGCACTCCGTCTGTAGG,0.290099122786149
GACCTGCGAGACTCACAAGAGGG,0.152991411187403
GTAGCCGTCCAGAGACTGGCAGG,0.165676301469534
TCTCTGGACGGCTACGGCGTAGG,0.37818940491781
AGGGTGGCAGGCACAATCTCCGG,0.282116176077685
GAAGGTAATCACGGAGATACTGG,0.165483072629409
GAGATACTGGATACCCTCATTGG,0.184004075764205
ACTGGATACCCTCATTGGTAAGG,0.27095755538803
TACTGGTACCTTACCAATGAGGG,0.28461084692408
GTACCAGTAGAAATGTCTCCAGG,0.324951411187403
CAAGTCCCGAGGCTACGTGAAGG,0.326183636892732
TTACAGTCTCTCAAGTCCCGAGG,0.195611850058876
GGCCTTCATGACATGAAGGTTGG,0.340501003663892
GCTCCGGGTGCTTAGGCATGTGG,0.171768966046337
GGGAGTCATGGTGGCCAAGAAGG,0.406110533444456
GGAGTTCATAAATGGCAATCCGG,0.29466137983944
CCTGCTGGGAGAAACTGGCAAGG,0.165284702723453
CTGGCAAGGAGAAGCTCCCGCGG,0.317364702723453
GTACTACAAGAACATCGGTCTGG,0.178136489557309
TCTGGGCTTCAAGACACCCAAGG,0.423647837519691
AATGGACACATTACCAGTGAAGG,0.316336364165459
TGTAGTGCAGATAGTCTCGGCGG,0.349708025607465
TCTTGTGGCGCTTCTCGAAGCGG,0.219854232504017
CACTGCGCTCACCTGAAGCAGGG,0.197939122786149
GCACTGTCTTGCTCAGAGGCCGG,0.159818119651352
CAACGTGCTCAAGGTCACCAAGG,0.31902940491781
CTCAAGGTCACCAAGGCTGCCGG,0.267722571062011
CTGGAACTGCTTCTTGGTGCCGG,0.311297868867653
TGCTAGGCCATCGTGGATGAGGG,0.440318433130976
ATCCACGATGGCCTAGCACGTGG,0.275738119651352
CAAGCACACAAAGATGGGCTTGG,0.275052100842575
GGATGCAAGCACACAAAGATGGG,0.263595172942888
TATGTATGTCAAGTTGGTGGAGG,0.291660251312794
AAGAAACTAGGAGAATGGGTAGG,0.298948652566713
GGACTATGGCAAGGAGTCTCAGG,0.170846708993045
ATCATCTACAGCCTCTGCCCTGG,0.205681944102763
GCATCTTGAGAGGAACAGAAAGG,0.209027398648218
CTGTTCGAAAGCATCTTGAGAGG,0.154776489557309
GTTGACATCTGACGACGTGAAGG,0.421369593005584
CAGGAAGGGCCTGTCCCAGTCGG,0.181923448804958
TGGGTCGCATGCATGCTCCCGGG,0.361573605544769
GGTATGAAGATCGGGCGGATTGG,0.182686207425647
GGATGTGGCCCAGAGGTGCAAGG,0.162169342221885
GCAGCCAACATAGCAGCATATGG,0.248187398648218
GACTGGTGGGATGAAGGTAAAGG,0.336908401783014
CCGTGTGACTGGTGGGATGAAGG,0.267528464478939
CCATCTGCCGTGTGACTGGTGGG,0.263518056955428
TGCCAGAAAGATCAGTGACATGG,0.168139122786149
CATTGAAGGATGCAAAGATATGG,0.170178621218751
CTCGGACCTCAGGTGGCTGAAGG,0.311706395513421
CATCAGCCTCGGACCTCAGGTGG,0.23151467137549
GCGGTAGGTGAACTTGCGGAAGG,0.313828903350412
GTCGAGGTCCACGCCGCGGTAGG,0.388752790497747
ACAGTGCGCGCCAGCGGCGGCGG,0.418138621218751
GGCGCCGCCCATGGAGAAGCCGG,0.252959561657622
AGTGGTGAAGACGCACCTGCGGG,0.361236928428782
GTAGGATGATCATGTCCCGCAGG,0.389940125920945
CATGATCATCCTACCCGAGATGG,0.409500878272042
TGCTGCCCACCATCTCGGGTAGG,0.280024389243829
AGCATGGTGGGCGTCTACAACGG,0.163114545983641
CAACGGCAAGACCTTCAACCAGG,0.311949154134111
TGGAGAACTCGCCCAGGTAGTGG,0.157435298334738
AGGTGATGGAGAACTCGCCCAGG,0.383751536579252
ATGGTCCATGATGCCAGCTGAGG,0.418743762284581
ATTGTACTGACAACCTCAGCTGG,0.245052351626274
TGACGTGCAACTCAAAGACCTGG,0.229180627488343
TTGTTGTGAACCTCACAGGCAGG,0.307497743475804
CTCACTGTGATGATGAAGCATGG,0.292468903350412
TCATCATCACAGTGAGAAACCGG,0.266964702723453
GAGAAACCGGACGATGACTTTGG,0.389871411187403
CGTGCTCCAAAGTCATCGTCCGG,0.193435549118437
AGCACGGCCTAATAAGCACCTGG,0.280261003663892
AATGGTGCGCATGAATGTCCTGG,0.343208715262638
GTCACGATGGGCTTATCGGTAGG,0.497418621218751
GGTCAGCTACCAGCAGGGTCCGG,0.229998433130976
GGGTCCGGTCATACTGGATGAGG,0.332365831250099
GTAATAGGCCACCAGGGCTTTGG,0.179465392378625
TCAGTCCATCTCCAAAGCCCTGG,0.323750658836305
TGCGCGGCTCAATCATCTCCAGG,0.289747649431917
GTCTCATCAAGGTGAACGGGCGG,0.285759937833171
ACGCGGCAATGGTCTCATCAAGG,0.16545623877361
GCTGTGGCGCACTGCAAACGCGG,0.365470031877058
ACAGAAGACAGCGACAGCTGTGG,0.177358307739127
CAGCGGGCCCTTGGACGGCATGG,0.162657618083954
TTGAAATTCATCCCAACTGTAGG,0.187880564792418
AGGTCACTCAGCCTACAGTTGGG,0.256964702723453
TGGACAGACTGCCGAAGTCCTGG,0.205424263851979
TTCAATAATCTCCTGATCCAAGG,0.181151661971102
GTAGGTCTCAGCCTTGGATCAGG,0.223007461344142
GAGAGACAATTATGTTCCTGAGG,0.23569084692408
CTGATGAAGCGAATTCAGAGAGG,0.220697492692105
TCGTGTGGAAGTCGTTGCCCAGG,0.380453605544769
GTACTCAACACCAACATCGATGG,0.17810677168897
CTTAATGGCAGTGATGGCAAAGG,0.18903479676734
ACTTACCTTAATGGCAGTGATGG,0.200311160403704
GGGCCGAAGATATGCTCATGTGG,0.570335110246964
CAGACATTGACCTCACCAAGAGG,0.436930345356682
ATTGACCTCACCAAGAGGGCGGG,0.216218245043202
GTTCTCCCGCCCTCTTGGTGAGG,0.177043824980506
GGGAGAACTCACTGAGGATGAGG,0.337153919024393
TGGTGATCACACGTTCCACCTGG,0.228551661971102
ACCAGTCTGGGATCTTGTACTGG,0.184849091438186
GTCTGTTCAAGAACCAGTCTGGG,0.253258370435051
CTGGTTCTTGAACAGACAGAAGG,0.251770094572982
TGAATCCAGGTCCTAGCCAATGG,0.523116301469534
GAGCTTGTTGTCCAGACCATTGG,0.17141072153223
CAACAAGCTCCGTGAAGACCTGG,0.291372602409973
TCAGTCGCTCCAGGTCTTCACGG,0.214938370435052
TGTGCTGGCCTCGGACACGAAGG,0.509712915889597
ACCAAGACCACTGGCCGCCGTGG,0.184972978585522
GGTGCGGCCACGGCGGCCAGTGG,0.232499248177998
CCAGCTGTGGCTACAACATAGGG,0.227121944102763
GCGGACTCAGGCTCCAGCTGTGG,0.504654984855114
ACACCAGAGTCTCCGTGCAGCGG,0.258674295199942
CTCTGGTGTGGGTCTTGACGAGG,0.46058953030966
GTGGTCAGTGAACTCCTGATAGG,0.165785141594926
TGAATACAGTCTCCTTCCAGAGG,0.437524577331603
ACAGTCTCCTTCCAGAGGTCGGG,0.222125078899001
GTAGCTGTAGGTCTTAGAAATGG,0.42389611338176
TGACTGCTACACCTCAGCCCGGG,0.535291599275177
ACGCCTCATCCCTGCACCCAGGG,0.240253730936619
GTACCAGCACAGAGCCGCAGCGG,0.295549655701509
CTACCTTGCAAGGGACAGTGTGG,0.253709154134111
GGAGAGCTTGGCCAGGATGATGG,0.375924953507152
TGTTAAGTGCTCCAAGGAGGTGG,0.225079937833171
TCTGGGTGTTAAGTGCTCCAAGG,0.443987900215616
ACTTAACACCCAGACCGACGTGG,0.237447837519691
TACAATGGCCACGTCGGTCTGGG,0.272567085168594
ACAGCCGGGTACCTTGAACCTGG,0.468762571062011
GTGCAGAAGCAGACCCGTGCCGG,0.431497367300255
CATGAAGATCAAGTCCCTGGAGG,0.462638433130976
CAAGTTGGGCCGCTTGGTCAAGG,0.258270533444456
CCTTGCCTCCGCGAGCTCCGCGG,0.413517680779879
AGGTTTCGGCAGTGGCATCCGGG,0.166619498961697
TGCCACTGCCGAAACCTCCGCGG,0.357361066359816
GGCCCTGGTGGCCCTGGGATGGG,0.259625016203077
GCAGAACCCATGGATACAGAGGG,0.337611348491478
ATCTACAGATGCAGAACCCATGG,0.20601335476107
GTTGACTTAAGCATCTGCAATGG,0.222511787362951
GTGACTTCCACCTCAACTCCTGG,0.213984263851979
TATTGAGCCAGGAGTTGAGGTGG,0.242658370435052
TGGTGAAGGTTCTAAGACGTGGG,0.516468903350412
GTCTTAGAACCTTCACCACAAGG,0.179982257582387
CCGATTTACTTTACCTTGGTAGG,0.265678809306525
GTGTGTGCTGACTTGATAAGAGG,0.241221254447591
AACACCCGTGGAGCCGGAGGTGG,0.194281944102763
CTGTGCCCGATGCGTGCCCAAGG,0.214372477018124
TAGTGGAGGCCGCAGCAGTCAGG,0.399677680779879
AGAAATGTCCCTGACTGCTGCGG,0.250384514635678
TCTGAAGCGAGCGTCTTCGATGG,0.293713041281446
ATACAGCTTGGGAAGCACATAGG,0.236952539714048
TGTAGCTTCACATACAGCTTGGG,0.325419749745396
AAGAACTCAGCTCCTTACATGGG,0.287959937833171
CCTTCATCCCTCTCCAGAAGAGG,0.44605887200245
GAAACACAAGAAGAAACGCCTGG,0.22621598798991
GCATTTCACATCCATGAAGTAGG,0.271399561657622
TTCATGGATGTGAAATGCCCAGG,0.469321944102763
TTGTGCATGGCTAAAGACCGTGG,0.4862853296827
TGTAGGCTGGCAGAGGACAGTGG,0.277651599275177
GTCCTCTGCCAGCCTACAGGAGG,0.482015862598061
TTAGTGCTGCTTCCTCCTGAAGG,0.301212727801823
AAAGGCCAAGATCCAGGATAAGG,0.281161818710914
GCTGGCAAGCAGCTGGAAGATGG,0.382401317143515
GTGCTTATTCTTCTTGGGAGTGG,0.389267273256368
GAATAAGCACAAGAGAAAGAAGG,0.282606708993045
CAGAAGGGCACTCTCGACGAAGG,0.278481944102763
GAGTGCCCTTCTGATGAATGTGG,0.388910282660757
CAGCACCACATTCATCAGAAGGG,0.277213103977371
CACTTTGACAGACATTATTGTGG,0.377661129055741
CGTCAGTACGCGAAGGATATCGG,0.172981881406838
GTGTTTCCGTCAGTACGCGAAGG,0.440878809306525
CGTACTGACGGAAACACTGGCGG,0.614407461344142
AACACTGGCGGCACATATTGAGG,0.326819875137246
GGTGGCTCCAGTACAGCTGCTGG,0.329733229369221
TGGGTCACCAGCAGCTGTACTGG,0.293517179212481
ACTCGGGAGCTGGCTGAAGATGG,0.286949154134111
AGGTGCGAGTTACACCAACCAGG,0.219402320278312
ATGTTCTTGGTGAGAAGGGCCGG,0.176539498961697
CAGTCAGTTCCCGAATCCGCCGG,0.46497623877361
TGACTGCTGTAGTTCAGAAGAGG,0.537315047551039
GCTGTAGTTCAGAAGAGGTTTGG,0.227223762284581
GAAGAGGTTTGGCTTTCCAGAGG,0.32232018861687
AATGGCACACAGACCTCTAGTGG,0.263061881406838
AGGTCTGTGTGCCATTGCCCAGG,0.405330094572982
CAGAGACTCTGCCTGGGCAATGG,0.372358307739127
GTAACGCAGAGACTCTGCCTGGG,0.156457367300255
TCTCTGCGTTACAAACTCCTAGG,0.245142382974236
TCCTAGGAGGGCTTGCTGTGCGG,0.18351755538803
GGGCCTGCTATGGTGTGCTGCGG,0.327367335952293
GTGGTGTCTGGGAAACTCCGAGG,0.295714295199942
GATGGCCTGATGATCCACAGCGG,0.409162194886462
AGTTAACAGGGTCTCCGCTGTGG,0.180337994259503
TGTCAACGTAGTAGTTAACAGGG,0.276555799902136
AGGTGAAGATCATGCTGCCCTGG,0.198796803036932
ATCTTACCAGTTGGGTCCCAGGG,0.184477680779879
CTGACCAGCACCATGGCGGTTGG,0.26628269645386
CTTGTTCTTGCCAACCGCCATGG,0.277269154134111
AAGAACAAGCGCCTTACGAAAGG,0.189865141594926
ACGCTCGTCACCAGGACCCAAGG,0.219988777958562
AACTGCCTGACTAACTTCCATGG,0.275813730936619
CCTGACTAACTTCCATGGCATGG,0.342811223099628
CACGGGTAAGATCCATGCCATGG,0.351443448804957
GTTGATGTCAAGACTACCGATGG,0.387003198021258
CAGACGAAGCAAGTAACCATCGG,0.176419624353547
TCATCTTCTTCCGGATTTGGCGG,0.19832808830339
GATGGAAATCATGACCCGAGAGG,0.361921693319064
GACAAATGACTTGAAAGAAGTGG,0.244658370435051
CTCTCTCTTCAGCAATGGTGAGG,0.398894232504017
GTTCACGTGAAAGATGCCAATGG,0.430646959776744
GTGTGATCACCAACAGAGAGAGG,0.362804075764205
GTGACTGGAGGTGCTAACCTAGG,0.228558683914675
GGTAACCTGTGTATGGTGACTGG,0.263932351626274
GATTTCATCAAGTTCGACACTGG,0.2081653296827
GCATCATGAGTCACCAGATGAGG,0.376541129055741
ATGTACAGCAAAGCGACCCTTGG,0.388127085168594
CGTCTGATCTATGACACCAAGGG,0.363049969181133
GTCATCAGCATTGACAAGACGGG,0.467963699588657
ACCCATGAATCCAGCAGGGTAGG,0.281627147864519
TAAAGAAGATTTGCATGCAGCGG,0.209859373569848
GGAGACACTCTCTCAACTTGTGG,0.242941630623139
CAGGCTCCTCGTCCATCCACCGG,0.230400940967967
TAAGATACTTACAAACACACCGG,0.246185266986776
GGGTGGCAGCTCCAAAGCATTGG,0.388501630623139
CAAGAAGCATCTGAAGCGGGTGG,0.28397072153223
CCTGTCCCAGGATGACCGAGTGG,0.356270008818686
GGAGACAGCAGCACCAGCGGTGG,0.281706144729722
ACATCAAGCTCTTTGGGAAGTGG,0.168170596140381
GATCAATGACATTTCCCTGCAGG,0.242893730936619
GCATACCGCCCTGCACTGTGAGG,0.342756677645083
GCATCATCATGGAGTTAGTGAGG,0.160024640027528
GAGCAGGTGTATGATCTCGAAGG,0.235765831250098
CATACACCTGCTCACAGGCGAGG,0.191927085168594
CGTTCACCAGGACCTGCAGAGGG,0.334168339087089
AATGCGTGTGGAGTCCTCCCGGG,0.155254107112168
CGCCGGGACTGTGAGACGACAGG,0.199808464478939
GACTGTGAGACGACAGGCTGTGG,0.17798953030966
GCCATCTGGCTGCTGTGCACAGG,0.249345016203077
GCTGTGCACAGGCGCTCGTGAGG,0.275630408052606
AATGGTCTTAATGTTCCGGAAGG,0.263455361030663
ATCTGCCAGGCACTCAGCAATGG,0.313631661971102
GAAGGACGAGCTGGAGCGTGTGG,0.294816489557309
AGGGCTTTCTTACAACATACTGG,0.199876426861384
ACTGTAGTATCAGTCAGTCCAGG,0.165866520905271
TAAGGAGAGAAGGATATTCCTGG,0.261138245043202
TGTTACAGACCAAGGAGAACTGG,0.483194420591791
GGCATTCCTGTTACAGACCAAGG,0.316339498961697
GTCCGCCTGCTACTGAGTAAGGG,0.250443574196807
AAGCAGGGTGTCTTGACCCATGG,0.232105392378625
AGTGGTGGGAACGACAAACAAGG,0.211249467613735
ATGTGGTCCGAATCAGTGGTGGG,0.408604828115302
GAAGTTGCTGCTGACGCTCTGGG,0.216143386109033
AGCGTCAGCAGCAACTTCTGTGG,0.342817367300255
AATGAGTTTCTGGCAGCCAGTGG,0.322633041281446
GTTTCTGGCAGCCAGTGGCTGGG,0.178215235638813
AACATCTCCTTCCCAGCCACTGG,0.331380251312794
GTTCGAGTCCGGCATCTCCCAGG,0.342603950372356
GGAGATGAACTCGGACCTCAAGG,0.21984796291154
CGGACCTCAAGGCTCAGCTCAGG,0.484468276391164
GCTGAATATTACGGCAGCTAAGG,0.224094107112167
GCATGTCGTCTTTATCGCTCAGG,0.17786401306828
GAAGACCAAGTCCTCAAGGATGG,0.231374859463265
GGTCTTCCCAAGCGAAATTGTGG,0.1541253296827
CAAAGCACAGCAGAACAATGTGG,0.164617994259503
GCAGAACAATGTGGAACACAAGG,0.223240439400569
TGGTGTCTATAAGAAGCTCACGG,0.177380251312794
ACTCATACTTCCGCTTCTTGTGG,0.176933981720318
GCGCCCAGCTGCCAACACCAAGG,0.259828652566713
GCTCGCACCCACCTTGGTGTTGG,0.355825266986776
ACGGACTGTGTGGATGCGGCGGG,0.427054859463265
ACAAGAAATACCGTGCCCTGAGG,0.347382382974236
GCTGGTTCGTACCAAGACCCTGG,0.279449593005584
CACGATGCAATTCTTCACCAGGG,0.292161191751666
ACAGCACACCGTACCGACAGTGG,0.413150658836305
AGTGGGACTCGTACCACTGTCGG,0.348461003663892
CCAGCTTGGCTCCCTTCTTGCGG,0.168809969181133
GGAAGTAACACGCACCAGCTTGG,0.223934483287716
CCTGGAGGAGCAGTTCCAGCAGG,0.174175862598061
GCTTCAAGGCCGGGACAGTGTGG,0.430544389243829
TCTGCTCGGCCACACTGTCCCGG,0.368648966046337
TGTGCTAGAGGGCAAAGAGTTGG,0.225209467613735
AAGCGGAGCCAACATGCCAGTGG,0.252417241908406
GAGCCAACATGCCAGTGGCCCGG,0.153362194886462
CAAACCCAGCTCCGGGCCACTGG,0.205511912754801
TTTGCGACAAACCCAGCTCCGGG,0.276407085168594
ATTTCTCGAAGGGTCTCCGCGGG,0.263443072629409
CACCAGGCGAGTATGGGCTCCGG,0.18487203814665
TGGGCTCCGGAACAAACGTGAGG,0.431795925293986
CTGGAGGGTCAAATTTACCCTGG,0.282313793632544
TACCCTGGCCAAGATCCGCAAGG,0.165905392378625
AAGCGTCAGCAGTTCCCGGGCGG,0.282955172942888
CGCTTGATGAGAAGGACCCACGG,0.288248464478939
GACCCACGGCGTCTGTTCGAAGG,0.266030658836305
CACCTTCGAACAGACGCCGTGGG,0.181416991124707
TCCCAGGCAACGCCCTGCTGCGG,0.283681818710914
CTGCGGCGGCTGGTCCGCATTGG,0.18383467137549
GGATGAGGGCAAGATGAAGCTGG,0.233947273256368
GATGAAGCTGGATTACATCCTGG,0.170680564792418
GCTTGAAGACCTGGGTCTGCAGG,0.163966959776744
CAAGCCCAGCTTGAAGACCTGGG,0.167003824980506
CAGCACGCGAGCGTGGTGGATGG,0.191480314008719
GGCGGATCAGCACGCGAGCGTGG,0.233911661971102
GGTGGTACCTGATATGGCGCTGG,0.212185141594926
CCAGGCGGACAATGAAGGACGGG,0.227290219964832
GGAATCCAGGCGGACAATGAAGG,0.432860502096494
TGGCATTCTTCCTCTTCACGCGG,0.224294859463265
CTCGGCAGAAGCGAGACTTTGGG,0.180487482136522
GTGGATGAGTTTCCGCTTTGTGG,0.082464389243829
GTTTCCGCTTTGTGGCCACATGG,0.0300380569554277
ATGGCTTCCATATCCGGGTGCGG,0.193022278374766
TTGATGCGGATGACGTGGAAGGG,0.0603935428488447
AGGACAACATCTTGTTGATGCGG,0.0475838876764309
AGGCACCTCGCATGCCTGTTTGG,0.111744660819907
ATGCTCCTTGTTCTGCAGCTTGG,0.2501866670895
AGGGCCAAGTTCAAGTTTCCTGG,0.263071181196083
CTACATACCTTCTGGCGGCCAGG,0.317942779942164
AAATTCATCAGCATTGAACTTGG,0.0380641384601299
TTGTCCAGAGGGCCACGATTGGG,0.083835047551039
GGACAGGAAGTAGAATTTATTGG,0.145343532293261
ATACAAAGACATAGGTGGACAGG,0.0351341071121676
TGTAGATACAAAGACATAGGTGG,0.132085601258779
CTTTGTATCTACATTCTTGACGG,0.06056545507455
GAACTTCCTCTGGGAACCTTTGG,0.120331620067556
AATGACCCAAAGGTTCCCAGAGG,0.0882302826607569
GTGAAAGGGCAATGACCCAAAGG,0.0559823829742365
TGCCCTTTCACTTCAGAAACAGG,0.160247482136521
ACAACTCAGCCCTGCTCATGAGG,0.157668046399844
CCTCCTCTCTCGAAGGTTCCTGG,0.141809237622415
CGAGAAGCGCTTGTCCTTCTGGG,0.187268171791694
CTGTGACGAGGCTAAGGCCGTGG,0.167294002512697
CTTCATTTGGAACTTGATTGTGG,0.0362141071121676
CTCCTCCCAGGTGTTATGTCTGG,0.177384159252509
TCACCTGGCTGTCAACTTCTTGG,0.105846479001725
CATGGTGCTCTTGATATATAAGG,0.0517258312500986
ATTCAAATGTGCCTTAATATAGG,0.0857936682406942
CTGTCAGATCCTTTGGCATCCGG,0.138136761133387
GGCCAAGGCAGAAGAAATCTTGG,0.0371586839146754
AATCTTGGAGAAGGGTCTAAAGG,0.033357179212481
CGGGAATTTATTTGCCAGGAAGG,0.0419309723159293
GCTCTTACCAGAGAGTTCTCTGG,0.167319206274453
TTCTGTTTCTTTCTGTCTCTTGG,0.178512560506428
CCTTGAGGGCTTTGATGATCAGG,0.14767193354718
CAAGACCATGCCATTCCGGCTGG,0.16111444138417
CTGCCAGTCCTTGTGGAAGTGGG,0.139867544832446
CGCGCCGCTGCCAGTCCTTGTGG,0.127699018186678
TGCGGATCTTACGGGCCGGCTGG,0.0662184958269011
GCGGCGCGCCTTGGCTTGCCGGG,0.0613438876764309
CAGCGCACGATGGGCCGGATGGG,0.0308768030369324
GTGGACTTGTTCCGCCTCCTCGG,0.171550930412384
CCCTGCAGGCCAACGTGCAGCGG,0.107660272105174
CATGACCGGTCCGGTCAGCTGGG,0.109429801885738
AGCCTTCGCTAGTCTCCGTATGG,0.0430352983347381
AGCCAAGGAAGCCGCAGAACAGG,0.0575581823472773
AGGCCATCTCCTGGGCCGCCTGG,0.130685601258779
GGCGGCCATCGTGGCTAAACAGG,0.149337011917086
TGTGAAGGCATCAACATTTCTGG,0.0814319127548008
CAGAGCGGCCTGGCCTCGCTTGG,0.338188171791694
CACCTTGAGACGGTCCAGAGCGG,0.312546040130252
CGCACGACCTTGAGGGCAGCAGG,0.185834692167869
CTGGGACTCACCTTTCTTGTAGG,0.293591431979782
TCCAGCCAACCTCGTGAGCCAGG,0.291173500945299
CTTATTCTTGGCAGAGGCTACGG,0.128299268970377
TTGGCAGAGGCTACGGAAACAGG,0.109764974299531
TTTCTTCTCCACGTTCTTCTCGG,0.110587670224296
GCGCTTCGTGGAGGTTGGCCGGG,0.271798328531506
TAGATGTTATTGATCAGAACAGG,0.117708924142791
AGAAGTATGTCCGACAAGCCTGG,0.0471568030369324
TTCTCTGGCTTCAATCTTCTTGG,0.0811312230996284
TGGGCAGGAACCTTCTGGGCTGG,0.0308426964538604
CTTTCTGGGCAGGAACCTTCTGG,0.0365075240400672
TTTCTGGCCTGTGGCTTTCTGGG,0.241360836368496
AGGCGCTGCTTTCTGGCCTGTGG,0.106505914738402
TTGGAGCAGGCGCTGCTTTCTGG,0.116109425710189
GCACCTGCTCCAAAGGCATCTGG,0.189124723515832
GCTTTCTTGCCAGATGCCTTTGG,0.14279193354718
TTGCCGTAAGTTGCACCCTTAGG,0.0557348594632647
GGCTTCGAGCAAACTTTAGCTGG,0.153878453923355
TTCCTATTCTAGGAGCGAGCTGG,0.0300013171435155
GATTTCTTCTGATAGCTTTATGG,0.165017638876333
TTGGTGATCCACTGGGTGTCAGG,0.129951181196083
CACGCATCTCCCTGTGCTTGTGG,0.115526228218026
GGCCGAAAGAGCCGTGGCCTTGG,0.187056761133387
TGTGGCCCTTTCCAAGGCCACGG,0.195308422575393
GTGGCTCTCGCCGGGCAGCTTGG,0.137660021321475
AGTGAGAGTGAGACTCCATCTGG,0.171975131039343
GAGTCTCACTCTCACTCAGGTGG,0.129475946086365
TCAGTTTCTTCTGGGATATCTGG,0.0676704080526064
TTCTGGGCAACCTCCTCTTCTGG,0.203331243892007
GCAACCTCCTCTTCTGGTTTAGG,0.324302905334014
TCTTAGGTGCTTTGTTCACTTGG,0.0497396243535469
TTTCTTTCAGGCCAAGCAATGGG,0.0306867089930453
CCACCATTGTAACGTCGGAATGG,0.121883720381036
CAATCTTCGTGTTCACTTTAAGG,0.136467419440597
TTTCTAGCATGCAAATCAAGAGG,0.232489363014264
ACGCTCGAACTTCCGGCCCTTGG,0.0334613798394403
GGACAGTGCCACAGCCCTTAGGG,0.136019895929625
GATCCTCACTTTCGACCAGCTGG,0.150254253296396
CTGCCCTGAGGATGCGGCTGCGG,0.0373097810933587
TGCACTGCGCGTGACCAGCCGGG,0.226634190600471
CCGCCAGCTCACCTTCAGTTTGG,0.0690450788990014
AACTGATGATGTGCGGGTTCAGG,0.222937513484484
AACCCGCACATCATCAGTTATGG,0.168551181196083
ATCCGGAAGATGAAGCTTCCTGG,0.218401212544045
GGCCGCCTCTGTCCCTTTCCCGG,0.219868798750942
TGTTTATGAGTCGCACCAACCGG,0.0289140444162428
GAATGTGGAGTTGGTTCTTCTGG,0.0536114738833275
TGGCCAGAAACCTGTATAACTGG,0.151353689033073
TCCCGTCCCTCCAGTTATACAGG,0.114817137308935
CGCCATGAAGGCCTCGGGCACGG,0.185154315992321
CAGACCGAGACATGGGTGCCCGG,0.141526479001725
GTGGGCTCGGGCGCGGTGCCGGG,0.143999707841851
CTCCACCTTCATGATCTGAATGG,0.181624159252509
TCGCGGCCAGCAAGTGCCGCCGG,0.291103281509562
AGCCGGCCGGCGGCACTTGCTGG,0.122308798750942
GAGGCCCAACACCTTCTTCTAGG,0.162911306587932
CCTCCGCTGTGGCAAGAAGAAGG,0.118128109095769
CTTTCCCAGGTCAGCAGATCCGG,0.0342084644789387
ATCCGGAAGCTCATCAAAGATGG,0.243552309722728
AGCCTGTGACGGTCCATTCCCGG,0.1306932501616
AAACACCTTGGCCCGCCGGAAGG,0.223156071478214
CCTGCCCTTCCGGCGGGCCAAGG,0.195898265835581
TGTGACCTTCTCTGGCATTCGGG,0.258222403766616
CTCATCCATGTGACCTTCTCTGG,0.118545413171004
TTACGCCAGGAGCTTCTTGCGGG,0.142109927277587
CCTGACCAGTGACCAGGCTGAGG,0.0581497810933588
GCGGGCCTCAGCCTGGTCACTGG,0.0816943578958666
ACGGCGCTTGCGTGCTTCCTTGG,0.116780272105174
GCGCCGTGAAGAGCGCCTCCAGG,0.0281768657328572
CTTGATGATCTCCTCCTTCTTGG,0.32049600878229
CACGTTTCAGGAAGCTATCTCGG,0.0599433861090328
TGCCAGCATTGGATGCAATCCGG,0.349462403766616
AATGCAGGTTCTGCCATTACAGG,0.178436949221161
CCGGAAGACCCAAGGAAATCCGG,0.166644221948434
ACACCTTCCTTCTTCGCTTTCGG,0.0897995616576221
GCGCTCTTCCGAGGATATTTGGG,0.229198955490754
GATAGCATAGTGGTCAAGCCTGG,0.184075820694515
CTGTTTAATCTGGTGCTTGTTGG,0.167444974299531
TCTTCACAGCCTGTTTAATCTGG,0.18023732539671
TTATTCCTGCATCTTCTCAATGG,0.171632811290127
AGAAACCATTGAGAAGATGCAGG,0.064898245043202
CAAATCTCGCCAAGTAGGAAAGG,0.111952811290127
GAGATTTGGCTTTCCGTTCGAGG,0.161160710976647
GCAAAGTAGTCCAGGTTTACAGG,0.154583156117713
CACTATAAAGGTCAGCAAATTGG,0.113657262700785
CCTGAACTTCATCATCCTTTCGG,0.0290574926921049
GGCCACGTGAGCCACGGCCACGG,0.0415209409679669
TACCTATGCGGCCGTGGCCGTGG,0.236027544832446
CCAGCATTACCGCGGCCGCCGGG,0.299279707841851
ACTATTTGTCGAAGTTGATCCGG,0.19740785831207
CCTAGCCACCCAGGCTACTTTGG,0.15935995862555
CTGTCAACCTTGACAAATTGTGG,0.13276259185439
CTAGGGCTACTACAAAGTTCTGG,0.100040460192948
TCACGATGACAGGCTGCTTTGGG,0.134780146713324
AGCTCTTCTGCTGAAGAATTTGG,0.168442090286992
GAAGCGGCCATGGCCAAACTTGG,0.0821415052312898
GGACCTGCCTCACCTTGCGGAGG,0.153215005647493
GAGGGTGAGCACCCGCTTCTTGG,0.224442717246239
AATGACTTTGTCATGCTGAAAGG,0.146997576180409
TCAGCTTGCCGTCCTTGATAAGG,0.17569600878229
CAGGGCTACCTTATCAAGGACGG,0.0352895930055845
CAGATTTATAAGATTGGCCAGGG,0.259473187465675
TGCGCAAGGTGGCCTGTATTGGG,0.232314065208622
AGGCCACCTTGCGCAGGCCTCGG,0.153107670224296
CTTCTTGGTGTGCCAACGACTGG,0.18334390846881
ATGAGATGATCGACGTCATCGGG,0.143215131039343
GCGGGCCCAGTCCAGCTTCTCGG,0.139079080882603
CCACAGTGCCTCCGTTCACCTGG,0.202928109095769
AAGGCATAAATCTAAGAAGAAGG,0.119093500945299
CTCAGCAAAGACAGTCTTGAAGG,0.201914692167869
GAAGCCGAGGGACCCATGTCTGG,0.120048485271318
CAGACAAGGCAAAGCGAAATTGG,0.116888861446866
CTCACTCACCGTCTTCTTTGCGG,0.139151431979782
CGTGGAAAGAGCTGCCCAACTGG,0.146286479001725
CTCTTTCCACGATGGCTTTGCGG,0.182476322261913
CTTCCAGCTCCTTGACGTTGTGG,0.124391431979782
GCTCCTTGACGTTGTGGACCAGG,0.0754064582093462
ACATGCTGCCCAGTGGCTTCCGG,0.0565210663598165
AACCCTGTTGTCAATGCCTCTGG,0.102449739189813
CTGGTGCCGGATGAACTTCTTGG,0.0659866462971205
TGGTGCTTTCCCAACCTTCTTGG,0.0403413798394403
AAACAAAGAAACATGTCAGCAGG,0.123542278374766
ACGAACACATTTAGCACACATGG,0.12631456677602
GCTGCTGCTTCTTGGTCTTCAGG,0.0509234488049575
CGCATGGCACGTGTCTTCTTAGG,0.228014504080095
CACGTGTCTTCTTAGGCCGCAGG,0.108048485271318
TCTTCTTAGGCCGCAGGTCCAGG,0.216666917873199
AACTGTGAGAACACGGGCAATGG,0.0457851415949262
GAACACGGGCAATGGATTTCCGG,0.0278122262344246
CACTTACATCTTAGAGAGCTTGG,0.130098265835581
GGCCGCACCGCCTGTCACTTTGG,0.0865845146356785
TCACTTTGGCGACGCGCAGCTGG,0.177983406901412
GCTGGGACAGCTCCACCTTCAGG,0.30559180815533
GTGGCCCTTGTTGAGGCCCACGG,0.154321588719594
TCACGTTCTTGGTCACTTTGTGG,0.164582403766616
CCTGGGCTTGCTCACGTTCTTGG,0.166935005647493
CCGCACGAACTTGGTGTGTTTGG,0.135851369283857
TTTGAGGGCCCGTTTGTCCTTGG,0.16526917492649
TCGCACTTCCTCATGGGAGTCGG,0.0639462701215719
ATATACTTCCGTTTGCCTCGCGG,0.1077866670895
GAAAGAAACCGCGAGGCAAACGG,0.199088861446866
CATGCTTGCGTGAGCGCTATCGG,0.175192184330879
CTTGTACTGTGTCACTTTATGGG,0.0402379315635782
CTGTCATAACGCCGCTTTCCTGG,0.16411444138417
TATCCTTACGGCAATTAACTGGG,0.217511306587932
ATCCTCTTGGATCTGCAGTTAGG,0.103705036995456
TTGTGGTCTTAGCCTTCTTCCGG,0.110392936681976
GATCATAGCGCCTCCTTCCCTGG,0.118329989973512
CTTTGTATGCCCAGGGAAGGAGG,0.311082090286992
CCCGACTTTCTTGGTACGTTTGG,0.161868171791694
CCCTCTAGGTTTGGCAGTGAAGG,0.131528359879468
AATTTAAGAGTTTATGCAGCAGG,0.19095720000486
CTCCACTCACATTCCTGGCCTGG,0.271033312857525
ATTCCTGGCCTGGCGAAGAATGG,0.150172623202352
CCTGGCGAAGAATGGTGTTCCGG,0.0344499691811331
CGAAGGGCTCTTTGGATCTCTGG,0.261549551102039
TGTATTAATCATCTTGTGCATGG,0.0336346713754904
TAGATGAATTGTACGGCACTTGG,0.053693981720318
TTTGGACTGAAAGTGCTTTCCGG,0.138920334801098
TCCTCATTATAGATGATGCACGG,0.0401367403410077
ACTTTATCTTCAACTACCAAAGG,0.0859221948864622
TTTGTTAGGTCATCGTATTGAGG,0.0883491541341111
CTGGTAGGGCTGAGGCAGCCAGG,0.198425789346553
TCTACGATGCCAACGGCGCCAGG,0.136030178061286
TCAGACTAGTGCTGAGTCTTGGG,0.0543288406544873
TGAACAAAGTTCACAATATCTGG,0.103402215678841
CACTTTGCCTGCTGTATTCAAGG,0.0297966776450829
TGTTAAAGTTGTTAAGAATAAGG,0.161580648280722
ATATTGTACTGGCCTGCTGCTGG,0.23262917492649
CTGGCCTGCTGCTGGCCCGCAGG,0.0565413798394403
TGGCCTGCTGCTGGCCCGCAGGG,0.0304763014695343
GAAAGCATTGATGGTCAGCCAGG,0.174696510349688
GCATGTAATCTGCAACATTCTGG,0.104997074613011
TGTCGAAGATCTCACCTTCCTGG,0.0414492168300359
GATCTCACCTTCCTGGTGTCTGG,0.105454504080095
AAGTGGCAATGACAAATTTCTGG,0.131000961760346
TTCTGGTGTGTTCTTCGTAGAGG,0.310638579315205
AGCCACTAGCCAGCTGCTTCAGG,0.130297262700785
TCCAGTGAGGATGATCAGAATGG,0.0795968030369325
TTTCTCACGTGCTGACTGAAGGG,0.0996795824500012
TCTTCAGTAGGATAATATCTAGG,0.191185789346553
TTCTAATAAGCCTGTTGATCTGG,0.0295973046043306
GCTTTGATTGCTCGATCTCTTGG,0.210177513484484
TTCATTTACTGACTTCAGATTGG,0.0882015679272146
AGGCTTCGATTAACATGCTGAGG,0.151564723515832
AGTGAGCCCAAAGGTTCGAAAGG,0.118694253296396
TCTGATGACAAACGCCAATTTGG,0.281451745459406
TTTCTTTCTGCCCAGCCGAAAGG,0.13546127523997
CCGCTGCAACCTGATATAGCGGG,0.0679858939460233
TTTCAGCCGCTTATAGAGGATGG,0.415281964895142
TGTTTGGCGGTCCAGGGCCTGGG,0.088792915889597
CCTCACCTGTTTGGCGGTCCAGG,0.246427921007995
AGCTTAAGCAGCTGAGTAGCTGG,0.124836322261913
TTCTTCTCTTGCTTTGTCTCTGG,0.182933626337148
AGAAGCAGAGACTGTTGGCCCGG,0.149149425710189
TTTGCCAGCAGCCTTCTTCTCGG,0.173071431979782
TATCAAGGGAAAGGCAAGACTGG,0.123692372418653
CAAAGGCGCTTTGGCTAAGCTGG,0.116900272105174
CTAAGCTGGTGGAAGCTATCAGG,0.0342311604037036
ATCGTATCTGTCATTGTAATTGG,0.0298493422218854
CTCATTGCTGCCCGCCGGACTGG,0.0726394362657726
AGACCCACTTTGCGGCCAGCAGG,0.214633438249374
TCAAGATGGGTTTGTCAATTCGG,0.0760024456701613
CTCACCAACCACAGCTCTGTTGG,0.155842341070691
GGCTGAGGAGATAACCTTCTTGG,0.0532499691811331
AGCCGGAGGGCAGCTTCACACGG,0.0649794989616973
CAGCTTCACACGGGTCTTCTTGG,0.0277828845416346
ACACGGGTCTTCTTGGTCTCAGG,0.143671306587932
CTCAGGGTTGTGGGAGATAACGG,0.14898114984812
GCCAGCTTGCCACGGTCTCCAGG,0.0690256431623243
TGCTGCCTGGAGGAGAAGCCTGG,0.168725726650628
GCACATTGCCAATGTTGAGCTGG,0.11124259185439
TTTGTGTATTGCGGCAAGAAGGG,0.313462654550315
TGCCGCCGAGGGCATTCACACGG,0.0300258939460234
TCTTAAACCGATACGGATCCCGG,0.212115695302666
CCTCGCCAAGGTGGTCTTCCGGG,0.309669425710189
ATCATCCACGACCCGGGCCGCGG,0.191726479001725
ATTGAGCTTGTTTCAAATTCAGG,0.135875820694515
AAGGATTAATTCATCTTTCTGGG,0.247786165522101
CTCCTGGATAACAACGTTGATGG,0.0849151729428885
AATGTAGAACTCAGCCTTCTTGG,0.0720789346983745
CTCTTACAGAGAGGCGGATTTGG,0.0618294049178102
GATACTCACAAACTGGAATTCGG,0.249103532293261
CCCAGCCTCGGCTTTCTTGTCGG,0.203178892794829
ACTGGCAGGCCTCGGCCTAAAGG,0.142450742324609
GGCCGAGGCCTGCCAGTCTCTGG,0.116073814424923
CGGCTACGGCGTAGGGTGGCAGG,0.0589682136952396
ACTGTTCCTTCACGTAGCCTCGG,0.171008986838716
ATGGCAATCCGGTTCTTCTTAGG,0.118747419440597
CGGGAAGATGGCGGACATTCAGG,0.196382152982917
AAACAAGAAGAGGGTCCTGCTGG,0.158833814424923
AGGGTCCTGCTGGGAGAAACTGG,0.237650366149061
CGATGTTCTTGTAGTACCGCGGG,0.138866416305801
ACTGGTAATGTGTCCATTCGAGG,0.119860773672572
CTCCACAGGGACGTCCAGATCGG,0.0745504080526064
CTGTGACGATGTCACCGATCTGG,0.0731802513127945
CTTCTTGGTGCCGGCAGCCTTGG,0.168887356744672
GTAACCCACCGCCATGGCCGAGG,0.167736886525236
CCACCGCCATGGCCGAGGAAGGG,0.162207105960973
GGCTCACCCTTCCTCGGCCATGG,0.083592915889597
CATTGCTGCTGGAGGTGTAATGG,0.141509425710189
CTTCGCGAATTCCACGTGCTAGG,0.242395695302666
GATTTGGTGTTCAGCACAAAGGG,0.069740376704644
TTACCTTAATTAGGTTGATTTGG,0.077891850058876
TTAGCAGCCTTACCTTAATTAGG,0.0788171165165563
TTGCAGTTGTGTAGTAGTTAAGG,0.181493751728998
ACAGACAAATTTATGCGACCAGG,0.262004598123982
TCTTATAATATCGAGCCAAACGG,0.187809112230565
ATCGAGCCAAACGGTGAATCCGG,0.137198203139656
ATTAAATGGTAGAGATCTTCAGG,0.204733500945299
TTAAGAATTCTTAAGTCTAAGGG,0.167444598123982
CACCGATCTGTGAAGGAGTAAGG,0.121097638876333
TGAAGGAGTAAGGCCCTTCTTGG,0.03064545507455
ATTTACAAACTGGCCAAGAAGGG,0.112950428844985
TCTTCATACCCGAGCGGGCAAGG,0.0485638249805061
CCTCAGAGCCCTTGCCCGCTCGG,0.0607685898707882
CAAGGGCTCTGAGGGCCGACTGG,0.0438840757642052
TACCCAGCTCCTTGCACCTCTGG,0.0561141698080923
TGCTGCTATGTTGGCTGCCCAGG,0.174399080882603
GCTGAAGGAGAGAATGTATTTGG,0.0563450162030766
CGTGGACCTCGACCAGCTGCTGG,0.352415131039343
CAGCTGCATCAGCTGCTCGCTGG,0.14453312476975
GCGCCTGCGCAAGGCCAAGAAGG,0.168655131039343
CATGGGCGGCGCCTCCTTCTTGG,0.0503640757642052
AGGTGCGTCTTCACCACTTCCGG,0.147919080882603
CTTGATCTCCACCTGGTTGAAGG,0.0865036368927318
CTCCCGCAGCCCGAGATGATCGG,0.169246980569123
GCCGGGCCGGCCATGCTTTACGG,0.181268171791694
AAAGGCCAACTTACCCAAACTGG,0.283643469597336
TGCTTCCATCCCGCCAGTTTGGG,0.174884221948434
TTTGAGTTGCACGTCAAATCTGG,0.139145663954703
CCTTGTTTAGCCTGCCTGTGAGG,0.124566353609876
TCATTGATGACCACAGAGCTGGG,0.0413219441027631
GCAAACGCCAGGTGCTTATTAGG,0.136499770537775
TGGTAGCGAGCGCGGGCACCAGG,0.0862225083660861
GATGTCTTTGATCTCCTTCTTGG,0.0451608155761174
CCCATGCTCACTCACATTTCTGG,0.100820522888873
ATTTCTGGTAATAGGCCACCAGG,0.134176761133387
CCTGGGACTCACCATAAATCTGG,0.0866490914381864
GGTCACGTGGCCCAGATTTATGG,0.133067294048747
GACATCCGTGTCCGTGTAAAGGG,0.0774445773316033
CTCGGCAAGGAGCGATTTGCTGG,0.155601839503293
CTGCAGTCTGTGCAGGTCTTCGG,0.117337764268183
CGGCAGTCTGTCCAACCTTCAGG,0.0406240130682804
TTCAGCATTTCCTTAGTGTCAGG,0.0824650162030766
TTCCTTGTAGGTCTCAGCCTTGG,0.157645475866929
CTCCTCCTCCTGCAGCTTGATGG,0.0787051415949262
TATCTCCATCAAGCTGCAGGAGG,0.040735862598061
TTGATGGAGATACCTCTTACTGG,0.0541302199648321
CACGAACAAGCGCGTGTGCGAGG,0.0399927904977475
GACCCGGGCCGCCTTCTTCACGG,0.197343156117713
CCCTACTTCACTTACCTTAATGG,0.0288044519397538
AGTGAGTTCTCCCGCCCTCTTGG,0.174656259565989
TGGTCTTGGTGTGCTGGCCTCGG,0.0603161760776848
GGCCGCCGTGGCCGCACCGTGGG,0.187268171791694
ACACACCCACGGTGCGGCCACGG,0.112852121634954
TTTCTTCTTGGACACACCCACGG,0.180693375553449
AGTCTCCGTGCAGCGGACTCAGG,0.267299018186678
ATTCACCAAGTCTCCCTATCAGG,0.235778391227431
AATGGCATCAAAGGTGGCCTTGG,0.119522341070691
TGCCACCAGCCTACCTTGCAAGG,0.323307168656898
GATGGCGGTGGCCACCTCCTTGG,0.122404974299531
CGCAGGCATTTGTTGCTATCGGG,0.158202341070691
CGACCGACGCGTACCTTAATAGG,0.215891745459405
GACGCGTACCTTAATAGGCAGGG,0.0710332920651456
TGGATGCCCGTCACCAAGTTGGG,0.256594190600471
AGCTCGCGGAGGCAAGGCCGAGG,0.235593689033073
CACTTCTCAAAGTGTACTGCTGG,0.0521658312500986
CTGCTGGCCCTCTGTATCCATGG,0.0758695303096597
TTGTTAGGGTGATTCGAATTCGG,0.160090366149061
AATTGCCACCTCCGGCTCCACGG,0.0409979315635782
GAATAGGCTGCACGTGGCCGCGG,0.21792259185439
GCACAGTTAGTGCAGCGAATAGG,0.114329613797964
TTCTTAATGGCCTTGTCCTTGGG,0.0733885271748635
TCGAATGACGAATTTCTTAATGG,0.106596698437462
ATTCGTCATTCGAAACATAGTGG,0.127638579315205
ACTCACCGCAGGTCTAAATCGGG,0.186526479001725
CTCCTTACATGGGCTTTGGTGGG,0.0305511604037036
ACATCCATGAAGTAGGAATTGGG,0.316152560506427
TTCCTCCTGAAGGAACATCCTGG,0.180299519754076
CAGCAGAGACTGATCTTTGCTGG,0.185843469597337
GATCTTTGCTGGCAAGCAGCTGG,0.0382675240400673
GGCTCACCTTATAATATTTCAGG,0.107030303453136
TCATACAGTTACTTGTCTTCTGG,0.109395946086365
GAGATGGGTGTCACCTCCATAGG,0.0714508469240798
CACCTCCATAGGCAGTGCCAAGG,0.0372400632250202
GTCTTCCTTGGCACTGCCTATGG,0.0472632607171832
AGTGCCAAGGAAGACAGCTCAGG,0.12030127523997
ACATATTGAGGCCATATTTCCGG,0.228778391227431
CACGGTCTGATCCGGAAATATGG,0.0541013798394403
GAGGCTCACCTTCCTCTTCTTGG,0.118780522888873
TTGGATTAGTTTGTCGCTGATGG,0.112725977434327
AAATCATTATCTTAGCCACCAGG,0.202296510349688
CCCAGAACACAGAATGTTCTTGG,0.126457011917086
GTGAGAAGGGCCGGCGGATTCGG,0.0353979315635782
GGCTGCGAGGTTGTGGTGTCTGG,0.0642013171435155
CAGGCCATCCACAAACTTCATGG,0.118422779942164
ATGCTGCCCTGGGACCCAACTGG,0.213062152982916
TCCACAATGCTCACGTGGTCAGG,0.14309851661928
TGGGTTCCACAATGCTCACGTGG,0.102053375553449
TTTCTTATATTGAACATAGCAGG,0.0589179315635782
ATGTTCAATATAAGAAATATTGG,0.0437705961403807
TTTGTAGAAATTGCATCTGATGG,0.106729488406114
TTGCTTCGTCTGTTCTGTGTTGG,0.0325292168300359
ACCAACAGGTCCGCCAAATCCGG,0.0866242638519794
TTTGTCTCTCTCTTCAGCAATGG,0.165255632606741
CTGCCTAGGTAACCTGTGTATGG,0.0356734174569951
TGATACCATTCAGATTGATTTGG,0.289256510349688
CAAAGTGAGAAAGATCTTTGTGG,0.0844974926921048
TTCTTACCCATGAATCCAGCAGG,0.0817687152626378
AGCTCCAAAGCATTGGATGCTGG,0.244959331666302
TTAGTGAGGCGCTCCACAATGGG,0.0282258939460234
CCAGGCTCACCTGGTTCACACGG,0.194928861446866
TGCTGTCTTCCTAGGCCATCTGG,0.23487707461301
CAGCTCGTCCTTCTTCTTAATGG,0.215513312857525
GTCTCTTCGCAATTTGTTCCTGG,0.161479080882603
TAGACTAACCTTCATTCTCTTGG,0.132037450788559
TACGCCGCCGTTTGTGCTGCAGG,0.200742403766616
ATCTTGGGTGCTTTGGTCCTAGG,0.223843093421788
ACTACAGTGCCTCGCCGCCTGGG,0.0489196870494716
AAATCTGAGCGTTCTCAACTTGG,0.146257262700785
GTAGCAGGCGGACACGGCCATGG,0.145226917873199
TGTCGTTCCCACCACTGATTCGG,0.215207482136522
CGTCCACTTCAATGAGTTTCTGG,0.0434255177704747
CTCGTCCGGCTTCTCGCCATTGG,0.160897388092634
AAGCCGGACGAGTTCGAGTCCGG,0.102384284644359
TTTCTTTAGGAAATTGAAGTTGG,0.136124974299531
TTCTGGAAAGATTTCAGTTGAGG,0.0419784958269011
ATTCGCGTACTAGCCGGACTTGG,0.116296259565989
TCTCCAATTCGCGTACTAGCCGG,0.10456522508323
CGATGCCATCCTTGAGGACTTGG,0.212040961760346
TTGTTTACAATTGAAACTCTGGG,0.208543657685111
TTCCACATGCAGGCATCTCTCGG,0.0429517873629513
TACTTCCGCTTCTTGTGGTAGGG,0.0879777434758039
GCAATTCTTCACCAGGGTCTTGG,0.23104259185439
AAGAGTTGGAGTTCTATCTTAGG,0.185641087152195
TCGAGACGAGATTTCTCGAAGGG,0.169409989973512
GACCAAGAGCTGAAGCTGATCGG,0.31915180815533
CCAAGATCCGCAAGGCCGCCCGG,0.0545413798394403
GCAGTTCCCGGGCGGCCTTGCGG,0.200919080882603
CAACGCCCTGCTGCGGCGGCTGG,0.287346165522101
CTAAGAAATCCTCTATCTTCAGG,0.209103156117713
TGATCCGCCAGCGCCATATCAGG,0.0615080256074654
ATCCGAGGTGGTACCTGATATGG,0.181219394362227
TCTCTCTGCGCTCTCCCTACGGG,0.0459645773316033
